RIndependent Gonzalez BaselineGreedy Bottleneck Dynamic FullyDynamic
91 175 95 70 147 100
87 120 99 83 147 99
86 173 97 69 147 97
88 120 97 79 147 97
75 382 97 80 147 97
83 115 93 91 231 97
81 123 97 74 211 95
70 119 95 75 205 94
69 318 99 83 147 91
78 132 91 80 147 91
92 246 99 84 147 91
63 150 80 73 147 91
63 293 91 68 147 91
62 83 79 71 147 91
66 115 76 70 147 91
81 121 99 65 147 91
63 119 85 71 147 91
63 152 91 60 147 91
85 232 86 61 147 91
65 132 86 55 147 91
67 138 92 70 147 92
58 390 85 82 147 89
62 238 73 56 147 89
66 310 85 63 147 89
69 114 54 63 149 76
76 112 79 59 149 76
56 182 76 56 149 76
57 95 76 69 149 76
65 138 79 60 149 76
60 119 79 56 149 76
57 150 77 56 149 76
53 114 55 63 147 75
62 220 75 70 147 75
56 114 50 52 147 75
55 119 69 60 147 69
51 68 84 53 147 67
60 91 67 53 147 67
49 334 52 58 147 63
58 79 52 66 147 63
61 387 52 49 147 63
61 119 52 53 147 63
54 86 51 59 147 63
61 136 63 58 147 63
53 102 63 52 147 63
50 194 63 56 147 63
69 124 63 52 147 63
48 194 74 50 147 54
49 91 52 47 147 54
50 158 50 47 147 50
55 108 58 53 147 48
48 117 51 59 147 48
51 81 49 50 147 48
52 250 49 51 147 48
48 383 50 47 147 48
45 243 59 46 147 48
53 121 49 47 147 48
53 119 49 50 147 48
44 187 48 49 147 48
53 85 49 45 147 48
48 202 49 52 147 46
43 86 49 45 147 46
50 81 48 45 147 49
45 202 50 47 147 49
51 106 48 51 147 49
48 136 48 45 147 52
49 121 44 45 147 48
47 93 44 50 147 48
45 97 40 43 147 48
41 312 48 45 147 48
40 109 37 38 147 48
41 147 37 43 147 48
41 147 37 45 147 47
43 202 35 38 147 44
38 115 34 33 172 38
34 103 34 40 162 37
35 124 34 35 162 37
37 66 43 35 162 37
41 121 35 35 147 35
32 216 35 34 147 35
29 89 31 33 147 36
31 216 31 32 147 36
25 81 31 30 147 35
31 202 35 29 147 35
31 119 36 35 147 35
27 81 23 23 147 35
24 69 36 24 147 35
19 131 24 20 138 36
24 128 21 23 138 36
20 127 31 20 138 36
21 61 30 19 138 36
25 115 22 23 125 36
21 97 35 22 107 35
23 96 21 20 107 35
19 49 25 28 100 35
25 80 35 19 89 35
23 57 27 22 66 32
24 54 32 21 66 32
26 56 23 23 66 32
24 47 20 19 66 32
25 42 29 27 66 32
20 53 22 21 66 32
22 47 28 21 66 31
23 54 23 19 66 31
21 51 22 25 66 31
24 55 25 24 66 31
21 54 24 20 66 31
20 53 22 20 66 31
23 56 30 23 66 31
20 56 25 25 66 31
20 50 20 24 66 31
20 35 18 20 66 31
22 57 22 19 66 31
22 51 22 23 66 31
27 46 25 21 66 31
21 51 32 20 66 31
23 51 22 23 66 31
24 52 21 25 66 31
23 46 20 25 66 31
23 26 20 25 66 31
23 53 26 21 66 31
21 57 26 19 66 31
21 56 27 19 66 31
22 55 28 19 66 31
21 47 32 23 66 31
24 46 20 21 66 31
21 55 23 22 66 31
21 56 20 22 66 31
21 53 30 19 66 31
20 54 32 19 66 31
20 56 28 22 66 31
24 53 30 23 66 31
24 52 19 21 66 29
22 54 30 23 66 29
19 55 20 25 66 29
24 51 24 19 66 29
23 52 20 20 66 27
25 52 27 21 66 27
20 42 21 26 66 27
18 55 29 20 66 27
18 27 19 23 66 27
23 53 19 23 66 27
21 54 26 18 66 27
21 56 27 21 66 27
20 50 23 21 66 27
21 52 26 23 66 27
19 53 31 21 66 27
20 42 19 23 66 27
20 55 17 19 66 27
24 54 16 19 66 27
19 53 17 23 66 27
17 33 25 20 66 27
20 23 17 22 66 27
21 51 20 22 66 27
20 37 26 20 66 27
18 33 18 25 66 27
20 57 20 21 66 27
19 58 20 19 66 27
22 42 20 22 66 27
24 34 17 20 66 27
24 53 26 22 66 27
22 53 29 21 66 27
20 51 18 18 66 27
20 54 18 23 66 27
18 55 27 21 66 31
23 55 19 22 66 31
22 53 19 23 66 31
16 20 17 20 66 31
19 54 18 24 66 31
19 50 26 22 66 31
20 21 29 29 66 31
21 55 31 19 66 31
21 53 23 22 66 31
20 54 28 21 66 31
20 51 31 25 66 31
20 55 16 20 66 31
21 56 31 22 66 31
21 54 19 21 66 31
21 54 26 22 66 31
20 20 24 16 66 25
19 55 21 22 66 25
20 55 19 17 66 25
21 54 22 16 66 25
19 51 19 16 66 25
15 54 20 20 66 25
21 54 20 17 66 25
18 54 19 20 66 25
19 51 18 16 66 25
20 51 22 21 66 25
24 53 17 16 66 25
17 53 18 17 66 25
21 54 20 18 66 25
17 20 22 22 66 25
17 51 15 21 66 25
21 53 17 16 66 25
15 55 18 16 66 25
17 54 20 14 66 25
16 54 17 16 66 25
24 36 20 14 66 25
17 53 17 21 66 25
22 20 17 16 66 25
16 55 15 19 66 25
19 20 16 18 66 25
15 42 22 19 66 25
18 54 22 14 66 25
13 54 14 14 66 25
18 58 25 19 64 25
21 54 15 15 62 25
16 20 17 22 62 24
20 54 19 19 62 24
16 55 18 18 62 24
18 50 19 15 62 24
18 54 20 14 62 24
19 55 15 21 62 24
14 54 22 15 62 24
15 53 17 15 62 24
18 20 24 17 62 24
16 55 24 17 62 24
15 54 17 15 62 23
17 54 18 15 62 23
17 21 17 17 62 23
15 21 23 14 62 23
17 51 17 17 62 23
18 54 20 21 62 23
17 55 18 18 62 23
17 54 17 15 62 23
14 55 19 18 62 23
19 54 25 18 62 23
17 53 12 14 62 20
12 57 16 15 62 20
13 42 17 14 62 20
15 51 21 14 62 20
15 54 13 17 62 20
16 56 13 15 62 20
13 54 18 17 62 20
20 56 15 14 62 20
19 20 18 18 62 20
12 36 14 13 62 20
15 55 16 15 62 20
12 53 20 11 62 20
13 18 12 17 62 20
15 53 12 16 62 20
13 22 12 15 62 20
13 20 16 16 62 20
13 51 18 17 62 20
14 42 16 15 62 20
14 19 13 11 62 20
16 53 13 16 62 20
13 54 16 17 62 20
15 51 12 17 62 20
13 20 12 12 62 19
15 53 16 13 62 18
15 16 16 15 62 18
14 20 11 11 62 18
16 15 14 13 62 18
15 53 14 17 62 18
12 18 12 15 62 18
15 18 17 14 62 18
10 54 17 13 62 18
12 54 18 17 62 18
11 51 13 17 62 18
15 52 10 14 62 18
13 17 11 11 62 18
15 17 10 14 62 18
15 55 13 13 62 18
13 54 12 12 62 18
10 54 11 15 62 18
14 53 12 13 62 16
11 54 16 12 62 16
12 53 11 13 62 16
10 51 14 11 62 15
12 55 10 15 62 15
12 54 12 12 62 15
13 54 14 13 62 15
12 53 12 15 62 15
11 18 15 13 62 15
11 53 14 14 62 15
11 54 12 11 62 15
12 51 11 12 62 15
11 54 11 11 62 15
12 51 12 13 62 15
10 54 15 11 62 15
11 54 12 14 62 15
11 42 12 11 62 15
12 54 15 15 62 15
11 51 11 13 62 15
12 54 13 11 62 15
11 16 15 11 62 15
12 53 10 11 62 15
14 51 13 15 62 15
12 17 12 11 62 15
13 55 11 12 62 15
11 53 12 15 62 15
11 54 12 12 62 15
12 54 15 11 62 15
11 50 11 13 62 15
12 51 11 13 62 15
12 53 14 20 62 15
11 18 11 11 62 15
11 51 14 13 62 15
12 54 11 10 62 15
15 51 12 15 62 15
13 53 11 15 62 15
12 54 14 11 62 15
13 19 11 12 62 15
13 54 12 12 62 15
12 53 10 13 62 15
11 54 12 12 62 15
11 54 11 10 62 15
11 54 11 12 62 15
11 17 14 11 62 15
12 18 12 11 62 15
11 54 13 11 62 15
12 54 11 13 62 15
11 18 10 13 62 15
11 18 11 11 62 15
10 54 14 11 62 15
11 54 11 11 62 15
11 42 13 13 62 15
12 18 13 13 55 15
11 51 13 13 55 15
10 54 10 13 55 15
12 54 11 11 55 15
11 54 11 13 55 15
13 42 13 11 55 15
11 54 10 11 55 15
12 51 11 11 55 15
11 54 10 13 55 15
14 16 13 11 55 15
11 51 12 11 55 15
10 18 11 9 55 15
11 54 12 11 55 15
12 54 14 11 55 15
11 54 11 10 55 14
9 54 12 9 55 14
11 53 13 11 55 14
11 53 13 13 55 14
12 54 11 11 55 14
10 53 12 11 55 14
10 51 10 9 55 14
11 14 11 11 55 14
9 54 10 9 55 14
10 51 11 12 55 14
11 54 10 11 55 14
11 54 10 11 55 14
8 54 12 11 55 14
12 53 10 11 55 14
13 54 10 10 55 14
10 16 14 9 55 14
10 52 11 13 55 14
9 54 13 11 55 14
11 54 10 10 55 14
11 54 11 9 55 14
10 53 11 9 55 14
11 54 11 12 55 14
10 54 14 10 55 14
8 52 14 9 55 14
10 36 14 10 55 14
9 50 10 11 55 14
10 54 8 10 55 14
12 16 8 13 19 14
11 17 8 11 19 14
9 17 10 11 19 14
11 17 9 13 19 14
12 17 11 11 19 14
10 16 14 11 19 14
11 19 10 13 19 14
9 15 11 9 19 14
13 18 10 12 19 14
11 18 11 10 19 14
12 18 10 11 19 14
10 16 11 9 19 14
11 16 11 11 19 14
11 14 10 10 19 14
10 18 14 11 19 14
11 18 10 11 19 14
10 16 14 11 19 14
11 18 14 11 19 14
11 19 11 11 19 14
11 18 8 11 19 14
10 16 10 11 19 14
11 17 10 13 19 14
11 18 10 11 19 14
10 16 9 11 19 14
11 18 11 11 19 14
11 19 11 11 19 14
11 18 13 11 19 14
10 19 12 11 19 14
11 18 14 10 19 14
11 18 8 11 19 14
10 18 10 13 19 14
9 18 12 11 19 14
12 18 9 11 19 14
11 18 9 11 19 14
11 16 10 11 19 14
9 17 12 9 19 14
9 15 12 11 19 14
12 15 9 11 19 14
9 18 9 11 19 14
9 18 9 11 19 14
10 14 13 11 19 14
10 18 9 11 19 14
10 16 9 11 19 14
10 18 8 11 19 14
10 16 10 11 19 14
10 15 12 9 19 14
11 15 10 11 19 14
11 18 9 11 19 14
11 17 9 9 19 14
11 18 10 11 19 14
10 19 10 12 19 14
9 18 13 11 19 14
11 11 10 11 19 14
9 17 9 10 19 14
12 18 13 11 19 14
10 12 9 11 19 13
12 17 12 11 19 13
8 18 9 10 19 13
10 17 10 11 19 13
9 14 13 10 19 13
11 18 8 9 19 13
9 15 11 9 19 13
8 18 9 10 19 13
10 18 13 9 19 13
11 18 10 12 19 13
10 17 10 11 19 12
10 18 12 9 19 12
9 18 9 11 19 12
11 17 10 11 19 12
10 18 10 11 19 12
10 18 13 10 19 12
11 11 8 11 19 12
9 11 11 11 19 12
10 17 9 9 19 12
9 18 10 13 19 12
11 17 9 11 19 12
8 17 10 11 19 12
11 16 13 9 19 12
10 18 9 9 19 12
8 14 12 9 19 12
8 18 9 9 19 12
12 14 9 11 19 12
11 18 9 10 19 12
8 15 13 9 19 12
10 18 12 9 19 12
9 14 10 9 19 12
9 18 8 9 19 12
8 18 10 11 19 12
8 18 11 9 19 12
9 16 9 11 19 12
10 17 8 9 19 12
10 16 11 9 19 12
10 10 12 9 19 12
8 15 12 11 19 12
9 18 11 9 19 12
9 18 10 9 19 12
9 17 9 11 19 12
8 18 11 8 19 12
9 18 9 8 19 12
9 18 10 11 19 12
8 18 12 9 19 12
9 17 10 9 19 12
10 16 10 9 19 12
8 15 8 9 19 12
9 18 22 11 19 12
9 18 10 9 19 12
8 18 8 9 19 12
9 18 9 10 19 12
8 10 9 10 19 12
9 18 9 9 19 12
10 18 8 9 19 12
8 17 8 11 19 12
9 17 9 9 19 12
8 15 11 9 19 12
11 18 10 9 19 12
10 18 8 9 19 12
9 14 10 9 19 12
9 17 12 9 19 12
10 18 9 12 19 12
8 14 10 9 19 12
8 18 9 11 19 12
9 18 10 11 19 12
9 18 11 11 19 12
8 18 8 11 19 12
8 16 11 11 19 12
9 18 12 9 19 12
12 17 12 11 19 12
8 15 9 9 19 12
10 17 9 11 19 12
8 17 8 11 19 12
9 15 9 9 19 12
8 17 10 9 19 12
8 17 9 9 19 12
8 15 9 9 19 12
9 18 11 11 19 12
9 16 11 9 19 12
8 18 9 9 19 12
9 15 11 9 19 12
9 10 11 9 19 12
9 18 12 9 19 12
9 17 8 11 19 12
9 18 9 9 19 12
8 17 8 9 19 12
9 17 10 10 19 12
10 18 9 9 19 12
9 15 10 10 19 12
10 17 8 13 19 12
8 17 9 9 19 12
8 18 8 9 19 12
8 18 12 11 19 12
10 10 11 9 19 12
9 17 8 11 19 12
8 18 9 11 19 12
9 10 11 9 19 12
9 15 9 8 19 12
9 17 8 9 19 12
8 17 11 9 19 12
9 17 10 9 19 12
9 16 8 9 19 12
9 15 9 11 19 12
8 18 8 9 19 12
9 17 8 11 19 12
9 15 9 9 19 12
9 18 11 9 19 12
9 17 8 9 19 12
10 17 9 13 19 12
11 17 12 10 19 12
10 15 12 9 19 12
10 17 9 9 19 12
8 17 9 9 19 12
11 18 8 10 19 12
8 17 8 10 19 12
8 17 9 9 19 12
11 17 9 9 19 12
11 15 9 11 19 12
7 18 9 9 19 12
8 10 10 9 19 12
8 9 8 9 19 12
9 18 12 9 19 12
8 18 8 9 19 12
10 14 8 9 19 12
11 18 8 9 19 12
9 15 9 9 19 12
10 10 8 9 19 12
8 17 11 11 19 12
10 18 9 11 19 12
8 17 9 10 19 12
9 15 10 9 19 12
10 15 9 9 19 12
9 18 8 9 19 12
9 17 9 9 19 12
8 18 12 9 19 12
9 17 8 9 19 12
8 16 9 9 19 12
9 17 11 9 19 12
9 18 9 9 19 12
9 17 8 9 19 12
9 17 10 9 19 12
9 17 12 9 19 12
7 18 8 9 19 12
9 17 8 9 19 12
9 14 8 7 19 12
9 18 9 9 19 12
9 18 9 7 19 12
7 18 8 9 19 12
9 16 11 10 19 12
9 17 8 9 19 12
8 18 11 8 19 12
10 17 11 9 19 12
9 17 7 9 19 12
9 17 8 9 19 12
7 16 10 9 19 12
8 11 8 8 19 12
8 10 9 9 19 12
12 17 9 10 19 12
9 16 8 9 19 12
10 17 8 11 19 12
8 17 9 7 19 12
8 18 10 9 19 12
9 17 8 8 19 12
9 18 9 9 19 12
8 15 9 9 19 12
8 17 11 8 19 12
8 16 8 7 19 12
11 15 9 9 19 12
8 17 9 7 19 12
8 18 20 9 19 12
9 15 9 11 19 12
8 17 9 9 19 12
8 15 9 9 19 12
10 17 8 7 19 12
8 17 8 8 19 12
8 17 8 9 19 12
8 17 9 8 19 12
9 15 11 9 19 12
8 17 11 11 19 12
8 17 8 8 19 12
8 17 11 9 19 12
8 17 7 9 19 12
16 17 8 9 19 12
11 17 11 10 19 12
8 17 7 9 19 12
9 17 8 11 19 12
9 18 10 11 19 12
8 10 8 9 19 12
7 15 10 9 19 12
7 17 11 9 19 12
8 17 10 9 19 12
8 16 7 7 19 12
8 10 7 7 19 12
8 17 7 9 19 12
9 17 7 9 19 12
8 16 8 9 19 12
9 17 9 11 19 12
8 17 8 9 19 12
8 10 8 9 19 12
8 18 8 8 19 12
7 17 7 8 19 11
7 17 8 9 19 11
6 17 9 7 19 11
8 17 8 7 19 11
7 10 9 7 19 11
9 10 7 7 19 11
7 17 7 9 19 11
9 17 9 7 19 11
8 17 9 7 19 11
9 16 8 9 19 11
8 16 7 7 19 11
7 17 8 9 19 11
8 17 10 7 19 11
7 17 8 7 19 11
9 17 8 9 19 11
9 17 9 7 19 11
9 17 11 7 19 11
8 17 6 9 19 11
9 11 8 7 19 11
8 18 8 11 19 11
8 10 7 7 19 11
9 17 10 7 19 11
14 17 7 9 19 10
8 15 9 7 19 10
6 17 6 7 19 10
8 10 7 7 19 10
6 16 9 7 19 10
8 17 6 7 19 10
8 17 6 7 19 10
6 15 6 7 19 10
8 17 10 7 19 10
7 17 6 7 19 10
8 15 8 7 19 10
6 17 7 7 19 10
7 17 7 8 19 10
6 17 7 7 19 10
8 16 7 11 19 10
6 17 6 9 19 10
9 18 7 7 19 10
7 17 7 7 19 10
6 17 8 7 19 10
7 14 7 7 19 10
7 16 7 7 19 10
7 17 7 7 19 10
7 17 7 7 19 10
7 17 7 9 19 10
8 17 7 6 19 10
6 17 6 9 19 10
7 10 7 9 19 10
7 17 10 7 19 10
7 17 10 9 19 10
9 18 6 8 19 10
8 10 6 7 19 10
7 16 10 8 19 10
7 17 6 7 19 10
6 16 9 7 19 10
9 17 8 7 19 10
8 17 7 7 19 10
7 14 7 11 19 10
6 17 6 9 19 10
7 15 6 7 19 10
6 17 9 8 19 10
7 17 6 9 19 10
6 16 7 7 19 8
7 17 7 6 19 8
6 17 6 10 19 8
9 17 6 9 19 8
6 16 7 6 19 8
7 17 8 7 19 8
7 17 6 7 19 8
8 17 7 7 19 8
7 17 6 10 19 8
7 17 7 9 19 8
6 17 8 9 19 8
6 17 7 7 19 8
6 17 8 11 19 8
7 17 6 10 19 8
7 17 7 7 19 8
8 16 8 7 19 8
7 17 7 7 19 8
7 17 9 7 19 8
9 15 10 7 19 8
9 14 9 7 19 8
7 14 9 7 19 8
7 16 6 10 19 8
7 14 7 7 19 8
7 18 7 7 19 8
9 17 7 7 19 8
7 17 6 7 19 8
9 16 9 6 19 8
7 16 6 7 19 8
6 17 7 9 19 8
7 16 6 8 19 8
6 17 7 7 19 8
8 17 7 7 19 8
7 17 6 7 19 8
8 16 6 7 19 8
7 17 6 7 19 8
7 11 7 7 19 8
7 14 7 7 19 8
7 16 7 7 19 8
7 16 7 7 19 8
6 17 9 7 19 8
6 16 7 6 19 8
7 16 6 7 19 8
6 17 7 7 19 8
7 17 6 7 19 8
6 16 8 8 19 8
8 15 7 9 19 8
7 17 8 8 19 8
6 14 7 9 19 8
7 18 6 8 19 8
7 16 8 7 19 8
7 17 7 8 19 8
6 16 8 7 19 8
8 16 7 9 19 8
7 16 6 9 19 8
8 16 8 7 19 8
7 16 6 7 19 8
7 16 8 7 19 8
6 16 8 7 19 8
9 8 7 7 19 8
9 16 10 7 19 8
8 16 8 7 19 8
8 17 6 7 19 8
6 16 8 9 19 8
7 16 8 7 19 8
6 9 9 11 19 8
8 16 7 7 19 8
7 16 10 7 19 8
8 16 6 9 19 8
8 17 7 9 19 8
9 16 6 9 19 8
6 10 8 7 19 8
6 16 6 7 19 8
7 16 7 7 19 8
7 16 8 7 19 8
8 16 7 7 19 8
8 10 9 7 19 8
7 16 9 7 19 9
6 17 20 7 19 9
6 17 7 7 19 9
8 16 8 10 19 9
8 17 6 9 19 9
6 16 8 9 19 9
7 17 7 7 19 9
6 17 8 9 19 9
7 17 7 7 19 9
9 16 9 7 19 9
6 17 7 7 19 9
6 14 7 7 19 9
7 9 8 7 19 9
8 16 7 9 19 9
6 16 7 7 19 9
7 16 10 7 19 9
6 16 6 7 19 9
7 7 6 6 19 9
6 17 7 9 19 9
6 9 7 9 19 9
6 17 9 7 19 9
8 10 6 9 19 9
6 17 9 9 19 9
7 15 7 9 19 9
7 16 6 7 19 9
6 9 6 7 19 9
7 17 7 9 19 9
6 17 7 9 19 9
8 16 6 7 19 9
7 15 6 7 19 9
7 17 9 7 19 9
8 16 7 9 19 9
6 16 6 7 19 9
6 16 7 6 19 9
6 16 6 7 19 9
6 16 7 8 19 9
6 8 6 7 19 9
8 16 9 7 19 9
6 16 6 7 19 9
8 17 6 9 19 9
6 17 6 9 19 9
8 16 6 7 19 9
6 15 6 7 19 8
6 16 7 7 19 8
8 16 6 9 19 8
7 16 9 7 19 8
7 16 7 9 19 8
7 17 7 8 19 8
7 16 6 7 19 8
6 16 6 7 19 8
6 16 6 9 19 8
6 16 7 7 19 8
6 17 7 7 19 8
9 16 8 7 19 8
8 16 6 8 19 8
6 17 8 9 19 8
6 16 8 7 19 8
7 17 8 7 19 8
7 17 7 7 19 8
6 16 6 7 19 8
8 16 6 7 19 8
7 16 6 8 19 9
6 9 6 7 19 9
7 7 6 7 19 9
8 15 7 7 19 9
6 9 6 7 19 9
6 17 7 7 19 9
7 16 6 7 19 9
6 16 7 7 19 9
7 17 8 7 19 9
7 15 7 7 19 9
6 16 7 7 19 9
6 17 6 7 19 9
7 16 6 7 19 9
6 16 7 7 19 9
6 17 7 7 19 9
6 15 7 7 19 9
6 16 7 7 19 9
7 16 6 9 19 9
6 17 6 8 19 9
6 16 7 7 19 9
6 16 6 8 19 9
6 17 7 7 19 9
7 14 6 9 19 9
6 15 6 7 19 9
6 16 7 7 19 9
7 16 7 7 19 9
8 16 6 9 19 9
9 15 6 7 19 9
6 15 6 9 19 9
6 16 6 7 19 9
6 16 6 7 19 9
6 8 7 7 19 9
7 17 7 7 19 9
7 16 8 7 19 9
7 15 6 7 19 9
7 15 6 9 19 9
6 17 7 7 19 9
8 8 8 9 19 9
6 16 6 7 19 9
6 17 6 7 19 9
6 16 6 7 19 9
6 16 6 7 19 9
6 17 6 7 19 9
6 8 6 7 19 9
7 17 6 7 19 9
8 8 6 7 19 9
6 16 9 7 19 9
7 17 7 7 19 9
6 16 6 7 19 9
6 16 6 7 19 9
6 16 6 7 19 9
6 16 7 7 19 9
6 16 6 7 19 9
7 16 6 7 19 9
6 16 7 7 19 9
7 17 6 7 19 9
6 17 6 7 19 9
6 14 6 7 19 9
6 14 8 7 19 9
6 17 6 7 19 9
7 16 6 7 19 19
6 16 6 7 19 19
6 16 6 7 19 19
6 16 6 8 19 19
6 7 6 7 19 19
7 17 7 7 19 19
6 17 7 7 19 19
6 17 9 7 19 19
7 16 6 7 19 19
6 16 7 7 19 19
8 16 7 7 19 19
7 16 6 7 19 19
7 17 6 7 19 19
6 16 6 7 19 19
6 16 6 7 19 19
7 16 6 7 19 19
6 16 7 6 19 19
6 7 7 7 19 19
8 16 6 7 19 19
6 15 6 7 19 19
6 7 7 7 19 19
6 14 6 7 19 19
6 17 8 6 19 19
6 17 6 7 19 19
7 16 7 9 19 19
7 16 6 7 19 19
6 17 6 7 19 19
7 17 7 7 19 19
6 16 8 7 19 19
6 16 7 7 19 19
6 9 7 7 10 8
6 9 6 7 10 8
6 9 6 6 10 8
6 9 6 6 10 8
6 8 7 7 10 8
7 9 6 6 10 8
6 9 8 7 10 8
6 9 6 7 10 8
6 9 6 7 10 8
6 9 7 7 10 8
6 8 7 7 10 8
8 9 6 6 10 8
6 7 6 9 10 8
8 9 6 7 10 8
6 8 6 6 10 8
6 8 7 8 10 8
6 8 6 8 10 8
6 7 6 6 10 8
6 9 6 7 10 8
6 9 6 7 10 8
8 9 6 7 10 8
6 9 7 6 10 8
6 9 7 7 10 8
6 8 6 9 10 8
6 9 7 7 10 8
6 9 6 5 10 8
7 9 8 7 10 8
7 8 6 7 10 8
6 9 6 7 10 8
8 8 8 7 10 8
6 7 6 7 10 8
6 9 6 7 10 8
6 8 6 7 10 8
8 9 8 7 10 8
8 9 6 7 10 8
6 8 6 7 10 8
7 8 6 7 10 8
7 9 8 7 10 8
7 9 6 9 10 8
6 8 6 6 10 8
6 9 8 7 10 8
7 9 8 7 10 8
6 8 6 7 10 8
7 8 7 7 10 8
8 9 7 7 10 8
6 8 8 7 10 8
6 9 6 7 10 8
6 8 6 6 10 8
6 9 6 7 10 8
6 9 6 7 10 8
6 9 6 7 10 8
6 7 7 7 10 8
8 9 6 7 10 8
7 9 6 6 10 8
6 8 6 9 10 8
6 9 6 7 10 8
8 8 5 6 10 8
6 9 6 7 10 8
6 8 7 7 10 8
5 9 6 7 10 8
7 9 6 7 10 8
5 10 8 7 10 8
6 8 7 6 10 8
7 8 6 7 10 8
6 9 6 7 10 8
6 9 8 7 10 8
6 9 7 7 10 8
6 8 6 6 10 8
6 8 6 7 10 8
7 8 6 6 10 8
7 9 6 8 10 8
7 8 6 7 10 8
7 8 7 7 10 8
6 8 6 6 10 8
6 8 6 7 10 8
8 9 5 7 10 8
6 9 6 7 10 8
6 8 7 7 10 8
6 8 6 7 10 8
6 8 6 6 10 8
6 8 7 7 10 8
6 8 6 7 10 8
6 8 6 7 10 8
6 8 6 7 10 8
6 8 6 6 10 8
6 8 6 6 10 8
6 8 6 7 10 8
6 9 6 7 10 8
6 8 7 7 10 8
7 8 6 6 10 8
7 9 6 7 10 8
5 9 6 7 10 8
6 7 6 7 10 8
6 9 7 7 10 7
6 8 6 6 10 7
6 8 6 7 10 7
7 9 6 7 10 7
6 8 6 7 10 7
7 9 7 6 10 7
6 8 6 6 10 7
6 8 6 7 10 7
7 8 5 7 10 7
6 8 7 6 10 7
7 9 6 7 10 7
6 8 6 5 10 7
6 8 7 7 10 7
6 9 6 7 10 7
6 8 7 7 10 7
6 8 6 7 10 7
5 8 6 7 10 7
5 8 6 6 10 7
6 7 6 7 10 7
6 9 6 6 10 7
6 8 6 7 10 7
6 9 6 5 10 7
5 8 8 6 10 7
5 8 6 7 10 7
6 8 6 6 10 7
6 8 5 7 10 7
6 9 5 5 10 7
6 9 6 7 10 7
5 8 6 5 10 7
6 9 5 5 10 7
5 9 5 6 10 7
7 9 7 7 10 7
6 8 6 6 10 7
7 8 6 7 10 7
5 8 7 5 10 7
6 9 6 7 10 7
6 6 7 5 10 7
6 8 6 7 10 7
6 7 5 6 10 7
7 8 6 7 10 7
6 8 6 5 10 7
8 9 5 7 10 7
6 8 7 7 10 7
6 7 7 5 10 7
6 8 6 6 10 7
6 8 7 7 10 7
5 8 6 7 10 7
6 8 6 7 10 7
6 9 6 7 10 7
6 8 5 7 10 7
6 8 7 5 10 7
6 9 6 8 10 7
6 8 7 6 10 7
5 9 6 7 10 7
6 9 5 7 10 7
6 9 6 7 10 7
6 7 5 7 10 7
6 8 6 7 10 7
6 8 5 7 10 7
6 8 6 7 10 7
6 8 6 6 10 7
8 8 6 6 10 7
5 8 6 6 10 7
6 8 6 7 10 7
6 9 6 7 10 7
7 8 7 6 10 7
6 9 6 7 10 7
6 9 5 5 10 7
6 8 6 7 10 7
6 8 6 6 10 7
6 8 7 5 10 7
6 9 6 5 10 7
6 8 7 7 10 7
7 8 7 7 10 7
6 8 6 5 10 7
6 9 5 7 10 7
6 9 6 7 10 7
6 9 6 7 10 7
6 9 6 5 10 7
6 8 6 5 10 7
5 8 7 7 10 7
7 8 6 7 10 7
7 8 5 5 10 7
6 9 7 5 10 7
6 8 6 5 10 7
6 8 6 7 10 7
6 8 6 7 10 7
6 8 5 7 10 7
6 8 6 7 10 7
6 9 6 5 10 7
6 8 5 6 10 7
5 8 6 6 10 7
5 8 5 5 10 7
5 8 6 7 10 7
6 8 7 5 10 7
6 7 6 7 10 7
6 8 5 7 10 7
6 8 7 7 10 7
6 8 6 7 10 7
5 9 5 7 10 7
6 8 6 7 10 7
6 6 6 7 10 7
5 8 6 7 10 7
6 8 6 7 10 7
6 8 6 5 10 7
5 9 6 7 10 7
6 8 5 7 10 7
6 8 7 5 10 7
5 9 7 5 10 7
6 8 6 7 10 7
6 9 7 6 10 7
6 8 5 7 10 7
6 9 5 7 10 7
6 9 7 6 10 7
6 8 7 5 10 7
6 9 7 5 10 7
6 7 5 7 10 7
5 8 5 6 10 7
6 8 6 7 10 7
6 8 7 5 10 7
6 8 6 5 10 7
7 8 6 7 10 7
5 8 6 7 10 7
6 9 6 5 10 7
6 9 6 6 10 7
6 9 6 7 10 7
6 7 5 7 10 7
5 9 7 5 10 7
5 9 5 7 10 7
7 8 7 7 10 7
6 8 7 7 10 7
6 8 6 6 10 7
7 9 6 7 10 7
6 8 6 6 10 7
6 8 6 7 10 7
6 8 5 7 10 7
6 8 7 7 10 7
6 8 6 7 10 7
6 8 6 5 10 7
5 8 7 5 10 7
7 9 5 5 10 7
6 9 5 5 10 7
6 6 6 5 10 7
6 8 6 7 10 7
5 8 8 7 10 7
6 8 6 5 10 7
6 9 7 7 10 7
6 8 6 6 10 7
6 9 6 5 10 7
5 8 6 6 10 7
6 9 6 6 10 7
7 8 7 7 10 7
5 8 5 7 10 7
5 8 7 7 10 7
7 9 6 5 10 7
5 8 6 5 10 7
6 8 6 7 10 7
6 8 7 7 10 7
6 9 6 7 10 7
6 9 6 5 10 7
6 8 5 6 10 7
6 8 5 7 10 7
6 8 7 7 10 7
6 9 7 5 10 7
5 9 6 7 10 7
6 8 7 5 10 7
6 9 6 7 10 7
6 8 6 6 10 7
5 9 6 7 10 7
6 8 6 5 10 7
5 8 7 7 10 7
6 8 6 7 10 7
6 8 6 5 10 7
6 7 8 6 10 7
6 8 6 6 10 7
6 8 5 5 10 7
5 8 5 5 10 7
5 9 5 5 10 7
6 9 6 5 10 7
6 8 5 5 10 7
6 9 5 7 10 7
5 9 5 7 10 7
6 8 5 5 10 7
5 8 6 6 10 7
5 8 6 7 10 7
6 8 6 5 10 7
6 8 6 6 10 7
5 8 7 5 10 7
5 8 5 7 10 7
6 8 5 5 10 7
5 8 5 7 10 7
5 8 5 6 10 7
6 8 6 7 10 7
6 8 5 5 10 7
5 8 7 5 10 7
5 8 5 5 10 7
7 9 6 5 10 7
6 8 6 6 10 7
6 8 5 5 10 7
5 6 6 7 10 7
5 8 6 6 10 7
5 8 6 7 10 7
6 7 6 5 10 7
5 8 5 5 10 7
6 8 7 5 10 7
6 9 6 5 10 7
6 9 5 7 10 7
5 7 4 5 10 7
5 9 6 7 10 7
5 8 6 5 10 7
6 9 6 5 10 7
5 8 6 6 10 7
7 8 7 5 10 7
5 9 7 7 10 7
6 8 6 7 10 7
5 9 6 5 10 7
5 8 5 6 10 7
6 8 5 6 10 7
5 8 7 7 10 7
7 9 6 6 10 7
6 8 6 6 10 7
5 9 5 7 10 7
5 9 6 7 10 7
6 8 7 5 10 7
5 9 6 5 10 7
5 8 5 5 10 7
5 9 7 5 10 7
5 8 5 5 10 7
5 6 5 5 10 7
6 8 6 5 10 7
7 8 7 5 10 7
5 9 5 5 10 7
5 7 6 5 10 7
5 8 6 5 10 7
5 8 6 6 10 7
6 8 6 5 10 7
6 9 6 5 10 7
6 9 6 5 10 7
5 8 6 6 10 7
6 8 5 7 10 7
7 8 5 5 10 7
5 8 6 5 10 7
6 8 5 7 10 7
5 9 7 7 10 7
6 8 5 7 10 7
5 7 6 7 10 7
5 8 7 5 10 7
7 9 5 7 10 7
5 8 6 7 10 7
6 8 5 7 10 7
7 8 6 5 10 7
6 9 5 7 10 7
5 9 5 6 10 7
5 9 5 7 10 7
6 9 5 6 10 7
6 8 7 7 10 7
6 9 5 5 10 7
6 9 7 5 10 7
5 8 6 6 10 7
5 8 5 5 10 7
5 6 6 7 10 7
5 6 5 5 10 7
5 9 6 6 10 7
7 9 5 7 10 7
6 8 5 7 10 7
5 9 6 5 10 7
5 10 5 7 10 7
5 9 6 5 10 7
5 9 6 5 10 7
5 9 6 5 10 7
6 9 6 5 10 7
5 9 6 5 10 7
6 8 6 7 10 7
5 9 6 6 10 7
6 9 6 6 10 7
5 8 6 7 10 7
6 8 7 6 10 7
5 6 5 5 10 7
6 9 6 6 10 7
5 8 5 5 10 7
5 9 6 6 10 7
5 8 5 5 10 7
6 8 6 7 10 7
6 9 5 7 10 7
6 8 5 5 10 7
5 9 7 7 10 7
5 8 5 5 10 7
6 6 5 5 10 7
5 9 5 7 10 7
6 8 6 5 10 7
5 6 5 5 10 7
5 8 5 5 10 7
6 8 6 7 10 7
6 8 5 5 10 7
4 8 5 6 10 7
6 9 5 5 10 7
5 9 5 7 10 7
5 9 5 5 10 7
6 8 6 5 10 7
5 8 6 5 10 7
5 8 6 7 10 7
6 8 6 5 10 7
5 6 7 5 10 7
5 6 6 6 10 7
5 8 5 7 10 7
5 8 6 6 10 7
5 8 5 5 10 7
5 8 5 7 10 7
5 9 5 7 10 7
5 8 6 6 10 7
6 8 6 5 10 7
5 9 5 5 10 7
6 8 5 5 10 7
5 9 5 5 10 7
6 8 6 7 10 7
6 6 6 7 10 7
6 9 5 7 10 7
6 7 6 7 10 7
6 9 6 7 10 7
5 8 5 5 10 7
5 7 6 5 10 7
5 9 6 5 10 7
5 8 6 5 10 7
5 8 5 5 10 7
6 8 7 5 10 7
6 9 6 6 10 7
6 7 6 5 10 7
5 6 6 5 10 7
5 9 6 6 10 7
5 9 6 7 10 7
5 9 5 7 10 7
5 8 6 5 10 7
5 8 5 7 10 7
5 7 5 6 10 7
5 8 6 5 10 7
5 8 5 5 10 7
6 8 6 7 10 7
6 8 6 5 10 7
6 8 6 5 10 7
5 8 7 7 10 7
6 8 5 5 10 7
6 8 5 5 10 7
5 8 6 5 10 7
6 8 6 7 10 7
5 9 5 5 10 7
6 9 5 7 10 7
6 9 8 6 10 7
5 8 6 7 10 7
5 8 5 5 10 7
5 6 5 5 10 7
6 8 6 5 10 7
5 8 5 7 10 7
5 8 6 6 10 7
6 8 5 7 10 7
6 9 6 6 10 7
6 8 5 5 10 7
5 8 5 5 10 7
6 9 5 6 10 7
7 8 7 6 10 7
5 8 7 5 10 7
6 8 5 5 10 7
5 8 5 5 10 7
6 9 5 5 10 7
6 9 6 5 10 7
5 8 7 5 10 7
5 7 5 5 10 7
5 8 4 7 10 7
5 6 6 6 10 7
5 8 6 7 10 7
5 9 6 7 10 7
5 8 5 5 10 7
5 8 5 6 10 7
5 9 5 7 10 7
6 8 6 5 10 7
5 9 5 5 10 7
6 8 6 7 10 7
5 9 5 7 10 7
5 8 6 5 10 7
6 8 6 5 10 7
5 8 5 8 10 7
5 8 5 5 10 7
5 6 6 7 10 7
6 9 5 6 10 7
5 8 5 7 10 7
6 8 5 6 10 7
5 9 5 7 10 7
6 6 7 7 10 7
6 8 6 7 10 7
6 8 5 6 10 7
5 9 5 5 10 7
6 9 6 5 10 7
6 6 6 7 10 7
6 8 5 5 10 7
5 8 5 6 10 7
5 9 7 7 10 7
5 8 5 6 10 7
6 9 5 6 10 7
5 6 7 6 10 7
6 8 6 5 10 7
5 8 6 5 10 7
5 8 5 5 10 7
5 9 5 5 10 7
