RIndependent Gonzalez BaselineGreedy Bottleneck Dynamic FullyDynamic
84 108 99 75 142 88
88 127 96 87 142 88
85 123 88 85 142 88
74 84 96 72 142 88
70 90 88 77 142 82
64 102 91 81 142 82
83 88 91 80 142 82
73 90 86 74 142 85
66 80 86 78 142 85
74 87 92 68 142 85
85 75 87 81 142 85
72 85 88 81 142 83
72 79 79 75 142 79
82 87 88 70 142 80
69 79 72 80 142 80
81 71 73 73 142 77
66 81 88 71 142 75
69 76 73 70 142 75
66 73 77 74 142 75
73 85 82 71 142 75
75 84 73 71 142 68
72 122 92 76 142 68
67 81 70 58 142 68
76 74 89 68 142 68
70 78 73 66 142 65
73 73 73 58 142 65
67 66 73 82 142 65
70 117 60 55 142 65
66 83 69 63 142 65
65 88 72 53 142 65
58 82 73 57 142 65
58 66 71 53 142 65
62 61 53 60 142 65
62 63 61 57 142 65
58 73 59 53 142 65
61 66 53 55 142 65
58 85 56 58 142 65
47 66 58 66 142 65
66 55 63 53 142 65
55 63 52 52 142 65
56 63 52 49 142 65
50 66 51 60 142 65
49 66 50 45 142 65
50 71 48 55 142 65
57 58 54 53 142 65
48 66 52 65 142 65
55 74 62 54 142 65
54 65 52 51 142 65
51 62 65 50 142 65
60 65 68 53 142 65
53 56 48 51 142 65
43 80 53 66 142 65
54 62 52 52 142 65
47 62 48 50 142 63
43 75 48 52 142 63
41 64 48 43 142 61
45 50 44 45 142 51
50 49 48 52 142 47
45 53 48 44 142 47
40 49 47 51 142 47
40 40 47 41 142 47
50 45 55 40 142 45
43 41 38 51 142 45
43 38 38 40 142 46
36 36 36 37 142 45
39 45 50 41 142 45
38 50 37 37 142 45
38 38 36 39 142 45
41 53 40 40 142 45
34 44 37 37 142 43
31 43 34 35 142 43
34 44 38 38 142 43
31 31 38 35 142 43
36 34 37 36 142 40
31 62 36 26 200 40
36 43 38 36 189 40
34 36 37 28 160 40
31 36 38 35 153 39
29 34 34 25 142 36
28 29 34 31 142 36
26 29 36 26 142 36
29 24 36 24 142 36
24 40 36 31 142 36
25 29 25 22 142 36
24 31 24 29 142 36
22 31 22 22 142 36
21 29 26 26 142 36
28 22 33 24 142 33
23 28 24 22 142 33
23 29 33 27 142 36
21 30 22 23 142 36
22 24 36 28 142 36
21 29 22 23 142 33
21 31 25 21 142 32
23 21 26 21 142 32
24 24 21 24 142 32
22 24 24 25 142 32
23 29 20 23 142 32
21 24 23 19 142 32
24 31 21 23 142 32
24 25 33 24 142 32
26 23 28 23 142 32
24 31 27 25 142 32
20 31 29 28 142 32
20 23 22 21 142 32
24 32 22 23 142 32
24 31 33 28 142 32
26 31 21 23 142 32
20 31 21 19 142 32
20 22 20 21 142 32
20 21 23 21 142 32
21 24 27 19 142 32
19 25 20 24 142 32
24 24 24 26 142 32
24 29 28 20 142 32
19 33 29 23 142 32
23 31 24 23 142 32
22 29 23 21 142 32
22 18 33 23 142 32
26 24 24 20 142 32
22 31 25 21 142 32
22 25 28 25 142 32
20 23 33 22 142 32
22 31 24 23 79 29
19 24 22 24 79 29
23 25 22 22 79 29
23 25 26 22 79 29
23 20 20 23 79 27
22 32 21 23 79 27
22 27 20 22 79 27
24 32 18 17 79 27
22 31 22 21 79 27
19 27 27 19 79 27
19 26 19 20 79 27
21 25 19 21 79 27
26 22 27 23 79 27
22 25 20 20 59 27
21 20 23 25 58 27
24 27 19 21 58 27
26 26 22 24 58 27
20 25 22 20 58 27
20 18 25 21 58 27
24 25 17 23 58 27
20 21 27 21 58 27
23 27 17 23 58 27
20 27 26 18 58 27
24 19 21 23 58 27
24 24 27 19 58 27
19 25 19 22 58 27
20 24 19 19 58 27
20 25 21 24 58 27
21 25 19 19 55 27
20 23 26 20 55 27
21 23 20 20 55 27
20 23 27 21 55 27
21 19 20 19 55 31
21 23 20 23 55 31
19 23 31 21 55 31
20 26 22 25 55 31
19 22 26 20 55 31
16 23 22 19 55 31
21 26 27 20 55 31
21 24 18 17 55 31
16 24 28 19 55 31
23 21 25 23 55 31
22 24 22 21 55 31
20 23 21 25 55 31
21 23 23 19 55 31
20 22 24 18 55 31
21 23 25 21 55 31
22 26 25 22 55 25
20 23 16 21 55 25
18 25 21 20 55 25
23 23 23 17 55 25
21 23 20 16 55 25
18 26 20 21 55 25
16 24 25 21 55 25
18 20 22 21 55 25
21 25 19 21 55 25
14 19 24 15 55 25
20 24 15 18 55 25
16 26 18 22 55 25
18 24 21 15 55 25
20 22 17 17 55 25
18 23 19 20 55 25
19 25 25 15 55 25
21 24 17 16 55 25
17 25 19 16 55 25
20 21 21 14 55 25
21 14 15 21 55 25
19 25 14 17 55 25
14 20 25 15 55 25
14 20 18 17 55 25
14 25 19 20 55 25
18 25 21 14 55 25
14 17 21 21 55 25
24 16 20 23 55 25
18 22 18 14 55 25
19 25 25 18 55 25
16 23 24 15 55 24
15 25 20 17 55 24
12 23 18 21 55 24
14 14 17 15 55 24
15 24 21 15 55 24
16 20 18 19 55 24
15 25 19 15 55 24
21 15 15 17 55 24
17 15 12 19 55 24
18 21 24 15 55 24
18 18 20 19 55 23
15 21 20 15 55 23
14 15 16 17 55 23
18 25 18 18 55 23
19 15 15 15 55 23
14 24 19 18 55 23
18 16 25 15 55 23
20 24 15 17 55 23
17 25 16 17 55 23
18 20 16 15 55 23
15 14 14 13 55 20
15 15 16 17 55 20
19 20 18 14 55 20
18 18 17 18 55 20
16 14 12 17 55 20
15 20 17 17 55 20
14 14 15 15 55 20
15 18 17 13 55 20
16 15 16 19 55 20
16 15 16 16 55 20
14 14 18 14 55 20
14 14 15 17 55 20
14 15 14 15 55 20
14 17 14 17 55 20
14 15 14 15 55 20
13 21 21 17 55 20
17 12 17 17 55 20
14 16 15 15 55 20
16 14 14 15 55 20
14 19 12 17 55 20
14 15 21 15 55 20
15 17 21 15 55 20
17 15 15 13 55 19
15 14 17 15 55 18
13 14 16 12 55 18
12 13 18 13 55 18
13 24 17 13 55 18
14 14 13 14 55 18
14 12 13 12 55 18
16 14 11 12 55 18
12 15 18 12 55 18
14 14 13 12 55 18
11 14 15 21 55 18
11 13 13 13 55 18
14 15 12 13 55 18
15 17 13 12 55 18
11 14 18 12 55 18
12 14 18 11 55 18
14 14 13 15 55 18
14 13 14 36 55 16
13 15 16 11 55 16
21 14 13 11 55 16
12 14 11 11 55 15
15 14 12 13 55 15
12 12 11 13 55 15
12 14 15 13 55 15
11 14 10 15 55 15
12 14 12 13 55 15
11 14 13 12 55 15
11 13 11 13 55 15
10 14 15 13 55 15
10 14 10 13 55 15
12 13 14 13 55 15
11 14 13 11 55 15
14 14 12 11 55 15
11 14 15 13 55 15
11 15 12 13 55 15
11 12 11 12 55 15
12 15 12 13 55 15
13 15 11 11 55 15
15 14 13 13 55 15
12 13 10 13 55 15
15 14 11 13 55 15
12 15 11 12 55 15
13 14 13 12 55 15
12 18 15 11 55 15
11 15 14 11 55 15
11 14 12 11 55 15
11 13 10 13 55 15
12 14 14 12 55 15
13 14 11 13 55 15
12 15 15 36 55 15
12 13 11 11 55 15
11 14 14 13 55 15
10 13 14 13 55 15
11 15 11 13 55 15
11 14 12 11 55 15
11 15 12 13 55 15
11 14 11 13 55 15
21 13 11 14 55 15
11 11 13 11 55 15
11 14 12 11 55 15
11 15 15 13 55 15
11 14 11 11 55 15
11 14 11 13 55 15
13 13 13 11 55 15
12 13 11 12 55 15
11 13 10 13 55 15
13 14 11 10 55 15
11 15 10 11 55 15
10 13 13 11 55 15
11 15 11 11 55 15
10 12 10 9 55 15
12 13 10 9 55 15
11 13 12 13 55 15
11 13 11 11 55 15
11 13 11 12 55 15
10 11 11 11 55 15
11 11 13 13 55 15
10 15 13 12 55 15
11 14 11 10 55 15
9 14 14 11 55 15
11 13 10 10 55 15
10 11 10 13 55 15
9 14 12 11 55 15
12 11 11 13 55 14
10 12 11 10 55 14
10 11 11 11 55 14
10 12 12 13 55 14
10 12 13 10 55 14
9 11 8 10 55 14
11 10 12 11 55 14
10 11 11 11 55 14
10 11 11 11 55 14
11 12 14 11 55 14
11 12 10 11 55 14
9 9 12 11 55 14
10 11 9 11 55 14
8 11 11 11 55 14
10 13 12 12 55 14
10 13 11 10 55 14
10 11 11 11 55 14
9 12 12 11 55 14
11 13 11 9 55 14
9 10 11 13 55 14
9 13 12 11 55 14
11 11 13 11 55 14
9 11 11 9 55 14
11 13 13 11 55 14
11 12 10 10 55 14
13 13 10 11 55 14
11 10 10 9 55 14
11 13 12 9 19 14
11 11 12 13 19 14
10 10 14 11 19 14
12 13 11 9 19 14
11 13 9 13 19 14
10 12 10 11 19 14
10 11 10 11 19 14
12 11 10 13 19 14
12 13 13 11 19 14
11 11 11 11 19 14
9 11 11 11 19 14
17 13 11 11 19 14
10 12 11 11 19 14
10 11 11 11 19 14
11 11 10 9 19 14
12 11 9 12 19 14
8 14 11 11 19 14
11 8 12 9 19 14
12 11 10 11 19 14
10 10 10 11 19 14
10 11 14 11 19 14
12 12 10 9 19 14
11 11 9 13 19 14
11 11 9 11 19 14
12 11 9 11 19 14
10 11 10 13 19 14
9 12 10 9 19 14
11 14 11 10 19 14
9 12 14 9 19 14
10 13 12 12 19 14
11 11 10 13 19 14
12 14 9 9 19 14
10 10 11 11 19 14
9 12 10 12 19 14
11 11 8 11 19 14
10 11 13 11 19 14
11 10 10 11 19 14
11 13 10 11 19 14
11 11 10 11 19 14
11 10 11 11 19 14
9 11 9 11 19 14
11 12 10 11 19 14
9 12 9 8 19 14
10 11 10 11 19 14
8 11 10 8 19 14
9 9 10 13 19 14
9 12 9 9 19 14
10 10 14 9 19 14
10 11 9 9 19 14
12 15 8 9 19 14
11 12 11 10 19 14
9 13 10 11 19 14
9 10 10 11 19 14
11 14 10 11 19 14
12 13 12 9 19 14
8 11 9 9 19 13
11 13 10 11 19 13
10 12 10 9 19 13
9 11 10 10 19 13
10 12 11 9 19 13
12 13 12 9 19 13
9 11 8 9 19 13
9 11 9 9 19 13
11 10 9 13 19 13
10 11 13 9 19 13
9 12 9 11 19 12
8 10 10 9 19 12
8 11 10 11 19 12
9 11 9 11 19 12
12 10 11 9 19 12
11 13 9 13 19 12
9 13 10 13 19 12
11 13 8 9 19 12
10 11 9 9 19 12
9 10 9 9 19 12
10 11 9 9 19 12
9 10 13 10 19 12
9 12 13 11 19 12
9 11 10 11 19 12
11 11 12 11 19 12
9 11 9 9 19 12
11 13 8 11 19 12
8 12 9 11 19 12
9 11 10 9 19 12
9 12 8 11 19 12
10 11 9 9 19 12
10 12 10 11 19 12
9 12 11 10 19 12
10 10 11 9 19 12
11 12 8 11 19 12
12 13 11 9 19 12
10 11 9 9 19 12
12 8 9 11 19 12
8 12 9 13 19 12
12 12 11 10 19 12
8 11 10 11 19 12
9 11 9 11 19 12
9 11 8 11 19 12
9 11 9 9 19 12
8 10 9 9 19 12
10 10 10 11 19 12
9 11 9 9 19 12
9 9 8 9 19 12
9 12 12 11 19 12
8 12 8 10 19 12
11 9 11 9 19 12
10 10 10 10 19 12
8 12 8 9 19 12
8 14 10 9 19 12
10 12 12 11 19 12
9 12 8 10 19 12
11 9 12 9 19 12
12 11 8 11 19 12
8 10 8 11 19 12
8 11 9 9 19 12
8 11 8 9 18 12
9 10 9 10 18 12
9 10 11 13 18 12
11 11 9 9 18 12
9 11 9 11 18 12
8 11 10 10 18 12
10 13 12 9 18 12
9 12 8 11 18 12
8 10 11 9 18 12
8 11 8 8 18 12
9 12 9 9 18 12
11 11 10 11 18 12
10 10 10 9 18 12
10 12 11 9 18 12
12 13 8 8 18 12
9 11 8 11 18 12
9 11 10 9 18 12
8 13 10 9 18 12
9 11 8 9 18 12
9 11 10 11 18 12
10 11 8 9 18 12
10 11 10 9 18 12
9 12 10 9 18 12
10 8 9 9 18 12
12 11 9 9 17 12
8 13 9 9 17 12
9 11 8 11 17 12
8 12 8 11 17 12
11 13 11 10 17 12
8 12 12 9 17 12
9 11 8 9 17 12
12 12 9 10 17 12
9 12 9 10 17 12
9 18 11 21 17 12
9 13 11 9 17 12
9 13 9 9 17 12
9 13 8 12 17 12
8 13 12 9 17 12
9 10 11 9 17 12
10 7 9 8 17 12
8 10 9 9 17 12
9 12 9 9 17 12
8 9 11 9 17 12
8 8 8 11 17 12
9 12 8 10 17 12
8 11 10 11 17 12
8 11 9 9 17 12
9 10 10 11 17 12
10 13 9 9 17 12
9 12 8 9 17 12
8 11 9 9 17 12
8 10 8 9 17 12
8 8 9 11 17 12
9 11 8 9 17 12
9 12 12 9 17 12
8 11 9 9 17 12
9 10 9 9 17 12
8 12 8 9 17 12
8 12 9 9 17 12
11 9 9 9 17 12
9 10 8 10 17 12
11 11 10 11 17 12
9 10 10 9 17 12
8 10 9 7 17 12
8 13 8 9 17 12
8 10 9 9 17 12
9 11 8 9 17 12
8 9 9 9 17 12
9 11 8 9 17 12
8 11 12 9 17 12
8 11 9 9 17 12
10 13 11 9 17 12
9 11 9 10 17 12
9 11 8 10 17 12
8 11 10 10 17 12
8 10 8 11 17 12
8 9 8 9 17 12
8 10 8 9 17 12
9 11 9 9 17 12
8 11 11 11 17 12
11 10 8 11 17 12
10 11 8 9 17 12
9 8 9 9 17 12
10 10 9 10 17 12
9 13 8 9 17 12
9 10 10 9 17 12
8 9 10 9 17 12
9 9 8 9 17 12
8 11 10 10 17 12
8 12 9 9 17 12
9 11 11 9 17 12
10 10 9 9 17 12
9 13 8 9 17 12
8 11 8 11 17 12
8 9 10 9 17 12
9 11 9 9 17 12
8 9 8 10 17 12
8 12 7 9 17 12
9 10 9 11 17 12
9 8 9 11 17 12
7 8 8 10 17 12
8 10 8 11 17 12
7 11 7 11 17 12
7 11 12 11 17 12
8 9 8 11 17 12
8 12 9 11 17 12
7 8 9 9 17 12
9 9 8 9 17 12
7 19 7 9 17 12
9 12 9 7 17 12
8 10 10 9 17 12
9 9 9 9 17 12
7 11 8 9 17 12
8 13 10 11 17 12
9 8 8 9 17 12
9 12 9 9 17 12
8 11 12 9 17 12
8 7 11 9 17 12
8 11 8 9 17 12
8 10 11 11 17 12
11 8 9 9 17 12
9 11 7 9 17 12
8 10 11 9 17 12
9 9 12 9 17 12
10 9 9 9 17 12
8 7 12 9 17 12
8 11 8 11 17 12
8 12 9 9 17 12
12 12 9 9 17 12
10 11 7 8 17 12
10 9 8 9 17 12
9 8 11 11 17 12
8 11 8 9 17 12
8 11 12 7 17 12
8 9 7 9 17 12
8 7 9 9 17 12
7 8 11 7 17 12
8 7 9 11 17 12
9 7 12 8 17 12
7 11 8 9 17 12
8 12 7 9 17 12
9 10 12 10 17 12
9 11 8 7 17 12
7 7 6 9 17 11
8 8 9 8 17 11
9 12 8 9 17 11
8 10 7 10 17 11
9 7 7 9 17 11
7 9 7 10 17 11
8 8 9 7 17 11
7 11 8 9 17 11
8 9 9 9 17 11
7 7 6 7 17 11
8 9 8 6 17 11
7 10 9 9 17 11
8 7 6 9 17 11
10 6 8 9 17 11
8 11 9 7 17 11
6 7 7 9 17 11
9 11 9 9 17 11
7 10 8 9 17 11
8 13 9 9 17 11
8 10 7 11 17 11
8 7 6 7 17 11
6 8 7 7 17 11
7 7 7 7 17 10
9 10 6 7 17 10
8 7 6 7 17 10
10 7 6 7 17 10
6 7 8 9 17 10
6 7 7 11 17 10
6 12 7 7 17 10
7 8 6 8 17 10
8 7 10 9 17 10
7 7 9 9 17 10
8 7 9 7 17 10
7 12 6 7 17 10
7 7 9 7 17 10
7 7 6 7 17 10
7 7 7 7 17 10
6 7 10 11 17 10
7 7 6 7 17 10
7 7 7 7 17 10
8 7 8 9 17 10
8 7 8 9 17 10
8 7 7 7 17 10
6 7 7 7 17 10
7 7 8 6 17 10
7 7 7 7 17 10
7 7 8 6 17 10
6 7 8 9 17 10
7 7 9 7 17 10
7 7 9 7 17 10
9 10 7 7 17 10
6 9 7 9 17 10
7 7 7 7 17 10
7 7 7 7 17 10
6 6 10 8 17 10
9 12 6 8 17 10
7 10 7 9 17 10
7 7 6 7 17 10
9 6 7 9 17 10
7 7 8 7 17 10
8 12 7 8 17 10
8 7 7 6 17 10
6 9 8 7 17 10
8 9 7 9 17 8
8 7 7 10 17 8
7 6 6 7 17 8
7 7 6 11 17 8
7 7 7 7 17 8
7 7 8 9 17 8
8 12 9 8 17 8
7 11 7 7 17 8
7 12 6 7 17 8
6 7 7 7 17 8
8 7 7 7 17 8
8 7 7 7 17 8
7 7 7 9 17 8
8 7 6 7 17 8
7 7 8 6 17 8
6 11 7 7 17 8
7 7 7 7 17 8
7 7 7 7 17 8
9 9 7 7 17 8
8 8 7 7 17 8
6 7 6 9 17 8
7 7 7 7 17 8
6 8 9 7 17 8
6 8 7 8 17 8
6 7 10 8 17 8
6 7 8 8 17 8
7 6 9 7 17 8
8 6 6 8 17 8
8 12 6 7 17 8
6 9 9 7 17 8
7 9 7 6 17 8
6 7 6 7 17 8
6 7 7 9 17 8
8 8 7 7 17 8
9 8 7 7 17 8
14 8 7 7 17 8
6 7 7 8 17 8
6 7 6 8 17 8
7 7 8 7 17 8
9 7 7 7 17 8
6 6 7 7 17 8
7 7 6 7 17 8
7 12 6 9 17 8
8 10 7 7 17 8
6 7 6 7 17 8
7 7 9 7 17 8
7 7 7 8 17 8
6 7 7 7 17 8
7 7 8 7 17 8
7 11 7 7 17 8
9 9 8 9 17 8
9 7 7 7 17 8
7 7 8 7 17 8
9 6 8 7 17 8
8 7 7 7 17 8
7 7 9 7 17 8
7 9 6 7 17 8
8 7 6 7 17 8
6 8 7 7 17 8
6 7 8 9 17 8
7 7 10 9 17 8
7 7 6 7 17 8
7 7 7 7 17 8
6 7 9 7 17 8
6 7 6 7 17 8
6 6 8 7 17 8
7 6 8 7 17 8
8 7 7 9 17 8
9 7 7 7 17 8
7 7 6 9 17 8
7 7 7 7 17 8
6 8 6 9 17 8
7 7 6 7 17 8
7 9 7 9 17 8
6 7 6 7 17 8
6 7 8 7 17 8
7 6 8 7 17 9
6 11 6 7 17 9
7 6 7 7 17 9
7 6 8 9 17 9
6 6 7 7 17 9
6 7 6 8 17 9
8 11 8 7 17 9
6 7 7 9 17 9
7 11 6 7 17 9
7 7 8 7 17 9
9 7 9 9 17 9
6 7 6 7 17 9
6 6 8 7 17 9
6 8 6 7 17 9
9 7 10 7 17 9
6 7 8 7 17 9
7 7 6 7 17 9
8 9 7 8 17 9
7 7 6 9 17 9
7 7 6 7 17 9
7 7 7 7 17 9
8 7 6 9 17 9
6 6 7 7 17 9
6 10 8 7 17 9
6 9 7 7 17 9
6 7 7 7 17 9
7 7 9 7 17 9
6 9 8 9 17 9
6 8 20 7 17 9
7 7 7 7 17 9
7 7 6 9 17 9
9 7 6 8 17 9
6 6 7 7 17 9
6 7 7 7 17 9
7 7 9 7 17 9
6 7 9 9 17 9
6 7 7 6 17 9
6 7 6 7 17 9
8 6 9 7 17 9
6 7 20 7 17 9
6 7 6 9 17 9
8 7 6 7 17 9
7 11 6 7 17 8
6 7 6 7 17 8
8 11 7 9 17 8
7 9 8 7 17 8
6 7 7 7 17 8
6 9 7 7 17 8
7 7 6 9 17 8
7 9 8 6 17 8
8 6 6 9 17 8
6 7 8 7 17 8
6 6 8 9 17 8
7 10 7 7 17 8
7 6 6 9 17 8
6 6 7 7 17 8
7 6 6 7 17 8
7 11 6 7 17 8
6 7 7 7 17 8
8 7 8 7 17 8
7 7 7 7 17 8
6 8 6 7 17 9
8 6 6 7 17 9
8 8 6 7 17 9
6 6 6 7 17 9
9 7 6 7 17 9
6 7 7 7 17 9
8 9 7 7 17 9
8 7 7 7 17 9
6 7 7 7 17 9
7 7 6 7 17 9
6 6 6 7 17 9
8 7 6 8 17 9
6 6 6 7 17 9
6 7 7 7 17 9
6 6 7 7 17 9
6 7 8 8 17 9
7 6 7 9 17 9
9 7 6 7 17 9
6 8 7 7 17 9
6 7 19 9 17 9
7 9 7 7 17 9
6 7 6 7 17 9
7 9 7 7 17 9
6 7 7 7 17 9
6 9 7 7 17 9
6 7 6 9 17 9
8 9 6 7 17 9
6 7 6 7 17 9
7 8 6 6 17 9
6 10 6 9 17 9
7 7 6 7 17 9
7 7 6 8 17 9
6 7 6 7 17 9
6 7 6 7 17 9
9 6 8 6 17 9
6 6 7 7 17 9
7 6 6 7 17 9
6 7 6 7 17 9
7 7 8 9 17 9
6 7 7 7 17 9
6 7 6 9 17 9
6 17 6 6 17 9
7 7 8 7 17 9
6 8 7 8 17 9
6 9 9 7 17 9
6 7 7 7 17 9
7 6 7 7 17 9
6 7 7 7 17 9
7 7 9 7 17 9
7 7 6 7 17 9
6 6 7 7 17 9
7 7 6 7 17 9
6 7 9 7 17 9
6 7 7 7 17 9
6 7 8 7 17 9
6 6 6 7 17 9
8 7 6 9 17 9
7 7 8 7 17 9
6 6 6 7 17 9
9 6 6 7 17 9
7 7 8 7 17 9
7 6 6 6 17 19
6 8 6 6 17 19
7 7 7 7 17 19
6 6 8 7 17 19
6 6 6 7 17 19
8 6 7 7 17 19
8 7 7 7 17 19
6 6 7 6 17 19
8 6 6 7 17 19
6 6 6 7 17 19
6 6 6 9 17 19
6 7 8 7 17 19
6 19 8 9 17 19
7 19 6 7 17 19
6 6 7 9 17 19
6 6 6 7 17 19
7 6 7 6 17 19
6 6 6 7 17 19
7 7 8 6 17 19
6 6 6 7 17 19
6 6 7 8 17 19
8 19 6 7 17 19
7 7 6 7 17 19
6 7 6 7 17 19
6 7 6 7 17 19
6 6 6 7 17 19
6 7 6 7 17 19
6 7 8 6 17 19
6 7 8 7 17 19
6 7 6 6 17 19
6 6 6 7 9 8
7 6 7 7 9 8
6 6 8 7 9 8
6 7 6 6 9 8
6 6 6 7 9 8
6 6 6 6 9 8
6 7 8 7 9 8
6 6 7 9 9 8
6 6 7 6 9 8
6 7 7 6 9 8
7 6 6 7 9 8
6 7 6 7 9 8
6 7 6 7 9 8
6 6 7 7 9 8
7 6 8 6 9 8
6 7 6 7 9 8
7 7 6 7 9 8
6 7 8 7 9 8
6 8 6 7 9 8
6 7 6 7 9 8
6 6 6 7 9 8
6 7 7 7 9 8
6 6 6 7 9 8
7 6 6 7 9 8
7 6 6 7 9 8
6 6 7 8 9 8
6 7 7 7 9 8
6 6 6 7 9 8
6 6 7 7 9 8
6 7 6 7 9 8
6 8 6 7 9 8
6 7 8 7 9 8
6 6 6 9 9 8
6 7 6 7 9 8
7 6 8 7 9 8
6 6 6 7 9 8
6 7 6 7 9 8
6 7 6 7 9 8
6 6 6 7 9 8
6 7 6 7 9 8
8 6 7 7 9 8
6 6 7 6 9 8
6 9 7 7 9 8
6 6 6 6 9 8
7 7 8 7 9 8
7 6 6 7 9 8
6 6 8 7 9 8
6 7 6 6 9 8
6 7 7 7 9 8
6 6 7 7 9 8
7 6 6 6 9 8
5 7 6 6 9 8
6 7 6 6 9 8
7 6 6 7 9 8
6 6 6 6 9 8
6 7 6 7 9 8
6 6 6 7 9 8
6 6 6 6 9 8
6 7 6 7 9 8
6 6 6 6 9 8
6 6 6 8 9 8
6 7 6 8 9 8
6 7 7 7 9 8
6 6 8 7 9 8
6 6 6 6 9 8
6 8 6 7 9 8
6 7 6 6 9 8
6 6 7 7 9 8
6 6 6 7 9 8
6 6 6 6 9 8
7 7 6 7 9 8
6 7 6 7 9 8
7 6 7 7 9 8
6 7 6 7 9 8
6 7 6 7 9 8
6 6 7 6 9 8
6 6 6 7 9 8
6 6 6 6 9 8
6 7 7 7 9 8
7 11 6 7 9 8
6 6 8 7 9 8
6 7 7 6 9 8
6 6 6 7 9 8
6 7 7 7 9 8
7 7 7 7 9 8
6 6 6 5 9 8
6 6 6 7 9 8
7 7 6 7 9 8
6 6 6 7 9 8
6 6 6 6 9 8
6 7 6 6 9 8
5 6 6 7 9 8
6 6 6 7 9 8
6 7 6 7 9 7
6 6 7 6 9 7
5 7 6 7 9 7
7 6 6 6 9 7
5 7 6 6 9 7
7 7 6 7 9 7
6 7 6 7 9 7
7 7 6 5 9 7
6 7 6 7 9 7
7 7 6 7 9 7
7 8 6 7 9 7
6 6 6 6 9 7
6 6 6 7 9 7
6 7 6 6 9 7
6 6 6 6 9 7
6 6 6 7 9 7
5 6 6 7 9 7
6 7 7 5 9 7
6 6 6 6 9 7
7 7 6 7 9 7
6 6 6 5 9 7
7 6 7 7 9 7
6 7 7 7 9 7
6 6 5 7 9 7
6 7 6 7 9 7
5 7 6 7 9 7
6 6 6 5 9 7
6 6 6 7 9 7
6 6 7 6 9 7
6 7 6 7 9 7
6 6 6 5 9 7
6 6 7 5 9 7
6 6 6 6 9 7
7 7 8 6 9 7
8 6 6 6 9 7
6 6 6 5 9 7
5 7 6 7 9 7
6 7 5 7 9 7
6 6 5 6 9 7
6 7 6 7 9 7
6 6 6 5 9 7
6 6 5 7 9 7
6 6 5 7 9 7
6 6 5 5 9 7
6 6 6 7 9 7
6 6 6 7 9 7
7 7 7 7 9 7
5 7 6 7 9 7
6 7 6 7 9 7
6 6 6 6 9 7
6 6 7 7 9 7
6 6 7 6 9 7
6 7 6 7 9 7
6 7 6 5 9 7
6 7 6 5 9 7
6 6 5 6 9 7
6 7 7 7 9 7
7 6 7 6 9 7
6 6 6 7 9 7
6 7 6 5 9 7
7 6 7 7 9 7
5 6 6 6 9 7
6 6 6 7 9 7
6 6 6 6 9 7
6 6 6 7 9 7
5 7 6 6 9 7
6 6 6 7 9 7
6 6 7 6 9 7
6 6 7 7 9 7
6 6 6 7 9 7
5 6 7 7 9 7
7 6 7 7 9 7
6 6 7 6 9 7
6 6 5 7 9 7
6 6 8 7 9 7
6 6 5 7 9 7
5 7 7 5 9 7
6 6 7 5 9 7
6 6 5 7 9 7
6 5 5 5 9 7
5 7 7 7 9 7
6 6 7 7 9 7
6 7 8 7 9 7
6 5 5 5 9 7
6 6 7 7 9 7
6 5 6 7 9 7
7 6 6 6 9 7
6 6 6 7 9 7
6 6 7 5 9 7
6 6 6 7 9 7
6 7 5 6 9 7
6 6 6 7 9 7
7 7 6 5 9 7
6 6 7 7 9 7
6 6 6 5 9 7
6 7 6 7 9 7
5 7 7 6 9 7
6 6 6 7 9 7
5 5 6 6 9 7
6 6 6 6 9 7
5 7 6 5 9 7
6 6 6 5 9 7
5 7 6 5 9 7
5 5 5 5 9 7
6 6 7 7 9 7
5 6 6 5 9 7
6 6 7 6 9 7
6 7 6 7 9 7
5 6 7 7 9 7
6 7 6 5 9 7
6 7 5 6 9 7
5 7 7 7 9 7
6 7 6 7 9 7
7 6 6 7 9 7
6 7 6 5 9 7
6 7 7 7 9 7
7 6 5 7 9 7
5 6 6 6 9 7
7 6 5 5 9 7
6 5 6 7 9 7
6 7 6 7 9 7
6 7 6 7 9 7
6 6 6 7 9 7
6 8 6 6 9 7
6 7 6 7 9 7
6 7 6 7 9 7
6 6 5 7 9 7
6 7 6 7 9 7
6 6 6 7 9 7
6 6 6 5 9 7
5 7 5 6 9 7
6 6 5 7 9 7
5 6 6 7 9 7
6 7 5 7 9 7
6 6 7 7 9 7
6 6 7 6 9 7
5 7 6 7 9 7
6 6 6 7 9 7
6 7 6 7 9 7
6 6 7 7 9 7
6 7 6 7 9 7
6 6 6 7 9 7
6 6 5 7 9 7
6 7 6 5 9 7
6 6 5 5 9 7
5 7 6 7 9 7
6 7 6 7 9 7
6 7 6 7 9 7
6 7 6 7 9 7
6 6 6 7 9 7
6 6 6 7 9 7
7 6 6 5 9 7
6 7 6 7 9 7
5 6 5 5 9 7
6 6 6 5 9 7
6 7 7 7 9 7
6 6 6 5 9 7
7 7 7 7 9 7
6 7 6 7 9 7
6 7 5 7 9 7
6 7 7 7 9 7
6 6 5 5 9 7
7 6 6 7 9 7
6 7 7 7 9 7
6 6 6 6 9 7
6 7 7 7 9 7
6 6 7 6 9 7
6 6 6 5 9 7
5 6 6 5 9 7
6 5 6 5 9 7
6 7 6 7 9 7
5 7 6 7 9 7
6 6 5 6 9 7
7 6 6 7 9 7
5 6 6 7 9 7
6 7 6 6 9 7
6 6 6 7 9 7
6 7 7 7 9 7
6 6 5 5 9 7
6 7 7 7 9 7
6 6 7 7 9 7
6 7 5 5 9 7
6 6 7 5 9 7
6 7 6 6 9 7
6 7 5 6 9 7
6 7 6 5 9 7
7 7 5 6 9 7
5 6 5 7 9 7
6 6 5 5 9 7
6 6 6 5 9 7
5 7 7 7 9 7
5 6 6 5 9 7
6 5 6 5 9 7
5 6 7 6 9 7
6 6 5 5 9 7
6 6 5 7 9 7
6 6 5 7 9 7
6 6 5 7 9 7
5 6 8 7 9 7
6 7 7 8 9 7
6 6 6 5 9 7
5 6 5 5 9 7
6 7 6 7 9 7
6 6 6 8 9 7
5 5 7 5 9 7
5 6 6 7 9 7
6 6 6 6 9 7
5 6 5 5 9 7
6 6 5 5 9 7
5 6 6 5 9 7
5 6 5 7 9 7
6 7 7 7 9 7
6 6 7 5 9 7
6 6 6 7 9 7
6 6 5 5 9 7
6 6 6 5 9 7
5 7 6 5 9 7
5 6 5 5 9 7
5 7 6 7 9 7
7 6 5 5 9 7
5 6 6 7 9 7
6 7 5 7 9 7
5 7 6 5 9 7
6 7 5 7 9 7
6 6 6 7 9 7
7 6 5 7 9 7
5 6 5 5 9 7
6 6 5 5 9 7
6 6 6 6 9 7
5 6 6 7 9 7
5 8 5 7 9 7
6 6 6 5 9 7
6 7 5 5 9 7
5 7 5 6 9 7
6 7 5 6 9 7
6 6 6 7 9 7
6 6 5 6 9 7
6 6 5 7 9 7
6 7 6 7 9 7
6 7 5 7 9 7
6 6 5 7 9 7
5 7 5 7 9 7
5 6 5 6 9 7
5 6 6 5 9 7
5 5 6 7 9 7
6 6 7 6 9 7
5 6 5 7 9 7
5 6 7 7 9 7
6 6 6 7 9 7
8 6 5 7 9 7
6 6 6 5 9 7
6 6 6 7 9 7
5 7 7 5 9 7
5 7 6 7 9 7
6 6 5 7 9 7
5 6 6 5 9 7
6 6 6 7 9 7
5 6 6 5 9 7
7 6 5 5 9 7
5 6 6 5 9 7
6 6 5 6 9 7
6 6 5 7 9 7
6 6 5 5 9 7
5 6 5 5 9 7
6 5 5 6 9 7
5 6 5 7 9 7
6 6 6 5 9 7
6 6 6 5 9 7
5 6 6 6 9 7
7 6 5 5 9 7
6 6 7 6 9 7
6 7 5 6 9 7
6 6 6 7 9 7
5 6 6 5 9 7
5 6 5 5 9 7
6 5 5 7 9 7
6 6 5 5 9 7
6 6 6 5 9 7
5 6 6 5 9 7
5 6 6 7 9 7
6 7 6 6 9 7
6 6 4 6 9 7
6 5 5 6 9 7
6 6 5 7 9 7
6 7 5 5 9 7
5 6 5 5 9 7
5 6 4 5 9 7
5 6 6 6 9 7
5 6 5 7 9 7
5 7 5 7 9 7
5 6 5 7 9 7
6 5 6 5 9 7
6 6 5 5 9 7
6 6 6 5 9 7
6 6 6 6 9 7
5 6 6 6 9 7
5 6 6 6 9 7
6 6 6 5 9 7
6 6 5 5 9 7
6 7 5 7 9 7
6 7 7 7 9 7
8 8 5 5 9 7
5 7 5 5 9 7
4 5 5 6 9 7
6 6 5 5 9 7
5 6 7 5 9 7
6 6 6 5 9 7
6 6 5 5 9 7
5 7 6 7 9 7
6 7 6 5 9 7
5 6 6 7 9 7
5 6 5 5 9 7
5 7 6 5 9 7
5 7 5 5 9 7
7 6 7 7 9 7
5 7 6 5 9 7
5 7 5 5 9 7
6 7 5 5 9 7
5 6 6 5 9 7
6 5 5 5 9 7
6 6 6 7 9 7
8 6 6 6 9 7
8 6 5 5 9 7
6 6 5 7 9 7
5 7 5 5 9 7
5 6 5 5 9 7
6 6 6 6 9 7
5 6 5 7 9 7
5 6 4 5 9 7
6 6 6 5 9 7
6 5 5 5 9 7
5 6 5 5 9 7
6 6 7 7 9 7
6 7 5 6 9 7
6 8 5 6 9 7
5 6 5 5 9 7
5 5 5 5 9 7
6 6 6 5 9 7
5 6 5 7 9 7
6 6 8 6 9 7
8 7 7 5 9 7
6 6 6 7 9 7
5 6 6 5 9 7
5 6 7 5 9 7
5 7 6 5 9 7
6 6 5 5 9 7
5 6 5 5 9 7
5 6 5 7 9 7
5 6 6 7 9 7
6 6 5 6 9 7
5 6 5 6 9 7
5 6 6 7 9 7
5 6 5 8 9 7
6 6 5 7 9 7
5 7 7 5 9 7
6 6 5 5 9 7
5 7 6 5 9 7
6 6 5 7 9 7
6 6 6 5 9 7
5 6 5 5 9 7
6 6 7 5 9 7
6 6 6 7 9 7
5 6 5 5 9 7
5 6 7 5 9 7
6 7 6 7 9 7
5 6 5 6 9 7
6 6 6 5 9 7
6 6 5 7 9 7
5 5 6 6 9 7
7 7 5 6 9 7
6 6 7 5 9 7
6 6 6 5 9 7
6 6 5 5 9 7
6 6 6 5 9 7
5 6 5 6 9 7
6 6 4 7 9 7
5 7 6 5 9 7
6 6 6 6 9 7
7 6 6 5 9 7
5 6 5 5 9 7
8 5 5 6 9 7
5 6 5 5 9 7
5 5 5 5 9 7
5 6 5 6 9 7
6 6 7 5 9 7
5 6 4 5 9 7
5 7 6 7 9 7
6 6 5 7 9 7
5 7 5 5 9 7
6 5 5 7 9 7
5 6 5 6 9 7
5 6 5 5 9 7
5 6 5 7 9 7
6 6 6 7 9 7
6 5 6 5 9 7
5 6 5 6 9 7
5 6 7 5 9 7
5 7 5 7 9 7
5 6 5 7 9 7
6 6 6 7 9 7
5 6 6 7 9 7
5 6 6 7 9 7
5 6 6 7 9 7
5 6 6 5 9 7
5 5 5 7 9 7
6 6 6 6 9 7
6 7 6 5 9 7
6 7 6 5 9 7
