RIndependent Gonzalez BaselineGreedy Bottleneck FullyDynamic
41 57 43 51 48
38 69 46 39 48
45 2147483647 46 40 48
40 2147483647 48 45 48
43 2147483647 44 41 48
46 2147483647 48 40 48
52 56 46 39 48
35 2147483647 61 39 48
42 2147483647 49 41 48
44 2147483647 48 39 48
36 2147483647 61 44 48
43 132 49 47 48
36 2147483647 50 43 48
45 96 47 36 48
39 97 46 45 48
42 2147483647 55 40 48
39 2147483647 51 47 48
36 2147483647 47 40 48
40 2147483647 50 45 48
42 2147483647 43 37 48
43 2147483647 48 44 48
43 123 47 37 48
37 2147483647 47 40 48
44 2147483647 43 38 48
44 101 44 45 48
41 2147483647 45 37 48
40 103 46 55 48
37 2147483647 49 40 48
55 127 44 40 48
41 108 49 42 48
41 2147483647 46 37 48
45 2147483647 46 40 48
46 57 47 40 48
38 2147483647 46 44 48
37 2147483647 43 41 48
40 2147483647 46 44 48
49 2147483647 47 37 48
41 112 46 40 48
38 2147483647 52 42 48
43 2147483647 47 38 48
40 2147483647 43 45 48
46 2147483647 48 42 48
51 118 48 45 48
41 2147483647 48 40 48
33 2147483647 58 44 49
39 2147483647 43 42 49
40 2147483647 51 42 49
41 2147483647 49 51 49
43 2147483647 44 39 49
42 2147483647 44 40 49
46 2147483647 52 34 49
41 2147483647 46 38 47
39 134 49 40 47
39 137 43 44 47
39 2147483647 43 37 47
38 109 46 39 47
38 2147483647 44 37 47
39 2147483647 43 40 47
29 2147483647 44 39 48
30 2147483647 40 39 48
37 2147483647 43 39 48
41 2147483647 45 32 48
37 133 46 38 48
38 2147483647 47 37 48
38 2147483647 47 33 48
38 2147483647 40 33 48
36 2147483647 47 36 48
33 54 43 39 48
37 2147483647 43 37 48
38 2147483647 45 37 48
36 2147483647 43 32 48
32 64 43 34 48
32 2147483647 43 37 48
40 2147483647 44 38 48
37 2147483647 43 41 48
36 2147483647 45 39 48
37 115 44 34 48
31 139 46 33 48
35 2147483647 43 35 48
32 2147483647 46 32 48
32 2147483647 43 35 48
41 142 43 36 48
33 56 43 35 48
42 2147483647 43 32 48
30 2147483647 43 37 48
37 2147483647 46 34 48
31 61 46 36 48
35 2147483647 43 37 48
39 2147483647 43 31 48
29 2147483647 45 36 48
29 54 41 35 48
37 2147483647 43 36 48
36 2147483647 42 36 48
40 2147483647 46 30 48
35 110 47 33 48
38 2147483647 39 31 48
34 2147483647 43 34 48
39 118 43 39 48
35 75 43 38 48
39 68 43 38 48
38 2147483647 46 32 48
30 2147483647 43 32 48
31 2147483647 43 37 48
31 49 43 33 48
39 2147483647 47 41 48
33 2147483647 46 35 48
29 2147483647 46 39 48
36 2147483647 44 32 48
33 2147483647 43 40 48
30 2147483647 43 33 48
37 73 43 39 48
40 2147483647 43 39 48
35 2147483647 43 37 48
32 2147483647 43 34 48
37 2147483647 43 35 48
31 2147483647 43 34 48
37 51 47 36 48
41 2147483647 43 37 48
31 2147483647 43 37 48
34 2147483647 45 30 48
32 2147483647 43 34 48
37 2147483647 46 41 48
34 61 41 35 48
36 2147483647 43 36 48
36 2147483647 40 33 48
32 2147483647 42 32 48
37 113 42 35 48
38 2147483647 48 34 48
28 61 47 36 48
38 63 43 36 48
32 72 43 39 48
35 2147483647 47 33 48
34 42 43 30 48
38 2147483647 44 36 48
38 2147483647 46 31 48
36 2147483647 43 35 48
38 2147483647 42 34 48
37 2147483647 43 32 48
39 110 43 37 48
33 2147483647 44 34 48
38 93 43 33 48
30 2147483647 45 36 48
38 2147483647 42 33 48
38 118 43 33 48
36 2147483647 44 42 48
36 2147483647 42 34 48
33 2147483647 40 36 48
36 2147483647 43 34 48
36 2147483647 43 30 48
34 2147483647 42 29 48
41 2147483647 46 36 48
32 2147483647 43 41 48
33 2147483647 43 32 48
36 2147483647 48 34 48
35 2147483647 42 34 48
41 2147483647 45 36 48
40 2147483647 46 34 48
30 2147483647 43 29 48
42 2147483647 43 36 48
35 2147483647 43 37 48
31 2147483647 44 36 47
38 2147483647 42 35 46
37 40 40 40 46
31 2147483647 43 36 46
36 2147483647 43 37 46
35 2147483647 42 31 46
34 2147483647 43 36 46
38 2147483647 43 34 46
37 2147483647 43 35 46
39 2147483647 38 33 46
32 2147483647 46 40 46
35 2147483647 40 36 46
35 2147483647 43 41 46
35 2147483647 46 33 46
29 2147483647 40 37 46
38 2147483647 46 29 46
33 2147483647 43 36 46
30 2147483647 39 35 46
34 2147483647 41 35 46
30 2147483647 41 35 46
38 2147483647 45 33 46
37 109 41 34 43
33 2147483647 43 35 43
35 2147483647 37 38 43
40 2147483647 43 37 43
32 51 37 34 43
31 2147483647 43 41 43
35 62 43 31 43
31 2147483647 34 31 43
34 2147483647 36 33 43
40 2147483647 38 36 42
31 2147483647 35 38 42
36 2147483647 41 32 42
32 110 38 30 42
29 54 35 38 42
31 2147483647 45 31 45
34 2147483647 42 35 45
31 2147483647 45 30 45
32 2147483647 36 35 45
29 2147483647 33 34 45
30 2147483647 45 34 45
29 2147483647 41 31 41
30 2147483647 34 30 36
31 97 29 30 36
30 2147483647 36 32 36
30 109 34 28 37
34 2147483647 36 31 37
27 2147483647 39 29 37
30 2147483647 39 31 37
31 2147483647 33 29 36
34 2147483647 36 27 36
28 2147483647 36 30 36
29 108 38 31 36
34 2147483647 30 29 36
31 2147483647 36 27 36
31 76 36 26 36
32 2147483647 38 27 36
24 2147483647 35 29 36
32 2147483647 36 34 36
30 2147483647 36 31 36
35 2147483647 38 29 36
31 43 38 32 36
30 2147483647 29 29 36
32 2147483647 35 29 36
27 2147483647 37 33 36
29 2147483647 31 28 36
35 2147483647 36 33 36
29 2147483647 36 28 36
26 2147483647 36 27 36
29 35 28 35 36
29 2147483647 36 27 36
28 2147483647 29 25 36
31 2147483647 28 27 36
27 2147483647 35 34 36
33 88 36 28 36
34 34 36 35 36
29 74 36 35 36
29 2147483647 30 26 36
29 2147483647 34 34 36
28 104 34 32 36
34 2147483647 32 29 36
28 2147483647 27 33 36
30 2147483647 35 33 36
28 2147483647 31 30 36
29 2147483647 34 29 36
25 2147483647 27 33 36
31 121 34 25 36
31 39 34 32 36
29 2147483647 28 33 36
25 2147483647 29 25 33
26 37 31 26 33
29 104 29 31 33
34 2147483647 29 25 33
30 2147483647 32 26 33
33 2147483647 36 31 33
26 109 33 32 33
28 82 32 27 33
30 2147483647 30 27 33
26 2147483647 28 29 33
26 51 29 24 33
28 2147483647 29 23 33
23 35 31 28 33
27 109 35 28 33
28 2147483647 32 32 33
29 2147483647 31 28 33
28 2147483647 34 31 33
29 35 31 30 32
29 67 31 29 32
27 2147483647 31 27 32
27 2147483647 33 33 32
29 2147483647 36 24 32
27 2147483647 28 31 32
23 2147483647 33 32 32
26 2147483647 33 26 32
27 2147483647 26 33 26
27 2147483647 33 28 26
28 101 26 28 26
27 2147483647 28 24 26
23 2147483647 29 24 36
24 42 29 25 36
20 2147483647 29 33 36
29 48 27 28 36
25 2147483647 32 31 36
25 64 37 27 36
32 2147483647 36 22 36
27 2147483647 34 33 36
30 2147483647 27 24 36
27 2147483647 30 27 36
30 2147483647 36 26 36
27 2147483647 33 27 36
27 2147483647 25 28 36
23 2147483647 36 24 36
26 46 26 29 36
25 2147483647 32 26 36
27 2147483647 26 27 36
22 2147483647 30 25 36
30 2147483647 24 27 36
30 2147483647 30 29 36
22 2147483647 24 25 36
25 2147483647 32 23 36
30 2147483647 32 33 36
25 2147483647 33 30 36
25 53 25 23 36
22 2147483647 36 25 36
29 2147483647 25 28 36
23 42 36 25 36
28 2147483647 30 23 36
29 2147483647 32 23 36
23 2147483647 28 25 36
24 2147483647 29 24 36
19 65 23 20 25
23 2147483647 31 25 26
29 2147483647 33 25 26
26 57 29 21 26
22 2147483647 29 22 26
21 68 27 23 26
20 2147483647 27 27 26
20 65 28 27 26
25 2147483647 31 26 26
26 2147483647 26 23 26
25 2147483647 29 22 26
25 34 27 23 26
25 47 26 22 26
19 2147483647 26 22 26
21 43 28 21 26
21 2147483647 28 21 26
24 60 26 22 26
17 2147483647 26 23 26
19 2147483647 26 18 26
20 71 26 21 26
21 2147483647 26 18 26
19 2147483647 23 20 26
21 68 23 20 26
20 72 26 21 26
21 42 26 19 26
19 86 26 17 26
18 83 26 20 26
20 53 26 19 26
20 2147483647 26 21 26
21 2147483647 26 20 26
17 2147483647 26 21 26
19 66 24 20 26
21 46 23 21 24
20 2147483647 23 21 24
18 2147483647 25 18 24
17 68 24 18 24
19 2147483647 23 21 24
17 2147483647 24 20 24
17 2147483647 23 19 24
18 41 24 19 24
20 2147483647 24 20 24
20 2147483647 23 23 24
19 23 24 18 24
19 2147483647 23 19 24
20 87 23 19 24
19 71 24 21 24
18 2147483647 23 18 24
20 2147483647 23 17 24
21 2147483647 23 20 24
21 29 23 22 24
18 56 24 19 24
20 58 23 19 24
19 2147483647 23 20 24
18 61 24 21 24
24 2147483647 23 24 24
20 2147483647 23 20 24
20 42 23 20 24
18 74 23 20 24
24 80 23 21 24
20 66 24 18 24
20 40 23 19 24
22 2147483647 24 19 24
20 86 24 17 24
20 2147483647 23 22 24
19 45 23 21 24
20 74 23 21 24
19 2147483647 24 16 24
20 33 23 18 24
18 86 23 21 24
20 29 24 17 24
20 67 23 22 24
17 2147483647 25 18 24
18 67 23 19 24
20 69 23 21 24
17 2147483647 23 18 24
19 42 23 22 24
18 45 24 21 24
18 2147483647 24 19 24
21 41 23 21 24
18 2147483647 24 23 24
21 2147483647 23 19 24
17 67 24 19 24
19 74 23 19 24
22 2147483647 23 18 24
18 71 21 22 24
20 40 23 20 24
18 2147483647 23 18 24
22 2147483647 23 18 24
19 2147483647 23 19 24
20 2147483647 23 18 24
23 53 24 20 24
