RIndependent Gonzalez BaselineGreedy Bottleneck FullyDynamic
576 472
397 472
716 666
538 667
661 667
719 666
682 667
752 666
667 667
685 667
525 666
568 667
598 667
630 667
568 667
615 667
587 666
562 667
582 666
667 666
667 666
516 330
651 485
595 485
520 485
510 485
486 485
512 485
400 485
492 485
405 485
487 485
485 485
486 485
485 485
488 485
489 485
616 485
480 485
484 484
537 484
520 484
477 484
489 484
483 484
484 484
400 484
484 484
506 484
482 484
400 484
271 412
416 413
481 484
500 484
513 474
503 466
431 466
536 437
448 418
418 418
418 418
415 415
356 415
432 412
279 412
411 411
438 410
409 410
455 410
373 322
338 322
318 291
308 291
293 291
167 160
169 159
197 161
161 161
160 160
173 161
117 116
177 116
184 116
114 116
113 116
117 116
165 116
143 116
113 116
113 116
119 116
170 102
102 102
102 102
104 102
102 102
103 102
108 102
102 102
102 102
105 102
132 102
121 102
107 102
113 102
102 102
102 102
102 102
102 102
148 102
102 102
102 102
104 102
102 102
151 102
102 102
109 102
103 102
117 102
128 102
102 102
119 102
113 102
102 102
130 102
102 102
102 102
102 102
112 102
102 102
102 102
102 102
97 102
90 102
137 102
108 102
102 102
102 102
102 102
102 102
102 102
102 102
105 102
102 102
102 102
112 102
102 102
102 102
106 102
102 102
90 102
102 102
102 102
119 102
104 102
102 102
117 102
102 102
102 102
102 102
102 102
103 102
113 102
90 102
102 102
116 102
106 102
102 102
102 102
90 102
102 102
104 102
90 102
102 102
106 102
102 102
90 102
102 102
102 102
137 102
102 102
102 102
106 102
92 102
102 102
102 102
102 102
102 102
102 102
106 102
102 102
106 102
102 102
108 102
102 102
113 102
102 102
140 102
102 102
146 102
102 102
102 102
109 102
102 102
106 102
102 102
102 102
102 102
103 102
102 102
102 102
102 102
128 102
102 102
102 102
102 102
102 102
106 102
102 102
102 102
102 102
102 102
102 102
102 102
90 102
102 102
102 102
102 102
102 102
102 102
102 102
102 102
102 102
128 102
102 102
102 102
102 102
102 102
102 102
102 102
102 102
102 102
102 102
102 102
102 102
102 102
103 102
128 102
102 102
102 102
102 102
102 102
102 102
113 102
127 102
102 102
121 102
90 102
102 102
102 102
105 102
102 102
102 102
102 102
117 102
102 102
102 102
102 102
102 102
102 102
102 102
102 102
102 102
102 102
102 102
102 102
110 102
102 102
90 102
127 102
102 102
102 102
102 102
102 102
102 102
102 102
102 102
102 102
102 102
102 102
102 102
122 102
102 102
102 102
102 102
102 102
102 102
102 102
106 102
102 102
106 102
102 102
102 102
104 102
102 102
128 102
102 102
102 102
102 102
102 102
102 102
102 102
102 102
85 89
89 89
87 89
92 89
87 89
87 89
87 89
89 89
87 89
89 89
102 89
91 89
100 89
106 89
88 89
90 89
87 89
85 89
86 89
88 89
95 89
102 89
89 89
89 89
88 89
89 89
102 89
91 89
99 89
102 89
87 89
59 89
84 89
87 89
90 89
87 89
78 89
88 89
92 89
102 89
90 89
87 89
105 89
87 89
92 89
87 89
88 89
88 89
87 89
86 89
91 89
102 89
87 89
88 89
94 89
87 89
102 89
102 89
102 89
51 52
53 52
78 52
57 52
57 52
62 59
66 59
72 59
61 59
59 59
103 59
69 59
62 59
62 59
59 59
63 59
76 59
61 59
60 59
61 59
62 59
62 59
62 59
68 68
68 68
68 68
68 68
68 68
68 68
68 68
59 68
68 68
69 68
73 68
68 68
70 68
68 68
77 68
77 68
68 68
68 68
68 68
69 68
73 68
68 68
102 68
68 68
68 68
99 68
68 68
68 68
68 68
68 68
68 68
68 68
68 68
68 68
68 68
68 68
85 68
68 68
68 68
68 68
68 68
62 68
79 68
68 68
68 68
68 68
76 68
59 68
68 68
68 68
72 68
68 68
71 68
68 68
68 68
68 68
68 68
68 68
68 68
68 68
68 68
68 68
68 68
70 68
59 68
68 68
68 68
68 68
103 68
68 68
68 68
68 68
68 68
68 68
68 68
68 68
80 68
68 68
68 68
68 68
68 68
79 68
68 68
68 68
68 68
68 68
68 68
68 68
68 68
68 68
68 68
52 52
64 52
52 52
52 52
51 52
52 52
62 52
52 52
55 52
51 52
58 52
68 52
68 52
58 52
51 52
74 52
57 52
54 52
51 52
58 52
66 52
60 44
44 44
44 44
44 44
43 43
52 43
68 43
46 43
41 43
43 43
43 43
68 43
51 43
46 43
42 43
43 43
42 43
55 43
44 43
42 43
43 43
66 43
44 43
43 43
47 43
55 43
43 43
63 43
52 43
53 43
43 43
42 43
43 43
43 43
43 43
44 43
43 43
43 43
42 43
54 43
42 43
42 43
43 43
43 43
43 43
46 43
52 43
52 43
47 43
43 43
43 43
50 43
45 43
42 43
43 43
42 43
42 43
43 43
45 43
43 43
42 43
42 43
43 43
42 43
51 43
41 43
44 43
43 43
43 43
45 43
42 43
42 43
54 43
45 43
56 43
48 43
66 43
68 43
46 43
42 43
43 43
42 43
44 43
46 43
43 43
64 43
62 43
43 43
70 43
48 43
44 43
42 43
43 43
42 43
53 43
56 43
43 43
43 43
43 43
41 43
44 43
45 43
47 43
43 43
42 43
45 43
44 43
50 43
58 43
45 43
68 43
46 43
43 43
56 43
43 43
53 43
43 43
43 43
47 43
42 43
47 43
56 43
68 43
42 43
51 43
54 43
46 43
46 43
53 43
49 43
44 43
52 43
42 43
59 43
42 43
46 43
42 43
56 43
50 43
56 43
45 43
42 43
53 43
43 43
45 43
45 43
45 43
43 43
45 43
44 43
43 43
42 43
44 43
45 43
43 43
60 43
46 43
43 43
44 43
62 43
51 43
42 43
47 43
46 43
44 43
41 43
40 43
43 43
42 43
45 43
52 43
41 43
46 43
43 43
51 43
45 43
43 43
43 43
42 43
68 43
43 43
52 43
40 43
