RIndependent Gonzalez BaselineGreedy Bottleneck FullyDynamic
6332 6784
4431 6619
6570 8792
8798 8798
8792 8268
8504 5531
8792 8296
8792 7626
8792 5491
8794 8280
8632 6966
8577 8745
9202 8745
8745 8745
8747 8745
8745 8745
8745 8745
6322 8745
8745 8745
5517 6667
8745 8745
8753 8745
8799 6432
8745 7073
6860 8745
8947 8745
8745 7904
8745 6758
8747 8745
8808 6667
8745 8500
8745 5904
8745 8745
8747 8745
8807 8745
4554 6131
4630 5020
6488 4911
6245 8741
8379 9415
8379 8740
8382 8369
6522 5559
7361 6822
6944 6264
5833 6399
6303 4641
5642 6074
5019 4845
6521 4663
5541 4990
5116 4682
4836 4828
5881 5215
6352 4586
6252 6127
5041 4836
4715 4766
4785 4823
6352 5261
4913 3506
6004 5788
3250 3634
4886 5473
6005 4542
4544 3365
3520 3653
3231 3786
2767 2961
2776 2765
4293 3236
4186 3145
4294 3172
3349 3324
4857 4814
2707 2851
3248 2735
4645 3339
3366 3449
2755 2837
2467 3335
2923 2693
3516 2806
3181 2907
3059 2770
3122 2779
3661 2277
3013 2340
3494 2336
2302 2573
2331 2406
2274 2294
3134 2352
2244 2407
2195 2361
2445 2437
2271 2807
3439 2773
3781 2195
3395 1959
1869 3002
1869 2119
2328 1904
2824 2043
2289 1993
2303 1899
2041 2315
2436 1849
2823 2198
2018 2084
1849 1861
2569 1882
1919 1914
2022 2092
1906 2324
2183 1849
2146 1863
1909 2621
1941 1944
1856 1867
2063 2098
2267 2551
2153 2264
2092 2056
1947 2248
2058 2446
2018 1886
2100 1877
1892 2476
1850 1925
1926 1944
2264 1925
1895 1849
2138 1907
2084 1973
2005 1912
2056 2477
2190 2340
2064 1918
1908 1895
2858 1949
1856 1900
1849 1929
1885 2837
1850 2342
1950 2100
2080 1925
1900 1923
2035 2245
2183 1859
2252 1859
2709 1908
2231 2231
1863 1913
1860 1900
2422 2066
1995 1892
1849 2796
1896 2776
2224 1910
2503 1890
1903 2802
2312 2384
1851 2918
1849 2405
1887 1939
2037 1973
2110 2325
1915 2159
2082 1857
1895 1941
1961 1849
1906 1879
1931 2930
1961 1869
1941 1940
2071 2076
1863 1953
2291 1872
1849 2154
2435 2216
1975 1925
2078 2905
1895 2082
1894 2922
2015 1875
2055 1913
1951 1988
1963 2357
1993 2692
2117 2021
1914 1896
2347 1869
1921 1849
1938 1955
2880 1862
2743 1884
1904 1849
1895 1873
1995 2180
1860 2339
1910 2018
1852 2169
1880 2090
2044 1889
1854 1873
1849 1902
2028 1853
1849 2164
2271 1915
2015 1926
1902 1922
1861 2260
2002 1866
1855 1919
1915 1960
1721 1931
1900 1943
2118 2312
2215 2343
1889 1849
1879 1902
1850 1865
1933 1881
1857 2057
1875 1863
1870 2133
1849 1935
2013 1921
1886 1849
1988 1906
2255 1989
2148 1849
2064 1851
2074 1871
1917 1951
1977 1905
1850 1905
1871 2091
1587 1849
1339 1361
1328 1319
1366 1312
1336 1316
1314 1321
1312 1306
1319 1772
1843 1349
1425 1304
1327 1290
1363 1731
1333 1406
1328 1403
1599 1302
1308 1299
1343 1291
1849 1330
1439 1404
1705 1294
1312 1344
1320 1312
1340 1384
1350 1371
1332 1387
1344 1324
1325 1291
1461 1612
1362 1321
1632 1307
1537 1302
1420 1383
1317 1306
1331 1322
1314 1318
1345 1313
1308 1324
1313 1323
1349 1310
1345 1323
1312 1113
1354 1284
1316 1598
1320 1396
1499 1626
1351 1304
1494 1291
1335 1338
1329 1311
1361 1308
1307 1297
1320 1375
1404 1447
1329 1324
1323 1310
1329 1358
1401 1366
1345 1332
1320 1299
1309 1345
1402 1343
1344 1308
1317 1323
1322 1287
1326 1293
1327 1620
1366 1291
1499 1292
1337 1312
1310 1317
1381 1302
1311 1317
1328 1284
1345 1304
1378 1588
1309 1500
1535 1315
1618 1573
1333 1280
1307 1324
1317 1492
1316 1374
1352 1308
1317 1326
1312 1297
1312 1372
1351 1336
1318 1388
1232 1152
1345 1295
1342 1283
1311 1378
1356 1312
1570 1403
1355 1307
1332 1420
1348 1346
1460 1583
1469 1331
1394 1310
1308 1277
1598 1498
1351 1325
1459 1385
1337 1508
1316 1435
1314 1342
1328 1411
1312 1344
1336 1459
1319 1300
1516 1304
1313 1310
1467 1478
1131 1422
1410 1504
1307 1455
1510 1376
1315 1334
1351 1295
1369 1411
1332 1305
1333 1298
1338 1312
1380 1294
1314 1295
1327 1346
1324 1300
1348 1348
1307 1299
1316 1321
1321 1494
1355 1422
1305 1306
1322 1318
1452 1373
1345 1313
1345 1362
1320 1298
1391 1363
1390 1505
1394 1164
1312 1245
1307 1296
1591 1370
1354 1303
1350 1445
1382 1308
1320 1338
1460 1336
1342 1302
1314 1386
1596 1336
1310 1301
1327 1590
1306 1306
1359 1294
1329 1511
1454 1403
1310 1281
1309 1308
1308 1311
1315 1340
1337 1339
1378 1387
1311 1313
1650 1307
1314 1506
1398 1298
1524 1428
1322 1310
1467 1468
1312 1344
1410 1298
1649 1311
1314 1309
1313 1496
1322 1324
1348 1294
1329 1318
1334 1396
1330 1511
1416 1300
1318 1428
1321 1315
1332 1318
1329 1361
1349 1316
1446 1372
1324 1316
1335 1346
1351 1403
1358 1309
1344 1293
1309 1318
1378 1292
1328 1363
1338 1411
1316 1307
1378 1313
1478 1313
1608 1324
1322 1375
1530 1310
1472 1302
1504 1310
1560 1292
1553 1315
1280 1388
1316 1379
1334 1339
1351 1323
1317 1313
1505 1349
1315 1349
1375 1335
1310 1475
1378 1315
1327 1329
1359 1346
1325 1304
1328 1289
1354 1318
1378 1290
1356 1358
1326 1304
1335 1527
1321 1358
1346 1363
1343 1311
1488 1346
1461 1348
1500 1303
1345 1296
1317 1439
1312 1354
1318 1293
1330 1468
1336 1307
1332 1375
1313 1318
1320 1316
1331 1564
1312 1213
1345 1353
1327 1327
1309 1484
1313 1308
1323 1332
1307 1432
1305 1276
1318 1405
1321 1265
1403 1305
1342 1480
1313 1304
1380 1322
1393 1392
1386 1314
1357 1309
1357 1308
1334 1617
1337 1310
1375 1335
1323 1307
1525 1382
1312 1309
1312 1327
1403 1331
1461 1361
1197 1321
1312 1317
1309 1311
1378 1297
1349 1320
1378 1389
1499 1325
1353 1315
1318 1336
1406 1351
1316 1314
1315 1293
1310 1315
1310 1278
1618 1299
1313 1301
1458 1455
1315 1306
1314 1281
1311 1426
1310 1327
1325 1335
1346 1424
1331 1318
1471 1300
1328 1300
1319 1294
1345 1583
1364 1302
1157 1306
1342 1357
1378 1331
1308 1344
1653 1361
1401 1619
1313 1408
1334 1475
1307 1305
1320 1312
1435 1305
1313 1315
1312 1289
1317 1327
1345 1343
1322 1284
1329 1322
1315 1322
1331 1377
1337 1524
1312 1327
1307 1435
1334 1278
1309 1333
1323 1274
1360 1309
1308 1347
1361 1458
1336 1302
1330 1335
1315 1346
1323 1277
1316 1566
1309 1591
1310 1333
1310 1303
1381 1491
1307 1122
1309 1330
1335 1304
1350 1309
1296 1322
1207 1283
1307 1354
1307 1286
1350 1299
1402 1307
1424 1289
1345 1501
1550 1496
1325 1288
1314 1334
1313 1399
1348 1318
1319 1390
1392 1300
1391 1348
1316 1319
1312 1310
1323 1162
1406 1169
1482 1283
1322 1316
1334 1289
1338 1349
1320 1262
1319 1308
1325 1306
1309 1332
1515 1351
1308 1341
1315 1326
1310 1314
1338 1276
1344 1322
1350 1606
1376 1493
1316 1319
1352 1308
1345 1321
1383 1317
1604 1330
1483 1306
1333 1357
1243 1307
1406 1293
1248 1537
1575 1313
1324 1303
1315 1532
1376 1305
1310 1312
1309 1315
1327 1317
1315 1341
1389 1286
1314 1324
1384 1310
1338 1157
1310 1319
1310 1327
1309 1285
1308 1292
1439 1366
1373 1324
1313 1375
1312 1311
1314 1287
1375 1306
1474 1391
1309 1302
1328 1293
1308 1305
1338 1302
1484 1297
1400 1354
1311 1321
1391 1322
1309 1301
1316 1355
1348 1368
1294 1408
1320 1320
1326 1305
1308 1333
1448 1285
1314 1307
1494 1301
1320 1301
1348 1298
1317 1279
1345 1410
1408 1336
1455 1308
1304 1306
1459 1296
1617 1317
1123 1619
1366 1311
1585 1374
1316 1302
1397 1331
1307 1409
1345 1310
1328 1320
1347 1478
1384 1334
1315 1299
1316 1302
1318 1137
1311 1305
1344 1345
1315 1304
1310 1304
1375 1391
1315 1308
1320 1346
1318 1301
1310 1324
1344 1535
1319 1311
1341 1281
1332 1331
1322 1525
1470 1315
1474 1294
1327 1296
1310 1301
1312 1313
1161 1301
1311 1323
1325 1323
1319 1285
1308 1514
1450 1325
1479 1330
1561 1333
1310 1301
1326 1339
1310 1308
1363 1306
1329 1295
1312 1595
1308 1310
1342 1290
1309 1334
1336 1301
1317 1293
1337 1312
1490 1303
1406 1299
1307 1295
1309 1295
1324 1292
1307 1305
1353 1299
1488 1301
1310 1381
1333 1305
1375 1343
1321 1307
1309 1312
1347 1253
1315 1304
1313 1305
1309 1149
1377 1312
1326 1284
1310 1313
1308 1402
1318 1282
1375 1595
1322 1307
1344 1301
1368 1268
1313 1287
1316 1287
1329 1381
1310 1300
1308 1292
1312 1325
1321 1289
1240 1294
1315 1280
1325 1304
1309 1287
1400 1365
1311 1382
1310 1322
1413 1297
1319 1500
1183 1297
1326 1307
1309 1312
1550 1297
1322 1309
1614 1322
1310 1300
1308 1377
1328 1299
1215 1299
1310 1317
1404 1320
1315 1553
1310 1293
1307 1307
1328 1303
1404 1309
1318 1319
1314 1332
1310 1434
1114 1305
1310 1303
1313 1222
1327 1293
1348 1305
1326 1424
1309 1318
1311 1294
1361 1330
1605 1316
1345 1296
1314 1304
1330 1323
1312 1146
1491 1361
1320 1313
1312 1382
1359 1292
1322 1180
1306 1577
1319 1372
1315 1601
1505 1299
1316 1308
1338 1583
1545 1101
1308 1274
1325 1358
1313 1317
1309 1302
1428 1447
1333 1311
1308 1375
1381 1318
1309 1482
1451 1308
1319 1279
1375 1292
1493 1298
1310 1316
1326 1305
1345 1324
1317 1305
1315 1298
1222 1312
1314 1332
1156 1308
1324 1309
1314 1316
1310 1310
1457 1548
1317 1474
1326 1307
1435 1287
1316 1287
1328 1281
1321 1294
1309 1304
1318 1341
1309 1309
1526 1330
1343 1307
1486 1415
1327 1423
1318 1297
1310 1280
1321 1339
1307 1480
1308 1306
1315 1389
1338 1185
1334 1295
1320 1304
1307 1583
1331 1337
1113 1360
1311 1326
1320 1299
1328 1291
1508 1293
1333 1303
1311 1322
1318 1362
1326 1312
1348 1302
1357 1306
1166 1287
1470 1274
1363 1450
1315 1306
1317 1505
1326 1306
1334 1299
1320 1316
1326 1447
1394 1307
1465 1290
1328 1296
1345 1308
1307 1295
1310 1308
1113 1250
1356 1410
1398 1366
1404 1299
1311 1468
1306 1290
1308 1289
1309 1318
1308 1268
1151 1272
1317 1259
1308 1293
1313 1284
1335 1341
1309 1344
1337 1308
1314 1333
1398 1341
1385 1307
1310 1295
1316 1291
1310 1324
1357 1305
1325 1307
1311 1312
1317 1320
1310 1316
1352 1421
1434 1308
1309 1300
1279 1356
1316 1297
1360 1338
1308 1304
1328 1307
1369 1535
1549 1276
1329 1273
1321 1341
1324 1300
1564 1484
1347 1281
1320 1297
1123 1301
1308 1316
1241 1354
1507 1291
1113 1322
1434 1330
1316 1307
1311 1315
1311 1293
1381 1360
1313 1352
1328 1574
1523 1206
1308 1312
1311 1362
1438 1448
1341 1307
1430 1304
1309 1305
1309 1323
1313 1514
1313 1310
1308 1314
1324 1290
1348 1306
1421 1293
1309 1570
1338 1337
1319 1327
1468 1303
1377 1315
1307 1304
1328 1303
1310 1293
1378 1340
1353 1299
1323 1275
1531 1319
1312 1328
1343 1477
1442 1296
1310 1304
1314 1289
1306 1326
1383 1305
1309 1464
1311 1311
1315 1289
1422 1295
1367 1296
1308 1381
1309 1332
1315 1296
1415 1194
1313 1299
1335 1340
1364 1310
1317 1295
1328 1114
1415 1317
1309 1306
1311 1378
1316 1314
1330 1293
1317 1351
1308 1310
1314 1234
1313 1317
1310 1296
1319 1298
1311 1410
1311 1316
1310 1366
1306 1315
1307 1305
1311 1483
1408 1311
1311 1288
1320 1315
1345 1331
1375 1429
1308 1279
1352 1052
1311 1317
1328 1511
1345 1297
1308 1314
1312 1306
1319 1308
1344 1305
1348 1378
1309 1303
1317 1331
1308 1264
1313 1218
1293 1297
1314 1300
1313 1308
1311 1320
1318 1313
1401 1343
1407 1290
1307 1279
1430 1137
1309 1383
1533 1313
1496 1395
1319 1306
1356 1314
1167 1303
1558 1315
1307 1301
1514 1284
1317 1295
1309 1167
1349 1297
1548 1321
1318 1302
1309 1301
1313 1299
1307 1296
1531 1060
1307 1316
1322 1320
1406 1293
1353 1333
1347 1312
1308 1306
1360 1304
1321 1392
1361 1383
1315 1323
1307 1300
1326 1434
1345 1291
1317 1529
1518 1309
1309 1343
1309 1272
1310 1282
1311 1290
1309 1308
1313 1325
1526 1323
1315 1307
1323 1315
1308 1339
1320 1358
1317 1291
1366 1373
1314 1364
1394 1319
1307 1348
1345 1307
1312 1304
1306 1304
1324 1296
1307 1285
1307 1318
1306 1279
1316 1307
1324 1294
1328 1369
1309 1463
1373 1375
1322 1302
1549 1298
1310 1313
1307 1314
1057 1330
1338 1277
1362 1300
1338 1307
1309 1321
1317 1346
1307 1397
1375 1312
1515 1330
1308 1335
1311 1378
1256 1317
1308 1292
1318 1317
1308 1338
1441 1305
1312 1283
1308 1307
1103 1282
1353 1270
1258 1319
1387 1322
1310 1315
1309 1290
1324 1309
1313 1307
1311 1298
1310 1291
1319 1296
1345 1293
1308 1303
1307 1316
1310 1318
1426 1346
1320 1299
1308 1307
1330 1306
1321 1291
1297 1299
1319 1339
1316 1029
1459 1330
1311 1306
1368 1303
1317 1308
1313 1301
1096 1286
1308 1080
1314 1294
1342 1502
1311 1334
1307 1407
1312 1292
1324 1306
1509 1404
1307 1323
1361 1308
1322 1320
1549 1304
1331 1307
1310 1302
1351 1314
1416 1291
1387 1409
1309 1348
1310 1332
1389 1311
1308 1291
1324 1287
1335 1286
1365 1186
1426 1312
1366 1310
1325 1283
1308 1302
1323 1324
1416 1316
1313 1318
1307 1285
1307 1293
1308 1292
1336 1291
1315 1297
1221 1290
1341 1349
1332 1316
1322 1302
1326 1306
1327 1349
1307 1104
1310 1321
1411 1295
1331 1281
1309 1189
1370 1300
1309 1306
1336 1530
1351 1303
1394 1395
1308 1306
1322 1337
1308 1320
1071 1307
1472 1505
1314 1308
1308 1293
1235 1337
1307 1301
1357 1302
1377 1517
1328 1289
1330 1307
1417 1298
1353 1309
1317 1301
1309 1277
1111 1298
1214 1305
1311 1507
1312 1308
1315 1308
1313 1414
1307 1278
1306 1298
1321 1381
1346 1116
1470 1325
1321 1303
1319 1329
1531 1289
1311 1470
1324 1311
1362 1284
1311 1339
1311 1305
1308 1490
1312 1289
1309 1286
1311 1307
1387 1306
1301 1192
1310 1481
1308 1310
1312 1468
1175 1300
1388 1301
1313 1292
1308 1320
1124 1342
1309 1308
1308 1311
1380 1316
1307 1297
1307 1527
1332 1301
1320 1304
1314 1305
1310 1300
1337 1433
1129 1310
1318 1291
1334 1321
1358 1296
1484 1428
1391 1299
1315 1471
1311 1297
1322 1315
1311 1306
1352 1290
1307 1066
1307 1239
1318 1312
1354 1295
1315 1368
1317 1289
1319 1341
1306 1053
1315 1297
1330 1282
1535 1314
1311 1463
1308 1295
1354 1296
1307 1317
1376 1287
1556 1308
1331 1330
1309 1302
1539 1487
1309 1309
1412 1308
1309 1354
1535 1298
1310 1305
1320 1300
1351 1289
1310 1289
1169 1313
1312 1311
1309 1330
1308 1457
1327 1372
1313 1307
1333 1315
1306 1323
1323 1221
1313 1324
1345 1291
1312 1376
1310 1306
1308 1320
1328 1307
1318 1304
1317 1305
1341 1050
1315 1307
1324 1368
1309 1371
1307 1348
1325 1327
1315 1369
1307 1307
1322 1309
1460 1299
1308 1360
1310 1080
1320 1310
1321 1305
1306 1307
1329 1299
1397 1293
1310 1287
1325 1296
1438 1301
1322 1164
1361 1292
1081 1331
1391 1269
1310 1269
1317 1315
1336 1281
1308 1144
1066 1290
1318 1349
1352 1457
1203 1418
1314 1279
1548 1309
1050 1310
1404 1295
1048 1303
1383 1303
1252 1355
1445 1297
1307 1291
1411 1374
1308 1290
1308 1312
1337 1299
1363 1293
1332 1303
1308 1432
1308 1315
1345 1353
1375 1338
1328 1297
1308 1300
1349 1350
1432 1306
1308 1288
1315 1194
1334 1311
1308 1315
1194 1286
1345 1308
1310 1281
1308 1297
1309 1308
1311 1341
1363 1299
1325 1301
1345 1260
1314 1326
1366 1299
1350 1371
1317 1265
1308 1306
1419 1319
1315 1295
1309 1070
1314 1293
1347 1503
1323 1296
1316 1280
1335 1302
1319 1102
1536 1289
1350 1314
1550 1301
1312 1292
1485 1301
1307 1291
1318 1314
1312 1147
1308 1170
1315 1348
1306 1304
1312 1335
1308 1311
1309 1298
1448 1372
1317 1304
1328 1426
1379 1308
1314 1320
1358 1344
1063 1299
1310 1348
1307 1306
1324 1304
1307 1308
1486 1325
1309 1474
1309 1302
1313 1303
1309 1299
1376 1279
1307 1317
1323 1307
1313 1302
1310 1317
1312 1302
1309 1303
1309 1316
1311 1309
1308 1322
1335 1344
1318 1301
1356 1305
1419 1306
1526 1285
1308 1307
1324 1293
1141 1313
1312 1143
1504 1308
1315 1334
1311 1308
1331 1292
1318 1305
1319 1309
1309 1300
1324 1327
1317 1302
1307 1324
1320 1286
1309 1293
1325 1305
1312 1124
1311 1393
1320 1277
1306 1315
1321 1291
1313 1307
1326 1306
1334 1516
1318 1353
1318 1303
1073 1491
1111 1422
1342 1309
1308 1338
1308 1303
1307 1360
1313 1304
1313 1311
1309 1269
1322 1303
1308 1352
1308 1299
1411 1307
1309 1298
1325 1340
1375 1313
1308 1278
1152 1288
1433 1323
1373 1297
1261 1306
1313 1311
1323 1296
1315 1321
1309 1300
1468 1358
1495 1289
1308 1059
1310 1301
1307 1303
1311 1314
1312 1307
1350 1356
1308 1290
1204 1324
1427 1376
1314 1302
1250 1296
1311 1308
1313 1332
1321 1367
1456 1306
1500 1306
1313 1419
1345 1310
1195 1311
1310 1270
1337 1350
1313 1288
1317 1346
1324 1310
1315 1308
1310 1292
1307 1145
1336 1291
1309 1335
1316 1298
1327 1313
1319 1394
1397 1296
1313 1297
1308 1164
1316 1156
1347 1325
1326 1300
1323 1296
1332 1246
1307 1533
1307 1315
1317 1305
1399 1315
1119 1309
1085 1322
1330 1296
1318 1283
1434 1308
1332 1107
1320 1307
1325 1333
1518 1329
1308 1305
1312 1306
1308 1300
1307 1304
1305 1307
1314 1343
1318 1463
1308 1328
1330 1297
1311 1304
1413 1346
1308 1296
1307 1307
1312 1314
1311 1306
1420 1329
1315 1284
1436 1305
1309 1435
1311 1283
1313 1307
1337 1310
1308 1302
1315 1413
1308 1344
1309 1310
1315 1260
1316 1307
1308 1331
1314 1305
1327 1115
1309 1306
1306 1047
1308 1340
1428 1374
1310 1297
1314 1309
1321 1300
1489 1319
1357 1315
1335 1332
1326 1328
1307 1293
1402 1289
1309 1302
1381 1310
1316 1350
1323 1304
1308 1130
1190 1241
1308 1305
1352 1273
1310 1281
1316 1294
1308 1306
1309 1305
1317 1282
1308 1307
1328 1376
1420 1294
1308 1352
1309 1309
1327 1293
1322 1305
1316 1358
1310 1289
1352 1303
1369 1304
1310 1289
1321 1308
1532 1312
1311 1302
1311 1302
1313 1307
1323 1305
1318 1305
1317 1308
1415 1313
1307 1073
1343 1308
1309 1336
1306 1343
1309 1289
1313 1274
1323 1449
1309 1316
1309 1303
1326 1422
1309 1330
1345 1299
1308 1302
1317 1239
1318 1325
1402 1302
1299 1307
1308 1290
1372 1305
1310 1304
1380 1316
1312 1311
1314 1304
1307 1305
1308 1483
1312 1466
1314 1312
1457 1300
1336 1310
1238 1297
1308 1302
1308 1404
1352 1283
1310 1303
1400 1521
1307 1298
1310 1375
1138 1297
1324 1327
1365 1369
1347 1352
1345 1304
1332 1295
1307 1311
1358 1295
1386 1310
1313 1310
1311 1334
1308 1336
1550 1296
1314 1295
1334 1306
1505 1287
1309 1375
1391 1346
1308 1323
1365 1306
1345 1321
1316 1304
1319 1188
1438 1300
1332 1319
1329 1373
1340 1478
1317 1317
1349 1292
1312 1323
1376 1306
1310 1325
1414 1289
1307 1383
1308 1297
1305 1290
1310 1298
1307 1267
1310 1317
1345 1345
1348 1325
1175 1304
1306 1294
1318 1342
1318 1295
1317 1329
1331 1306
1309 1286
1308 1405
1345 1305
1307 1340
1320 1380
1397 1303
1383 1287
1310 1279
1316 1288
1328 1298
1307 1299
1230 1338
1124 1313
1041 1194
1308 1406
1373 1303
1306 1292
1390 1295
1331 1258
1313 1312
1318 1315
1328 1302
1316 1301
1319 1291
1338 1317
1308 1307
1308 1301
1316 1306
1390 1343
1320 1305
1343 1308
1307 1318
1378 1311
1471 1311
1319 1326
1379 1282
1310 1304
1307 1306
1308 1320
1402 1369
1313 1323
1403 1340
1310 1325
1307 1316
1309 1302
1322 1303
1307 1397
1307 1307
1330 1288
1314 1322
1308 1291
1349 1311
1330 1294
1354 1122
1306 1309
1309 1313
1331 1344
1313 1310
1309 1299
1096 1323
1322 1327
1079 1296
1317 1295
1308 1335
1319 1341
1307 1325
1481 1295
1334 1312
1322 1324
1314 1303
1184 1298
1417 1389
1310 1314
1307 1299
1320 1302
1333 1308
1328 1313
1311 1340
1320 1300
1234 1316
1313 1308
1345 1362
1309 1296
1381 1294
1311 1311
1310 1397
1324 1294
1311 1324
1336 1099
1314 1299
1353 1302
1307 1297
1345 1308
1310 1284
1307 1285
1360 1286
1443 1306
1309 1403
1307 1378
1309 1295
1314 1194
1375 1305
1495 1312
1113 1391
1310 1294
1307 1292
1310 1343
1366 1279
1368 1319
1309 1301
1328 1305
1327 1081
1310 1424
1310 1304
1313 1313
1309 1314
1313 1335
1315 1201
1333 1302
1345 1284
1315 1301
1357 1306
1307 1304
1346 1287
1311 1300
1336 1297
1308 1307
1319 1311
1322 1354
1319 1315
1310 1297
1310 1476
1311 1304
1319 1309
1122 1298
1193 1297
1311 1219
1308 1290
1307 1302
1327 1297
1314 1324
1325 1303
1326 1267
1322 1326
1309 1309
1322 1303
1307 1307
1315 1297
1320 1304
1307 1322
1282 1306
1306 1287
1319 1304
1351 1323
1317 1307
1307 1288
1306 1364
1312 1351
1308 1284
1315 1288
1307 1046
1309 1299
1307 1283
1320 1339
1404 1311
1312 1273
1308 1315
1325 1285
1307 1297
1143 1297
1461 1323
1361 1304
1389 1285
1310 1292
1307 1258
1308 1305
1313 1292
1318 1332
1316 1256
1106 1301
1316 1331
1345 1345
1311 1295
1311 1297
1310 1254
1307 1318
1148 1302
1308 1303
1311 1348
1318 1301
1308 1298
1322 1305
1311 1291
1330 1289
1322 1304
1321 1348
1321 1361
1345 1295
1313 1454
1312 1303
1308 1300
1308 1294
1331 1350
1308 1311
1346 1304
1310 1289
1318 1296
1356 1269
1309 1323
1308 1305
1324 1298
1307 1311
1345 1323
1312 1320
1308 1307
1065 1267
1308 1299
1316 1041
1309 1293
1332 1272
1308 1280
1308 1305
1128 1324
1313 1302
1307 1283
1307 1301
1227 1303
1308 1326
1323 1300
1312 1500
1316 1259
1356 1274
1549 1342
1339 1349
1466 1283
1316 1289
1322 1331
1314 1078
1311 1307
1314 1308
1310 1310
1343 1308
1308 1308
1311 1306
1363 1264
1308 1321
1307 1308
1141 1297
1336 1284
1394 1282
1309 1294
1534 1291
1315 1324
1311 1276
1312 1313
1309 1293
1331 1288
1445 1363
1320 1287
1308 1304
1310 1300
1484 1304
1309 1331
1309 1319
1310 1309
1336 1275
1249 1306
1318 1295
1432 1302
1309 1304
1439 1298
1311 1482
1311 1287
1358 1289
1308 1304
1412 1302
1324 1293
1356 1297
1307 1308
1355 1319
1313 1381
1309 1165
1350 1291
1349 1301
1307 1316
1320 1378
1321 1511
1310 1352
1227 1446
1311 1308
1321 1296
1362 1307
1415 1303
1307 1291
1310 1302
1309 1264
1311 1310
1360 1117
1278 1304
1309 1311
1394 1308
1322 1169
1051 1301
1310 1279
1308 1158
1313 1342
1338 1307
1559 1320
1309 1302
1308 1311
1309 1298
1323 1324
1307 1406
1514 1306
1452 1295
1319 1358
1307 1381
1308 1284
1310 1308
1315 1314
1368 1297
1307 1305
1312 1296
1343 1265
1310 1302
1323 1378
1329 1038
1351 1332
1351 1312
1508 1394
1313 1290
1363 1299
1325 1298
1312 1303
1334 1325
1314 1288
1318 1306
1321 1356
1323 1341
1317 1284
1329 1329
1309 1328
1312 1304
1059 1138
1331 1303
1481 1300
1319 1314
1308 1296
1309 1117
1315 1411
1315 1306
1320 1365
1326 1314
1212 1310
1324 1306
1312 1290
1316 1337
1327 1300
1430 1166
1309 1308
1340 1302
1309 1408
1426 1301
1345 1303
1323 1297
1310 1319
1307 1315
1312 1296
1310 1107
1386 1301
1308 1283
1307 1290
1416 1275
1307 1292
1309 1293
1311 1295
1308 1306
1313 1289
1307 1416
1349 1295
1307 1305
1316 1312
1336 1400
1308 1293
1329 1292
1317 1296
1095 1299
1340 1285
1310 1319
1313 1303
1357 1224
1337 1316
1310 1264
1326 1478
1314 1304
1325 1315
1318 1300
1532 1315
1309 1293
1310 1283
1332 1280
1357 1298
1364 1285
1363 1301
1180 1414
1307 1290
1347 1313
1308 1313
1332 1327
1478 1314
1307 1282
1306 1281
1119 1324
1364 1308
1312 1289
1310 1483
1319 1309
1281 1349
1310 1301
1309 1338
1345 1303
1311 1305
1386 1296
1320 1270
1317 1494
1340 1302
1311 1274
1308 1300
1310 1330
1323 1311
1321 1314
1309 1330
1384 1308
1307 1307
1354 1306
1330 1307
1318 1298
1309 1314
1311 1298
1311 1320
1309 1306
1417 1295
1331 1295
1335 1303
1360 1302
1313 1302
1312 1309
1307 1308
1347 1295
1309 1456
1307 1409
1546 1315
1337 1302
1317 1280
1311 1336
1323 1080
1330 1294
1217 1301
1307 1301
1358 1306
1375 1267
1375 1302
1308 1271
1308 1309
1324 1305
1309 1336
1311 1476
1307 1231
1045 1295
1306 1306
1311 1355
1307 1344
1434 1306
1333 1300
1307 1279
1313 1283
1430 1284
1317 1336
1312 1315
1341 1077
1307 1312
1308 1171
1309 1293
1343 1340
1306 1299
1313 1305
1331 1310
1312 1307
1383 1328
1315 1292
1319 1294
1306 1314
1337 1374
1457 1364
1308 1246
1489 1282
1240 1462
1308 1285
1306 1211
1524 1303
1308 1298
1391 1304
1307 1296
1308 1311
1377 1304
1449 1287
1438 1304
1308 1111
1437 1305
1338 1299
1310 1300
1312 1281
1309 1308
1345 1297
1345 1397
1311 1316
1375 1305
1307 1302
1324 1299
1317 1365
1311 1352
1308 1301
1349 1150
1307 1300
1312 1305
1525 1322
1307 1291
1077 1285
1331 1304
1317 1263
1310 1270
1317 1307
1322 1159
1308 1301
1318 1305
1330 1337
1327 1405
1311 1292
1329 1275
1315 1326
1310 1310
1308 1295
1308 1114
1136 1299
1306 1301
1313 1322
1307 1303
1431 1304
1394 1303
1339 1299
1309 1301
1315 1307
1320 1310
1314 1308
1309 1310
1480 1281
1307 1341
1345 1354
1320 1313
1334 1087
1315 1307
1483 1311
1325 1192
1318 1304
1421 1330
1307 1195
1308 1336
1308 1531
1311 1313
1381 1302
1322 1293
1319 1296
1365 1277
1309 1351
1307 1292
1315 1296
1311 1303
1339 1274
1316 1355
1479 1314
1317 1306
1307 1295
1311 1305
1309 1305
1312 1331
1309 1311
1306 1303
1345 1280
1334 1286
1315 1243
1310 1300
1318 1298
1310 1294
1452 1345
1311 1251
1316 1307
1312 1304
1308 1301
1323 1313
1316 1308
1311 1312
1315 1339
1053 1323
1173 1400
1337 1304
1312 1278
1308 1382
1330 1269
1307 1315
1312 1308
1313 1298
1227 1295
1310 1306
1308 1361
1313 1304
1311 1296
1472 1283
1307 1277
1313 1297
1310 1304
1524 1312
1314 1288
1310 1304
1477 1154
1316 1342
1308 1305
1351 1309
1309 1292
1308 1274
1373 1307
1310 1305
1312 1357
1307 1301
1515 1314
1315 1302
1318 1303
1318 1305
1307 1297
1311 1337
1334 1298
1307 1306
1348 1321
1310 1303
1309 1288
1439 1305
1311 1289
1312 1290
1311 1305
1307 1299
1308 1458
1321 1355
1307 1306
1309 1344
1308 1307
1309 1198
1434 1442
1309 1305
1325 1282
1310 1302
1307 1334
1309 1331
1339 1277
1308 1274
1308 1278
1308 1316
1331 1323
1314 1288
1307 1277
1314 1302
1317 1294
1348 1288
1308 1321
1479 1306
1493 1345
1311 1303
1309 1303
1316 1310
1307 1291
1307 1299
1289 1313
1314 1326
1321 1295
1444 1295
1316 1321
1308 1302
1315 1302
1308 1135
1311 1171
1315 1294
1309 1332
1322 1302
1308 1305
1318 1299
1307 1329
616 597
593 604
593 596
593 578
578 591
583 598
581 589
580 586
589 584
670 592
584 594
593 581
727 601
581 588
579 599
593 580
596 594
584 584
580 662
581 583
593 589
585 582
580 602
580 599
638 593
585 596
597 598
689 768
744 583
901 580
583 580
735 578
592 600
586 584
584 579
578 601
592 933
605 580
605 585
586 584
592 581
583 588
593 604
631 595
611 587
579 611
590 680
593 585
596 580
577 584
589 680
601 580
595 591
588 586
646 584
631 580
580 586
593 591
593 582
627 587
582 584
579 597
580 605
578 620
581 628
592 594
593 595
581 585
856 581
887 600
902 592
593 927
903 590
579 587
593 591
655 585
587 593
584 697
593 581
709 597
605 591
590 580
856 624
579 582
665 621
576 678
578 591
580 582
593 588
581 583
593 580
592 590
615 583
593 595
580 589
608 653
578 585
593 724
578 599
583 796
596 585
579 836
591 603
583 589
577 598
579 583
895 582
576 588
592 674
578 589
583 592
593 594
593 588
910 594
592 591
578 598
593 591
601 629
593 587
577 590
587 595
592 622
593 588
593 582
578 590
934 587
582 581
589 678
578 590
930 645
578 590
593 596
580 588
593 579
613 579
600 595
583 722
605 611
592 590
577 590
657 654
584 596
593 581
588 597
602 583
592 590
582 707
588 586
591 589
597 581
593 591
593 603
590 578
605 581
594 588
579 586
576 607
587 582
580 583
576 586
594 662
579 594
584 586
598 585
576 586
581 869
580 589
580 618
593 583
742 616
579 887
722 584
584 596
576 581
628 596
593 591
919 586
582 611
640 586
587 612
664 598
586 596
580 594
791 581
595 587
619 589
582 590
579 605
576 598
593 588
576 577
593 581
593 634
582 590
738 600
678 582
593 584
597 700
608 642
589 594
589 579
578 632
647 589
610 627
581 592
580 595
622 590
576 596
587 587
731 594
593 594
585 590
581 589
655 581
583 767
581 590
817 579
596 589
577 607
578 595
675 588
578 592
590 586
612 606
593 606
901 608
593 594
583 600
594 608
593 583
797 589
590 591
593 613
593 585
577 588
589 586
585 640
577 587
645 730
586 587
578 811
579 583
595 579
592 610
592 587
593 597
593 586
582 697
579 653
587 605
808 935
605 582
592 688
580 588
592 583
607 586
587 612
581 613
581 587
578 610
581 582
587 608
590 581
588 758
594 590
593 582
578 788
593 758
615 608
591 584
588 598
875 601
580 608
576 609
609 626
577 581
579 589
643 578
580 584
591 593
592 600
581 579
578 592
587 586
593 578
578 624
589 590
593 595
581 587
642 629
617 641
621 587
578 582
593 593
581 587
588 644
593 588
584 583
598 596
580 578
627 632
594 584
579 610
649 594
596 582
593 581
578 588
593 584
906 597
578 584
581 584
596 605
620 629
582 588
592 594
592 619
590 601
593 601
579 664
642 589
922 597
578 604
586 607
593 590
579 726
600 643
581 597
593 613
593 599
576 583
581 583
641 612
623 583
587 603
577 589
631 600
628 584
581 583
593 583
583 587
593 598
593 603
778 612
852 582
583 582
593 600
593 590
578 592
578 580
634 595
581 589
587 588
592 585
579 702
585 605
578 596
656 596
578 581
586 592
577 581
751 586
585 867
822 587
577 587
769 581
579 576
578 587
589 588
581 591
594 621
577 626
592 586
593 604
581 582
582 800
591 581
579 595
581 841
579 605
582 629
586 583
583 582
591 653
590 580
599 662
579 595
723 617
610 602
581 600
583 587
591 596
683 641
734 586
865 592
593 611
578 635
686 592
612 583
749 603
580 592
593 583
578 584
602 593
586 586
601 592
585 578
579 578
579 614
583 593
592 580
579 587
581 589
611 578
603 593
583 637
593 605
815 582
578 586
627 591
595 617
718 597
577 585
591 583
727 605
579 586
581 599
593 687
605 613
793 592
586 586
652 588
581 604
592 592
581 589
587 584
591 661
588 591
579 598
592 642
582 806
670 587
576 597
588 581
896 581
582 595
587 584
594 593
593 589
582 591
580 582
590 583
578 589
591 582
578 601
587 578
602 593
593 582
578 598
654 590
580 590
580 616
593 592
593 619
615 595
584 586
584 585
582 588
592 579
600 584
589 623
585 610
581 579
593 584
890 581
579 899
773 590
848 778
692 595
588 701
577 585
582 592
588 599
604 593
629 587
629 592
579 579
593 584
593 584
636 578
578 594
580 782
583 608
593 590
593 580
584 581
579 937
593 607
660 597
578 623
587 598
581 585
583 583
578 591
582 598
859 591
590 706
588 604
638 581
585 601
594 594
579 617
614 589
587 825
579 585
580 586
585 590
593 587
584 580
827 751
584 585
580 582
585 809
590 579
650 588
579 589
581 878
584 581
580 602
576 585
583 587
584 587
588 584
583 585
580 584
584 583
592 610
593 596
596 587
587 597
580 607
593 598
591 592
873 583
579 596
593 600
603 583
578 611
579 624
577 599
585 597
593 590
593 593
579 595
579 624
578 609
582 582
586 596
605 593
581 593
581 577
622 590
580 769
587 581
577 589
578 597
594 598
576 580
599 593
615 662
583 757
585 579
593 586
603 643
576 755
585 620
821 589
587 760
686 589
598 845
582 582
593 608
875 682
925 636
593 582
889 612
591 600
687 701
591 603
645 604
583 595
671 606
579 588
580 579
913 584
591 600
582 630
579 603
578 582
592 616
616 580
598 742
593 584
786 595
594 668
587 585
579 590
582 591
593 582
660 588
578 595
581 587
625 591
745 586
616 612
593 581
593 619
619 591
578 588
634 596
587 582
584 607
592 591
579 580
597 590
587 590
579 580
585 584
583 611
593 582
591 782
581 586
586 584
906 582
588 581
847 592
584 706
580 586
583 591
579 581
584 627
578 614
578 639
618 581
578 580
652 587
582 578
895 583
579 581
582 580
581 926
577 582
592 586
585 610
577 587
590 584
578 595
578 591
593 582
607 587
584 666
593 599
589 666
591 588
581 588
579 596
913 609
579 882
583 597
594 591
576 584
578 582
593 593
591 581
909 612
593 585
582 590
581 580
589 625
591 578
593 589
581 578
594 583
580 594
903 580
576 663
585 600
577 585
586 879
592 896
578 582
865 592
579 605
593 584
594 590
608 581
579 630
613 614
583 582
595 620
580 584
577 584
593 592
577 580
937 586
593 655
578 597
593 619
590 581
581 584
578 608
578 585
617 591
577 587
577 613
592 617
594 593
730 593
794 588
585 581
587 582
593 912
580 670
583 875
584 582
619 592
584 579
586 585
580 587
597 583
577 583
588 585
590 581
583 582
593 586
581 601
588 581
593 600
603 581
620 582
593 594
603 583
586 584
583 599
643 609
590 596
577 593
579 593
585 611
581 582
594 700
591 616
577 583
581 586
582 609
593 579
627 591
627 588
593 586
582 585
591 580
595 585
593 582
591 587
581 580
585 587
592 578
781 585
593 888
772 595
592 583
576 609
579 590
591 580
676 601
587 598
582 590
637 581
593 611
588 588
579 624
662 582
593 586
584 594
593 914
582 579
593 617
580 580
593 583
578 581
588 594
896 593
579 582
580 586
593 598
577 591
583 583
576 593
593 597
618 593
604 589
578 584
593 842
593 591
581 585
577 605
586 598
617 587
580 833
593 582
583 686
633 587
592 582
579 586
615 588
615 584
593 836
579 935
593 892
583 624
596 605
577 580
581 591
591 592
589 579
578 590
580 588
590 597
579 583
593 580
598 609
593 587
602 632
578 585
577 595
592 580
592 597
593 598
669 585
678 589
585 619
580 584
593 592
798 640
579 610
587 599
593 641
582 591
622 590
580 585
578 581
581 587
585 581
587 592
584 610
577 591
913 581
583 589
578 682
610 580
577 612
579 583
580 586
581 734
593 582
598 682
579 608
578 593
591 594
590 590
640 584
593 584
594 590
662 586
594 591
585 650
593 591
611 583
932 581
621 590
578 794
584 583
670 583
580 587
599 579
593 580
638 630
607 580
583 602
578 601
591 808
578 606
581 589
578 585
578 592
577 624
580 599
900 604
577 591
585 613
590 593
578 597
590 594
886 586
739 619
612 677
593 602
593 585
581 589
593 663
583 589
581 581
622 592
593 607
584 597
579 589
585 670
577 736
593 608
583 585
581 585
592 587
589 580
580 586
578 627
591 610
583 603
582 608
592 592
581 579
607 653
584 582
577 585
634 592
872 591
592 603
615 583
580 693
593 612
576 598
587 943
593 583
579 583
789 596
582 609
583 595
577 580
587 580
606 586
577 587
581 585
580 588
581 609
587 595
593 636
581 585
582 579
593 593
605 594
611 780
579 582
697 593
577 625
588 914
578 600
589 590
662 602
576 578
593 890
585 579
601 581
593 581
583 601
594 582
742 594
587 600
578 587
580 581
590 580
603 587
690 858
585 641
593 593
576 602
695 590
585 586
585 596
591 629
591 586
815 591
591 583
581 593
592 709
576 612
586 589
579 621
622 579
593 595
604 587
588 711
901 581
594 934
582 770
897 580
593 580
595 589
579 588
583 586
579 597
593 582
817 604
586 577
580 591
601 591
927 579
593 591
583 578
585 578
578 593
684 593
578 581
593 639
594 617
820 807
580 583
581 584
590 587
593 593
581 582
593 582
603 588
583 584
776 592
589 697
593 592
580 587
587 588
585 587
581 582
829 596
590 634
578 621
580 590
581 586
590 585
581 578
579 592
673 587
602 590
605 581
593 579
593 606
578 582
583 788
589 611
578 593
577 588
864 602
585 599
582 752
800 593
580 587
623 582
579 632
593 596
578 585
593 583
592 598
589 603
586 591
586 602
588 638
587 597
579 588
577 579
591 598
612 591
586 819
592 600
602 845
576 590
582 608
850 605
615 591
589 590
577 587
597 584
578 600
585 588
591 764
586 619
593 596
581 598
579 622
627 602
583 587
589 642
584 588
577 598
585 586
577 584
587 737
599 599
590 585
582 584
591 579
777 581
593 789
592 589
580 592
580 609
579 585
592 583
584 586
879 605
766 600
577 598
588 672
593 580
587 581
586 593
585 587
579 597
582 579
584 586
590 583
577 583
593 583
578 583
578 583
578 690
662 583
879 581
586 591
581 652
590 614
578 586
613 587
577 589
578 578
589 582
577 782
591 580
599 591
585 698
581 581
592 577
587 696
586 585
588 602
579 894
806 587
593 615
586 587
601 581
581 583
595 770
579 845
582 585
921 589
602 626
588 597
589 583
595 578
587 664
603 578
593 583
586 586
584 593
592 596
581 615
594 607
590 595
579 589
599 577
583 579
619 595
675 580
579 593
579 596
579 629
611 585
847 582
584 598
583 591
604 578
591 609
580 597
584 579
591 583
582 583
593 584
881 579
593 581
590 590
629 585
593 579
576 605
593 911
579 581
577 756
579 586
583 587
576 593
581 591
589 602
580 604
605 583
580 586
581 609
593 625
902 588
586 582
593 871
583 586
578 590
591 602
577 596
597 897
599 586
586 583
590 732
596 625
586 582
579 586
577 580
593 598
593 590
600 613
579 583
578 588
593 587
579 584
576 686
587 863
578 603
577 592
577 578
621 596
642 582
855 591
578 581
578 583
582 588
580 582
628 586
581 592
581 603
577 591
579 592
616 593
587 578
580 591
580 600
596 600
577 586
578 606
594 596
584 588
586 650
583 587
589 623
576 584
593 812
582 659
577 588
587 583
577 583
587 684
583 579
594 587
577 766
587 585
591 590
580 582
581 583
592 590
580 689
577 596
580 590
599 579
594 590
593 583
582 596
578 613
576 581
580 607
582 595
637 580
616 583
578 579
579 588
593 578
583 589
579 593
626 582
578 580
581 582
576 598
592 598
595 664
580 581
589 614
579 587
593 583
603 605
581 733
592 610
590 590
588 610
579 584
580 593
583 588
581 590
578 581
593 588
576 596
577 723
577 579
579 580
579 588
592 584
579 838
580 589
592 608
593 579
578 594
580 583
581 836
593 593
598 608
578 583
581 590
579 583
786 915
582 588
659 591
584 633
593 590
612 588
595 636
577 577
579 717
592 577
586 598
592 599
593 636
604 588
579 583
578 604
577 596
584 591
578 583
577 604
577 580
581 591
585 606
583 581
591 581
579 624
585 585
907 582
593 587
587 586
579 595
578 584
583 750
593 904
577 578
582 581
580 590
578 586
590 579
579 589
581 621
592 596
828 585
588 580
584 583
635 578
580 610
578 580
593 579
579 599
579 598
770 580
635 578
608 585
582 594
694 591
585 598
578 577
800 585
579 581
581 817
592 602
577 605
590 582
582 623
593 578
578 593
578 588
579 744
870 772
579 584
578 580
618 586
578 595
581 584
652 714
593 591
579 588
577 579
580 668
584 586
582 599
593 584
577 579
577 675
603 774
584 583
582 588
714 894
602 582
585 603
576 581
583 674
577 614
578 593
577 586
593 864
582 585
593 585
578 598
888 720
588 584
897 655
605 597
580 594
593 606
584 617
593 593
593 581
580 583
580 582
577 590
593 589
600 586
578 587
700 580
606 580
578 578
592 589
576 605
584 592
578 905
591 578
584 581
580 610
578 591
580 582
591 679
588 592
587 855
582 804
617 591
593 604
609 617
584 835
874 581
584 584
580 657
586 578
593 582
864 583
578 624
593 586
583 584
596 668
593 641
577 772
578 592
605 583
578 601
578 582
578 582
579 582
576 586
583 608
581 939
576 600
577 599
579 588
594 579
933 590
582 580
583 890
798 630
582 581
580 599
578 581
599 594
590 579
591 577
578 595
579 605
580 627
579 617
579 589
593 585
728 578
579 593
579 593
578 591
578 591
591 584
635 589
577 579
593 579
597 621
589 709
593 586
580 580
593 583
580 581
581 593
611 600
595 590
593 599
588 939
577 603
590 591
580 587
593 797
584 583
577 581
884 600
583 596
934 656
607 594
581 584
576 584
578 585
579 578
578 591
579 584
582 586
584 662
578 589
579 580
581 593
578 727
579 583
579 590
585 599
589 595
583 607
593 684
589 584
636 583
628 578
597 584
637 589
592 600
581 579
593 934
578 678
592 623
608 595
665 733
582 586
593 638
587 649
612 594
578 918
593 589
577 600
578 589
589 580
577 593
584 589
653 597
593 583
728 586
783 596
586 594
582 597
593 585
592 595
580 579
623 588
584 627
579 590
582 585
585 595
587 585
585 582
579 579
630 595
593 588
583 588
605 597
582 590
582 592
579 586
579 583
581 757
587 589
592 609
578 587
592 583
581 596
578 580
576 616
579 592
580 582
593 582
593 643
578 587
593 592
577 603
594 580
581 584
593 579
578 598
578 587
587 584
593 594
582 619
582 618
578 598
578 586
592 592
748 601
587 587
661 584
577 589
595 611
587 586
580 596
663 581
580 624
581 619
582 585
578 607
582 600
639 582
579 591
583 580
581 585
583 589
578 586
601 594
593 581
638 586
590 580
901 581
623 582
587 586
580 597
592 910
593 731
578 893
586 596
578 590
593 579
593 584
578 598
581 599
580 588
876 592
620 590
582 580
612 598
588 595
590 584
593 580
593 616
593 649
593 639
578 588
705 595
894 597
578 589
590 857
584 588
584 583
580 578
615 585
583 595
586 582
577 582
593 635
580 607
593 582
579 779
584 584
608 581
585 589
579 585
577 668
579 582
579 605
588 592
578 585
580 583
593 584
593 586
579 587
590 612
580 612
577 586
579 585
584 587
581 623
589 589
846 610
590 589
592 592
879 584
580 812
583 588
638 583
593 579
593 579
662 603
583 752
585 578
581 608
593 601
590 610
577 607
593 672
617 577
580 585
676 587
840 578
578 589
577 585
920 589
579 587
606 629
579 588
593 582
607 578
581 756
581 590
577 615
598 584
602 580
862 596
579 621
585 595
579 595
579 623
761 585
580 583
597 588
723 881
593 600
583 585
590 589
576 592
583 628
580 630
585 584
599 582
577 585
593 580
887 585
868 823
577 912
582 578
579 699
593 596
580 590
583 580
584 585
579 606
581 593
577 681
580 597
719 583
627 592
577 582
