RIndependent Gonzalez BaselineGreedy Bottleneck Dynamic FullyDynamic
49501 2794 6783 98841 348 1596
49826 3379 6738 80977 39 1640
52655 4773 7151 84709 35 1699
49787 2673 6742 81273 42 1583
49554 3608 6750 79328 48 1618
49748 3636 6753 80758 47 1570
48610 3281 6756 79584 43 1565
48653 2977 8079 82746 33 1586
49355 2708 6794 80270 38 1560
50468 2851 6749 80015 69 1550
50872 3734 6746 80702 45 1552
48907 2968 6735 81199 34 1556
52847 2775 6761 79774 37 1584
49176 2577 6758 79865 29 1558
49218 3412 6751 80518 41 1571
49341 2700 6758 79856 39 1549
51884 2731 6934 82436 38 1589
49541 3505 6751 79595 37 1564
49667 2580 6741 79683 38 1551
49720 2495 6738 79419 46 1561
48950 2919 6768 79610 27 1548
49418 3783 6733 80974 36 1564
50637 3061 6724 79845 31 1564
48829 2594 6763 79873 36 1557
50588 4008 6733 79606 41 1617
49403 2623 6804 79566 44 1563
50197 2650 6757 80355 41 1561
49715 2993 6752 80122 28 1561
50057 2860 6749 80416 29 1555
48442 3043 6753 80325 29 1550
52118 3564 7001 82357 39 1587
48980 2890 6759 79489 42 1562
48406 2458 6786 80030 32 1555
50361 3764 6725 80481 34 1578
50017 3585 6804 80652 44 1571
49827 2675 6726 81935 55 1572
48753 3415 6756 80197 38 1584
48444 3187 6734 79875 37 1587
48631 3203 6727 79627 39 1554
48599 3801 6775 79972 41 1560
50021 2481 6763 80362 39 1580
49590 3083 6754 79505 39 1550
49857 2634 6725 79640 36 1559
49825 2539 6728 80637 96 1548
50434 2772 7129 84316 31 1579
49323 2631 6713 79442 36 1562
50021 2575 6815 79510 42 1554
49390 3399 6718 79974 29 1552
49998 3727 6724 80444 30 1570
49235 2741 6732 80906 36 1595
49450 3868 6727 79604 39 1565
50019 2679 6793 79847 31 1556
49524 3690 6742 80592 29 1568
50340 3122 6729 80328 40 1570
50629 4239 6727 79583 30 1572
49498 3687 6707 79814 30 1558
49881 3738 6827 79493 36 1556
49508 2971 6725 79810 35 1553
52093 2580 7048 83149 30 1623
51776 2936 6742 80840 29 1583
50352 2769 7261 79467 29 1561
49863 2629 6714 79551 34 1560
49564 2649 6780 80100 29 1549
48945 2996 6711 80130 28 1586
48746 3674 6710 79588 36 1575
49558 2594 6799 79398 28 1548
49619 2653 6733 82742 31 1651
49295 3719 6728 83705 38 1660
52750 3497 6924 84792 25 1691
51359 3144 7184 85421 35 1614
51499 3244 7243 82449 28 1576
49347 2856 6751 79561 36 1599
51470 3621 6906 82414 29 1579
49777 4447 6717 80160 29 1574
48550 3363 6761 80821 35 1549
50556 2914 6745 80098 30 1559
51811 2594 6707 79902 29 1556
49125 2474 6740 80722 37 1562
49820 3183 6738 80771 29 1557
49121 3192 6717 79821 30 1584
49167 2861 6731 79568 30 1559
49224 3535 6725 79775 33 1559
49128 3146 6710 80649 34 1622
49165 3361 6717 80965 29 1548
49392 3969 6731 80207 39 1562
49319 3083 6715 79885 29 1591
50923 2572 7009 82304 29 1583
49365 3521 6711 79903 33 1565
50671 4918 6763 80162 30 1556
49222 2494 6743 80516 29 1559
48604 2880 6706 79703 30 1557
48994 2606 6725 80701 30 1576
49456 4136 6698 79933 27 1557
48682 2720 6751 80214 28 1556
49764 3014 6728 80093 28 1574
50101 2614 6720 79827 37 1551
51318 2674 6717 80756 29 1580
48663 3181 6725 80943 30 1554
48834 4180 6750 79779 42 1562
48856 3184 6760 79346 30 1600
50983 3617 6959 82402 28 1576
50938 3626 6724 80007 29 1563
50133 2962 6709 79978 38 1554
48941 2673 6740 79385 28 1586
49152 2901 6725 80107 35 1558
49723 2692 6686 79564 29 1577
49570 3895 6967 79829 39 1585
50005 3133 6708 80553 38 1560
48475 2845 6726 79750 28 1552
49115 2725 6747 80548 30 1559
51023 3141 7225 79709 31 1586
50043 2782 6708 80467 42 1559
50182 2599 6760 80686 28 1561
48866 2706 6700 79966 30 1601
51172 3246 6961 82825 28 1587
49304 4233 6714 79619 29 1604
49175 2556 6703 80992 30 1563
49584 2688 6749 79803 29 1562
49038 2955 6710 79795 37 1561
51132 3119 6717 79706 30 1560
50501 3952 6700 80058 30 1569
49892 2737 6763 79157 28 1595
48818 2622 6702 80329 29 1559
48756 4135 6704 80335 28 1566
49793 3973 6725 79636 44 1560
49205 3493 6786 79728 28 1548
49558 4482 6695 80611 29 1595
49672 3845 6695 79054 39 1584
51363 2673 7038 81979 29 1586
49866 2508 6728 79389 28 1555
48246 2863 6707 79032 29 1597
49314 3215 6689 79772 30 1563
49349 3584 6730 80115 28 1556
49324 3026 6722 79125 30 1564
49725 3058 6753 79266 29 1556
48547 2595 6691 79263 65 1562
48767 3024 6706 80363 28 1560
49997 3473 6704 79215 37 1563
49097 2833 6723 79387 30 1556
49380 2529 6677 80473 30 1555
49263 3996 6688 79137 28 1569
49519 3374 6686 79965 29 1552
51247 2707 7241 86422 26 1700
51642 4137 7063 86080 27 1700
51217 4225 6961 82992 39 1629
50579 2870 6716 79554 28 1583
49153 2928 6721 80917 30 1591
49685 3384 6684 79420 29 1559
49342 4144 6697 80607 28 1557
49568 2660 6742 80508 28 1553
48564 2556 6682 80003 31 1548
49593 2821 6676 79948 31 1558
50046 3783 6681 80199 28 1576
49071 3277 6717 80474 29 1561
49065 3069 6735 79381 39 1559
49515 3153 6703 80356 30 1589
50791 3846 6929 82028 28 1585
50376 3523 6758 79751 37 1558
49081 3098 6705 80035 29 1553
49554 3076 6727 79904 28 1545
49448 3534 6721 79535 29 1600
49418 3590 6691 79539 31 1566
49627 2772 6693 79460 29 1559
50195 3342 6712 79205 30 1555
49431 3189 6723 80082 28 1555
49448 3269 6705 79917 30 1547
49443 3194 6679 80405 29 1590
48961 3201 6736 79074 29 1566
50137 2847 6698 79965 27 1560
49565 2887 6664 79045 49 1546
51898 3362 7108 83486 30 1685
50290 3146 6733 80330 29 1583
50267 2567 6672 79985 31 1577
49039 3251 6684 79745 30 1551
49922 2783 6703 80094 29 1542
49482 3806 6719 81645 27 1585
48516 2521 6693 79782 30 1555
48254 4159 6689 79028 29 1547
49736 3299 6669 79057 29 1587
50018 3484 6708 78904 29 1546
49151 3922 6681 79768 28 1565
49982 2999 6672 79565 29 1560
49541 3368 6719 79121 29 1550
49425 2732 6744 79243 30 1553
50069 3787 6905 82664 30 1581
48524 2781 6704 79410 29 1556
49701 3232 6668 79657 29 1551
49613 2964 6718 79392 28 1560
49257 2589 6690 79398 39 1584
50071 2969 6681 79514 30 1570
49606 2523 6728 80534 29 1564
49178 3423 6670 79398 30 1561
51207 2732 6715 80591 28 1559
49922 4517 6697 80715 29 1584
49775 3711 6862 79655 28 1579
49643 3081 6709 79778 29 1561
49259 4774 6667 80486 30 1591
50309 3311 6738 79558 29 1585
51355 4717 6937 82555 30 1584
50525 2898 6705 79444 30 1557
48964 2729 6675 83144 29 1553
49417 3861 6767 79973 28 1556
48599 3376 6686 80033 28 1546
49224 2842 6682 80326 29 1650
50620 2610 6677 80329 30 1590
50393 2701 6700 80353 29 1552
49092 2543 6722 81452 31 1655
53865 4354 7161 85826 25 1649
51612 2783 6716 80715 31 1586
50010 3028 6724 79514 29 1554
48464 2683 6685 79157 30 1547
48147 2799 6710 80594 28 1549
51734 4773 7018 82694 31 1671
48958 4082 6675 78986 30 1568
49644 4268 6704 79700 30 1560
49338 3584 6682 79789 29 1565
49442 2631 6671 79574 30 1672
52905 3750 7155 84732 26 1699
54326 3350 7151 90926 34 1619
51224 3622 6918 83803 29 1582
49456 3226 6671 79809 31 1558
49348 2978 6663 81145 28 1584
49238 2535 6662 79246 30 1560
49729 2798 6743 78928 29 1555
49448 3602 6677 80090 30 1544
49975 2956 6643 78981 40 1616
51248 3066 6842 81699 27 1603
49623 3519 6666 79186 28 1562
49608 2753 6718 79474 30 1548
50154 2952 6681 79251 29 1545
49445 3927 6676 79786 30 1563
48974 3536 6735 80432 29 1559
49035 4409 6642 80097 30 1568
49870 2651 6729 79657 31 1661
48845 2471 6716 81815 31 1574
48797 2515 6691 79561 30 1553
49876 3911 7539 85105 34 1570
49022 2662 6652 79616 31 1553
49323 2849 6672 79091 30 1554
49025 3250 6670 83695 32 1677
52633 4550 6893 83079 29 1582
49960 2944 6684 79821 31 1585
48492 2817 6718 79491 28 1556
49166 2659 6742 79116 36 1548
48778 3155 6661 80256 50 1552
49848 2716 6683 83219 29 1636
49931 2669 6697 80160 30 1555
49947 2919 6722 79112 39 1545
48932 2797 6675 79306 43 1544
49311 3673 6700 79228 30 1563
50322 2709 6709 80777 29 1569
50268 3534 6783 80722 41 1553
49141 2712 6823 79580 29 1553
50273 2758 7543 80603 38 1653
50832 4344 6943 83219 50 1618
54865 3963 6694 80163 32 1625
48963 2542 6834 81030 29 1578
49983 2695 6785 80642 37 1670
49782 2625 6740 79277 30 1625
50203 3033 6996 80571 28 1624
48988 3356 6792 84624 28 1599
49785 2877 6727 114734 26 1728
59701 3593 7127 89206 26 1668
53060 4166 6849 85148 30 1662
51754 3026 7833 84599 27 1662
52735 3015 7102 84030 26 1672
51881 3425 7802 86541 25 1656
52375 3134 7209 87469 37 1667
54126 3029 7654 87324 33 1660
53782 4365 7122 85361 33 1779
52514 3203 7225 84723 26 1711
54526 3613 7454 85926 40 1668
52593 4156 6924 86270 31 1769
54990 4722 7581 88287 39 1746
51835 3429 7637 86044 25 1747
52203 3126 7058 83782 33 1642
51206 3498 7110 85163 29 1787
52671 3901 7174 86295 39 1691
53603 3659 7017 84642 26 1662
53651 3717 7265 87711 26 1653
52470 2880 7122 86496 36 1664
50574 3362 6758 80346 32 1710
49929 3475 6684 80697 31 1574
50025 3253 6718 79876 29 1598
50465 3135 7162 82999 45 1637
50773 3969 6724 81517 45 1571
50001 3575 6739 80283 43 1589
50209 2680 6699 79672 34 1592
48837 2500 7049 84841 28 1592
49806 3170 6726 82468 30 1634
53652 2940 7045 84292 27 1659
52966 2990 7216 85227 26 1616
52253 3530 6867 82067 36 1618
49944 4120 6737 79136 33 1572
52578 2728 7044 83147 32 1669
49211 3470 6697 78977 110 1600
49469 2640 6671 79260 34 1572
49727 4271 6721 79225 34 1583
49851 2912 6655 79510 35 1581
49239 3207 6691 79234 33 1597
48561 2482 6635 79378 28 1623
48726 3322 6660 79477 34 1563
48604 3263 6665 79744 39 1565
49888 3129 6640 80114 37 1589
49623 2668 6683 79360 31 1593
50415 3104 6687 79272 36 1567
50107 2896 6655 79202 35 1549
48651 3098 6677 79444 29 1566
50220 3489 6933 82580 30 1571
49628 2591 6694 79089 29 1567
51017 3651 6671 80256 32 1589
48852 3772 6640 79088 32 1545
49545 3527 6632 79101 28 1614
50346 3912 6645 79849 32 1579
48474 3334 6663 80017 36 1556
49062 4654 6705 79129 40 1589
49693 4289 6654 79592 30 1556
48884 3431 6647 80298 29 1575
48910 4137 6652 80428 28 1573
49699 3193 6767 79993 45 1554
49439 3255 6676 79968 30 1551
50644 4156 6685 80523 29 1544
49332 4182 6892 82950 25 1641
48981 4461 7798 84093 28 1584
49940 3294 6696 79739 37 1576
49202 2780 6677 79474 28 1540
50273 4638 6642 79965 37 1614
49146 4347 6653 79489 36 1577
49566 3756 6686 79376 29 1581
49215 4525 6741 79455 29 1581
49858 2643 6669 80649 29 1548
49978 3355 6639 79359 29 1580
50651 3940 6654 79720 30 1578
49190 2972 6693 80946 31 1566
50535 3314 6741 79697 29 1588
49098 3793 6683 79741 30 1556
50359 3787 6976 84024 33 1620
48836 2508 6696 79943 64 1563
48906 3701 6639 80606 29 1590
49394 2729 6754 79369 27 1560
49601 2551 6751 80213 30 1550
49477 4086 6622 79321 29 1550
49294 4082 6639 79951 30 1592
48522 3835 6732 79755 28 1571
48700 3723 6724 83979 29 1647
51812 3682 7358 81475 30 1577
49997 2818 6661 79517 29 1560
49796 3880 6730 80082 30 1553
50132 2614 6627 79328 29 1542
49351 4196 6626 79561 30 1568
49437 5297 6881 82887 29 1635
49973 3671 6664 78569 28 1581
49994 3367 6659 79401 36 1573
48295 3992 6638 79057 29 1579
48278 3227 6620 78843 29 1564
50200 3379 6635 78853 29 1550
48531 4293 6630 78517 45 1593
49290 2475 6657 79305 29 1592
49539 4486 6610 79270 30 1596
49520 3407 6609 79499 29 1569
49594 2653 6614 78696 29 1551
50077 3917 6613 79142 29 1578
48265 4565 6675 79139 30 1570
50456 4215 6644 78400 30 1553
49863 3585 6873 85843 26 1668
52149 3064 6943 84330 34 1659
51340 2752 6785 82549 31 1726
50207 3439 6666 79111 28 1584
48960 3253 6696 78659 29 1551
48736 3454 6630 78731 30 1540
49472 3805 6662 79076 33 1586
50614 4123 6689 79083 37 1580
49971 2911 6651 78837 30 1560
50274 2600 6672 80361 29 1585
49816 2609 6639 80663 28 1597
49705 2820 7128 80906 28 1578
50639 2530 6686 78671 29 1587
48843 3116 6633 78905 29 1542
48665 2630 6953 83348 33 1659
51185 4302 6630 79032 31 1591
50940 2646 6761 78322 29 1556
49551 3014 6667 78610 50 1587
49133 3897 6638 78733 30 1556
48942 3914 6603 78958 29 1547
49699 2681 6693 79355 29 1679
50246 3665 7028 81513 28 1658
50337 4007 6637 81543 159 1596
48849 2876 6668 79068 28 1548
50870 3040 6672 78568 29 1570
50012 2998 6630 78711 30 1582
50223 2897 6702 78626 28 1606
50200 4415 6661 78329 30 1564
58386 3958 7361 90089 30 1741
72541 5866 7941 94737 30 1602
50127 3893 6778 83361 32 1578
51398 3124 6669 79265 36 1594
51454 3469 6915 84882 31 1601
49904 2637 6713 87276 31 1686
52309 3453 7288 90485 34 1672
52396 2760 6776 79333 34 1593
54452 3451 7380 81363 43 1584
49376 3679 6686 83087 33 1576
48816 4648 6621 78994 30 1555
49121 3317 6621 78843 30 1556
50081 2665 6597 81697 38 1609
48673 3163 6596 81038 30 1608
51097 3051 7012 80211 29 1573
49495 3614 6626 84189 33 1660
52287 4039 7048 81070 27 1621
51298 4018 6623 80674 37 1615
48719 3307 6667 78734 38 1607
49708 4104 7138 78817 30 1582
48649 3979 6710 78509 30 1570
48409 4495 6628 78973 46 1607
49697 4308 6602 78626 35 1561
49608 2727 6591 80163 29 1587
49886 2768 6943 79734 36 1578
48568 3782 6633 78888 37 1576
49477 4950 6611 79001 28 1603
49066 2663 6617 79168 30 1659
51027 3243 6864 79421 35 1605
51099 3458 7031 79302 28 1598
48581 3313 6655 78919 32 1559
48652 2924 6600 79871 29 1598
48397 2748 6649 78846 28 1589
49390 2995 6612 77921 29 1560
49867 3301 6800 84232 29 1624
49866 3012 6623 78417 29 1570
48910 2882 6615 78420 30 1611
48775 2742 6645 78297 30 1600
49127 2796 6601 78976 28 1586
49471 3176 6782 78326 37 1578
51474 4390 6648 79149 31 1627
49504 3241 6691 83783 26 1667
53281 3983 7221 85392 25 1681
52475 3029 7343 84865 32 1663
54894 3569 7167 83575 33 1677
53622 3287 7679 87815 49 1717
50311 3032 7302 92454 30 1691
53715 3012 6914 83190 29 1669
51909 3919 7182 90283 37 1621
51414 3165 6844 82409 36 1569
50001 2710 6576 79161 36 1564
48611 3322 6683 80036 31 1669
54119 2983 6869 88342 27 1802
51539 3305 6709 78697 34 1587
50112 2623 6666 78995 28 1566
50817 3637 7008 81415 29 1604
49213 2647 6591 78483 31 1560
49126 3949 6649 78154 29 1562
48718 2902 6601 78104 39 1573
49986 3373 6611 84508 34 1629
49561 2922 6629 78719 30 1562
48868 3558 6606 78233 28 1568
49792 3484 6626 78692 32 1725
54751 3894 7466 85054 27 2481
55561 5327 6856 79370 46 1586
48948 3390 6692 77841 30 1567
49901 2796 6585 78333 41 1572
51443 2847 6641 78112 39 1605
50449 2958 6681 78114 29 1571
50694 3664 7045 82000 26 1668
55989 3349 7088 89826 29 1684
57336 2662 6970 85041 26 1649
56280 2806 7095 88024 29 1766
54290 3190 7010 88509 38 1672
49503 2775 6832 78994 32 1606
49804 5587 6992 79451 25 1674
52390 3261 7404 83959 31 1717
51685 3069 6596 78096 45 1591
49288 4002 6647 78329 42 1562
49727 2909 6638 78025 29 1598
50661 4271 6604 82331 50 2034
54055 2938 6852 83868 39 1632
50302 3109 6609 78906 40 1609
51793 2805 6874 79585 33 1585
48793 2557 6633 78083 33 1589
48922 3622 7125 80317 32 1628
49365 3866 6579 83715 52 1713
52611 4393 7137 79966 28 1582
50401 4336 6582 78538 37 1597
48425 4390 6880 78337 29 1589
49879 3119 6615 78166 35 1585
53901 3275 7490 94850 27 1701
53070 3181 7162 90239 38 1674
52939 3452 7121 98101 39 1683
54344 4451 6999 84155 33 1674
52503 3991 9123 84812 35 1697
52770 3618 7165 102740 34 1672
55665 3022 6856 80909 33 1596
53143 2945 8187 82969 32 1582
50712 3696 6816 77954 38 1567
48596 2834 6701 78877 28 1651
53161 4333 8043 88042 46 1650
50102 3947 6682 77906 36 1597
54006 3585 8279 85901 30 1707
53733 3036 6658 80789 35 1614
49449 3259 7042 84359 33 1680
53590 3749 7183 80148 28 1603
51360 5052 6973 84665 40 1699
54508 3332 6696 83828 25 1763
55582 3483 8729 90022 31 1676
53124 3727 7308 81863 970 1676
54309 3794 7101 84508 43 1611
50871 3091 7210 91231 40 1634
49016 3202 6654 79194 44 1571
50817 3552 6644 80081 29 1563
52941 3328 7766 85134 40 3105
54407 3015 7034 86033 27 1672
53633 4463 7306 81064 44 1650
52639 2962 6942 83317 88 1731
52313 3136 7241 86836 41 1713
52918 3966 7141 95205 45 1884
53914 3577 7184 88975 40 1696
50285 2743 6598 81491 34 1666
51286 3185 6786 77773 38 1572
48452 3220 6607 81522 26 1605
52442 2834 6669 79495 29 1592
50473 3370 6625 78335 47 1614
49235 3770 6612 79203 34 1582
48609 4276 6793 79692 29 1610
50908 2738 6637 77968 38 1564
50431 4721 7153 83303 41 1878
52331 2616 7091 79931 29 1593
49218 4226 6611 78219 30 1569
50232 4399 6675 80704 29 1597
49706 3203 6622 79949 28 1626
51886 4206 7109 83767 27 1730
56331 3283 7291 93138 25 2087
53732 2735 6694 82434 113 1649
54026 4125 7282 86138 55 1635
53003 2741 7116 87423 30 1799
53615 3650 7022 85291 81 1631
51741 3459 6575 77531 71 1563
49503 3655 6671 79255 44 1633
53310 3236 7060 87668 24 1813
53166 3182 7366 80389 77 1615
52528 2879 6942 87825 95 1638
54491 2796 7094 88369 47 1628
52777 2914 6717 90889 41 1624
52037 3787 7182 91315 147 1612
52308 2767 8285 84108 51 1669
53331 3406 7636 87865 51 1664
59150 4258 6871 83973 42 1677
52079 2790 6894 79285 94 1624
49499 3324 6576 79655 103 1583
53039 3524 6853 83579 25 1737
53459 4098 7077 85811 97 1691
52712 3690 7059 84680 64 1673
52145 3677 7792 85069 26 1668
53850 2608 7371 84995 70 1563
51649 2780 6722 79963 102 1634
48576 2443 6993 84369 84 1675
50873 3224 7101 87487 80 1780
54976 3840 6965 79649 73 1637
50816 3896 7305 82192 68 1586
49251 2686 6585 79046 53 1559
51667 2644 6839 78637 28 1603
49589 3765 6685 77409 79 1598
49696 3024 6622 77500 58 1682
53123 4457 7054 87585 140 1675
52510 3328 6631 82583 53 1586
52701 4583 8047 79905 75 1601
49218 2620 6595 77932 42 1561
49108 2611 6583 77401 119 1671
52717 3090 7048 80364 54 1588
49728 3241 6610 82486 58 1702
49423 3473 6616 76959 37 1592
49521 2932 6548 81439 70 1625
50732 3150 7094 85264 38 1671
52539 3350 6615 77448 54 1598
50757 2788 6996 78413 60 1590
48563 4106 6569 78988 44 1592
50931 2536 6601 77637 36 1550
51824 3365 7204 82372 54 1597
48674 2552 6549 79886 45 1622
52714 2768 6569 79306 30 1595
48928 3023 6547 77383 50 1584
49759 3682 6557 82366 105 1717
52956 3365 7468 78336 43 1588
49772 4549 6945 83401 96 1642
52846 2695 6977 85823 79 1586
51968 2778 6602 83036 25 1690
54088 3476 7603 83302 69 1722
52671 3673 7090 84764 91 1702
56143 2765 7099 93900 53 1756
52121 2952 6591 78752 56 1615
50063 2718 6559 77034 35 1591
52069 4290 7038 81130 49 1591
49410 3510 6587 79745 96 1650
49479 4128 6581 79008 64 1601
48420 3011 7273 85026 48 1637
48753 3183 6556 94372 77 1698
54030 4472 6629 77990 80 1600
50258 3253 7749 79845 39 1601
49158 3259 6596 77099 73 1559
49812 3856 6822 80496 29 1672
53170 5035 6989 89491 67 1625
49652 3309 6551 78508 90 1694
49898 2860 6577 76923 65 1599
48398 2645 6551 76927 147 1580
51614 2684 6576 79110 54 1747
53539 3283 6656 80974 64 1599
49242 2552 6900 87469 39 1593
49691 4102 6679 76911 34 1560
50112 2829 6554 77037 26 1584
50197 2840 7050 86954 71 1591
48845 2448 6536 77478 50 1645
54908 3084 6585 76966 23 1595
50212 2459 6626 77228 62 1687
52105 3444 6803 87408 55 1745
52300 2683 6976 82597 39 1680
52993 3099 7086 86098 27 1653
55573 3088 6649 84867 99 1715
51097 4278 7116 87495 44 1745
53241 3123 6854 85413 38 1705
53676 4630 7538 80513 91 1691
54307 2929 6699 77704 69 1599
49197 4253 7349 88936 52 1734
57080 3278 8656 84747 84 1704
53544 4439 7535 87023 168 1634
51781 2986 9257 83796 145 1688
54928 2968 7258 84045 35 1692
58691 3033 7416 88182 65 1704
53982 2733 7621 93026 91 1621
51493 3459 7183 87667 122 1695
53734 3010 6700 83462 26 1742
52964 3021 6644 84289 43 1729
54489 3068 7286 89020 54 1613
52367 3248 7070 85700 257 1744
54219 3223 7500 84255 98 1637
51737 2994 8403 86441 116 1612
52920 4169 6663 79233 44 1616
49146 2800 6587 76890 40 1591
52424 3107 6827 85087 41 1619
51388 3273 7709 84332 72 1693
51831 2799 7023 81415 68 1652
51456 3506 6575 77807 34 1588
48449 5101 7783 86563 111 1688
52867 3214 7646 84524 54 1590
52038 5161 6590 79416 306 1704
50680 3801 6734 77789 77 1599
50967 3938 7184 84920 76 1632
52614 3464 7157 88134 98 1618
49328 2960 6697 77320 22 1572
49486 3917 7103 78415 46 1599
51705 3781 6660 85534 81 1710
53420 5147 7845 79083 91 1685
54885 4244 7444 82262 35 1584
50479 2886 7230 86207 52 1655
51516 2732 7028 81686 39 1640
49272 3105 6594 76879 34 1569
52466 2687 7525 84453 51 1644
52261 3314 6759 82510 65 1702
52562 4100 7202 79101 25 1729
53945 4456 7120 85848 70 1702
51788 5147 7017 83328 78 1741
53717 3955 8362 86284 51 1757
56001 3097 7165 81486 122 1700
51574 2570 6899 83293 38 1715
52572 3293 7253 82163 76 1734
53281 4148 7167 84247 85 1738
53077 3883 7124 82234 55 1732
49718 2645 6563 82541 50 1688
50668 2965 6843 77462 45 1719
51795 2790 7005 82536 26 1781
52345 3293 7024 77458 23 1612
50019 3245 6555 79037 34 1592
50909 3937 6561 78429 52 1781
54973 3588 7376 85184 62 1653
52585 5219 7355 88737 49 1663
52226 2703 7566 78665 52 1635
51400 3156 7554 90644 30 1730
55103 2729 7219 84302 49 1604
53579 3148 7828 84583 28 1822
52703 4725 7334 85700 86 1611
53768 2941 6728 86585 77 1748
60979 2800 9033 90135 71 1777
52866 4160 7630 84127 83 1667
53224 2812 7456 88628 51 1665
56126 3708 7097 82081 55 1706
53855 3629 8056 87032 26 1612
51491 3741 6779 80131 83 1601
50177 3909 6700 87160 74 1668
53551 3028 6728 82221 91 1753
51010 3476 6784 82600 60 1594
53351 2740 6689 77428 46 1596
49885 2577 6546 77432 96 1701
56351 2811 6648 79264 47 1610
49387 2663 6560 78246 72 1568
48661 3365 6942 80553 73 1748
54620 3168 17342 84189 54 1708
54822 3920 6663 95282 85 1714
53610 3523 12071 107064 39 1704
51506 3329 6810 85167 54 1736
54383 4494 6663 87447 62 1702
54890 3800 6672 81573 66 1735
53568 3798 7346 89837 126 1761
59396 4242 7095 83454 144 2002
51354 4133 7041 97697 39 3847
75422 4142 8587 94224 42 1634
66523 3221 7482 86311 267 1716
51474 2660 6752 87816 82 1744
52315 3054 6969 80210 95 1633
57013 3273 7675 92831 60 1865
64416 2868 6735 79893 47 1672
50614 2756 7301 85221 58 1739
50430 3383 6820 79713 169 1656
51269 3240 7276 87694 38 1763
58503 4095 8615 125355 142 2135
57939 3140 6664 85029 58 1767
51698 3267 6917 82970 31 1743
54019 2866 7020 87635 56 2717
68871 5208 8041 115909 101 1731
56223 3391 6747 78611 64 1683
51386 3383 6860 82426 62 1795
50800 3583 6604 78003 97 1633
50556 4905 6641 77181 66 1597
49510 3521 6588 77362 27 1598
48689 3355 6607 77712 43 1634
50238 3301 10756 78417 56 1626
48960 3359 6935 82744 41 1753
52907 3476 7046 79244 44 1658
51333 3560 6609 76968 40 1616
48967 2736 6578 81423 26 1716
52631 4841 6957 83156 25 1710
53401 3036 7128 82188 106 6078
63055 3818 7172 90822 64 1814
53244 3987 7158 95731 207 1814
58207 2948 19054 249088 170 1812
52138 3417 6886 79673 61 1767
50738 3632 6868 79642 56 1704
50300 4180 6598 77345 47 1638
51613 3890 6855 93787 53 1980
50539 3741 6776 82171 53 1749
49958 2790 6706 88899 32 1806
50511 2705 6631 77927 54 1686
51544 3035 6831 80122 42 1725
53074 2828 7283 81564 51 1654
49437 2488 6666 77150 94 1668
49931 3848 6657 77764 29 1627
49608 2568 6844 80477 47 1717
51131 3537 6666 78095 26 1763
53083 3039 7796 83669 147 1817
51073 2584 6639 77958 85 1644
49718 3001 6590 77965 73 1637
49778 2563 6607 77143 108 1687
50148 3123 6589 77398 31 1674
48701 2664 6623 78539 61 1679
50869 2769 6659 79385 58 1950
53722 2750 7920 84135 89 1764
53276 4275 6624 78897 53 1897
49144 3055 6638 77483 41 1656
49815 3400 6755 78239 29 1650
49944 3590 6646 77661 105 3507
54977 3255 8534 83380 46 1741
53714 22855 7713 82513 28 1686
49525 3643 12559 77854 72 1656
48964 3773 6588 77755 70 1654
48686 4139 6507 76538 159 1546
49895 3913 6502 76889 63 1564
50081 3101 6998 83445 32 1572
49746 2994 6628 77058 210 1581
49392 2946 6520 84744 37 1742
57313 4313 6728 81180 29 1620
52558 3674 6534 80400 25 1672
55013 3708 9660 80825 29 1593
49929 3442 6608 79191 28 1660
49504 2705 6557 77858 32 1610
51869 3993 6830 81584 37 1575
50307 3547 6925 77780 36 1606
49781 4230 8619 84310 35 1615
49496 2885 6611 78782 29 1582
49720 3191 6615 78290 33 1581
50732 3002 6716 77279 36 1578
51782 3631 6520 77134 37 1584
48722 4010 6969 76779 35 1637
50183 3769 6514 80090 30 1576
49752 3815 6670 78106 35 1575
51586 3850 6492 79992 33 1803
63365 3152 7737 112275 102 1749
125348 4759 7808 95334 47 1670
53038 3969 7059 81294 41 1597
50020 2871 6588 87023 47 1609
49601 4530 6576 81558 32 1593
49191 2796 6782 97986 51 1606
50288 2916 7044 84064 27 1734
55180 2565 6601 77672 74 1579
49253 4132 6799 76822 38 1589
49551 2765 6527 76719 32 1551
48926 3249 6505 77369 45 1565
51291 2770 6507 76463 40 1570
50193 2592 6499 79733 26 1640
50569 2680 6542 77488 46 1601
50486 2538 6552 76729 27 1586
49177 2989 6510 78919 28 1686
51608 3325 7110 82060 30 1664
51671 2916 7192 88169 46 1974
52482 2743 6705 79087 30 1614
51931 3434 6551 77837 28 1579
49927 4229 6509 76689 29 1556
49285 3320 6528 77671 27 1554
51682 4680 7576 83142 29 1580
50451 2988 6543 77403 52 1555
48467 3954 6577 77403 28 1589
49117 3939 6514 77063 35 1589
49293 4305 6543 79903 32 1621
51365 2688 6504 77676 36 1599
49080 2610 6496 76588 29 1574
48800 3090 6483 77664 25 1629
51053 4205 6704 79625 29 1573
49142 3508 6503 84115 29 1663
51222 2835 6508 78290 44 1607
51670 4032 6512 76296 29 1547
50242 3220 6494 76506 30 1588
49385 3911 6495 76827 28 1586
49132 2939 6562 77565 41 1596
48677 2599 6527 76438 27 1562
49358 2635 6499 76907 53 1573
50150 4756 6755 87599 35 1693
50409 3296 6501 77309 42 1600
50578 2698 6511 77719 45 1579
48426 2505 6485 76833 39 1561
48441 2492 6526 76658 49 1565
51017 3292 6751 80468 24 1598
49937 3197 6504 78566 32 1641
50523 3210 6499 76452 30 1610
49567 4846 6503 77649 28 1593
48817 3861 6501 76658 31 1579
50347 2851 6491 77318 36 1575
49450 2978 6496 86100 29 1607
49765 3045 6515 77202 40 1588
49209 4191 6512 76609 34 1560
49179 3263 6494 80223 27 1681
51814 3196 6928 78426 29 1615
49706 4040 6523 80564 33 1604
49855 2723 6523 76992 38 1569
49334 4386 6490 80566 40 1619
49670 2888 6796 79496 28 1689
51394 2644 6501 81041 38 2759
51611 2965 6522 78821 35 1603
48771 3224 6490 76959 29 1582
48438 3418 6529 76225 44 1583
49549 2638 6484 77149 30 1598
48996 4097 6513 79043 32 1679
52350 3188 6858 77211 33 1594
49442 3459 6509 77596 29 1587
48925 3182 6511 78325 37 1586
49575 2983 6583 78147 53 1620
49323 2728 6492 84720 28 1606
49057 3786 6503 76469 39 1587
48705 3159 6511 76600 35 1564
48730 2561 6479 80831 30 1631
51776 3763 6716 78746 27 1673
53270 3258 6549 77603 44 1588
48352 3069 6486 76724 35 1604
50546 2604 6505 76801 29 1585
49409 2924 6493 76394 29 1583
49685 4618 6512 77801 29 1618
51429 2496 6519 77297 29 1616
49506 2864 6481 77012 29 1587
48964 4325 6510 76720 29 1562
49444 3535 6497 77707 29 1573
51848 3580 7099 77675 28 1607
49609 2714 6488 76603 29 1577
49300 2586 6512 76852 44 1573
49093 4042 6551 78573 52 1656
51373 2921 6897 80551 28 1592
49183 2498 6890 83945 33 1600
49743 3381 6492 76108 36 1571
50693 2702 6509 76049 39 1561
50504 3316 6507 80427 32 1581
53352 2804 6829 81008 38 1713
52745 3614 6908 81502 25 1669
51513 2746 7764 78692 42 1665
50214 3618 7054 82419 29 1594
50702 3054 7553 84644 28 1595
49645 3177 6576 77899 29 1554
49596 4275 6495 78003 40 1576
49540 2800 6506 76934 34 1586
49444 2552 6490 76798 28 1602
50514 2925 6777 83976 27 1736
55873 3524 7068 79404 35 1625
55658 2973 7139 92672 31 1607
51851 3112 6754 84966 30 1652
50523 4699 6936 86666 187 1705
50152 4433 9890 89799 34 2550
66975 15466 7522 85191 28 1601
51683 4384 7195 117809 31 1720
66267 2951 6562 82373 29 1598
49837 2584 6477 89633 42 1726
54798 2924 7375 92475 40 1926
60106 5384 7771 88982 41 1778
69926 3558 7583 116101 39 1797
54518 4278 6647 80500 33 1764
52679 5285 7149 85959 33 1713
53398 2657 6484 77974 65 1584
48822 3059 7754 77092 29 1564
49444 3807 6489 76850 28 1572
50982 3486 6634 77611 30 1582
49531 2749 6506 78083 28 1557
51893 3000 6478 77154 31 1578
49699 3101 6561 77518 32 1724
52182 3756 7001 84637 30 1582
49523 2527 6492 76247 34 1575
49636 3158 6592 77308 33 1589
49935 4196 6469 76328 35 1572
51710 2843 6693 79838 31 1584
49395 4401 6504 79990 34 1594
48749 3374 6499 110390 994 8568
85423 19616 7109 81622 35 1649
51050 2799 6659 78074 29 1594
49716 2618 8176 87521 28 3599
53360 3399 6893 84566 30 1688
54025 3956 6982 84589 69 1751
54108 2730 6712 79495 37 1580
48539 2812 6510 76165 36 1560
49525 3045 6523 98398 30 1584
49813 2735 6537 78233 28 1581
48668 3146 6520 76844 28 1669
51179 4112 6837 79615 33 1578
48942 3784 6530 80809 25 1728
53413 3615 7288 83185 26 1663
49036 3018 6535 77962 37 1599
49774 4052 6529 77206 29 1563
51336 3241 6955 96285 30 1619
52868 3246 7096 137383 116 1855
50066 3673 6545 77016 42 1604
49443 3509 6468 82374 33 1676
53328 2711 7042 85727 27 1841
54621 4382 7589 76582 43 1588
49330 2849 6470 76601 40 1564
49179 2957 6499 76267 38 1605
49004 2828 6627 78864 31 1641
50864 2626 6605 77293 29 1611
51265 4212 6527 77089 34 1608
50118 3404 6481 78164 42 1576
50302 2635 6510 76221 28 1551
49214 2742 6518 76459 36 1561
49096 2943 6911 84203 29 1689
51608 3052 6558 76833 28 1580
49327 4466 6470 77505 326 1559
50063 3869 6483 77017 29 1562
53299 3630 6953 80555 32 1631
51555 2685 6895 81781 30 1697
56927 3980 6801 79837 32 1623
51504 3611 6529 76491 28 1594
49443 3037 6444 80280 29 1617
51055 3606 6528 76354 29 1601
48705 4668 6681 77268 28 1590
49720 2629 6516 76347 29 1599
50273 2892 6444 76481 33 1555
48843 4396 6506 76919 29 2505
49066 2691 6460 80293 30 2245
52873 2724 6957 80422 31 1611
48834 2775 6524 77095 29 1581
49815 2512 6472 77156 34 1557
49483 3445 6584 76505 30 1578
50311 2652 6467 75834 30 1656
50967 3294 6870 78138 28 1593
49093 4360 6482 77352 858 1574
49447 2492 6527 76850 30 1618
51571 3282 6777 77922 33 1616
49626 2534 6457 80032 33 1628
50074 3982 6519 77117 37 1587
49450 4287 6522 77081 28 1553
49240 2935 6593 76646 29 1591
50052 2937 6499 77445 30 1551
50364 4046 6668 79586 29 1592
49369 3553 6461 76658 28 1564
49269 3298 6458 76849 28 1579
49016 4468 6448 75963 27 1555
50631 3899 6497 76558 29 1580
50904 3297 6441 80602 27 1600
50149 3774 6508 75812 27 1587
49845 2755 6454 76664 28 1559
49702 2855 6689 79352 30 1634
50162 3967 6833 82661 40 1688
51242 3427 6693 76735 28 1601
49663 4184 6507 76054 27 1554
49241 3211 6485 76317 29 1573
48928 2576 6528 76857 38 1597
49023 3633 6453 76772 31 1654
49784 2819 6552 77192 35 1597
50605 3075 6481 77652 29 1562
50501 3188 6550 77127 30 1553
48867 3447 6474 76580 29 1550
50292 4057 6495 82234 28 1714
51342 4434 6475 75753 29 1590
48438 2774 6443 76076 29 1566
49960 2740 6434 78625 24 1656
53281 3631 6564 78338 29 1604
49486 3580 6672 83696 26 1711
49747 3782 6482 76054 29 1592
48891 3349 6458 75739 29 1556
49840 2949 6451 75664 28 1594
49711 3113 6425 76145 29 1610
49622 4277 6454 76417 30 1621
51044 2540 6453 78653 31 1596
49214 2896 6456 76244 31 1548
49779 2689 6463 75744 122 1563
49578 2613 6472 76762 30 1590
48515 4321 6429 76996 29 1590
49350 3266 6452 75925 29 1558
50697 2794 6415 76402 29 1584
52168 2752 6675 79807 29 1588
49291 2622 6433 77949 36 1628
53756 2981 6892 83993 35 1660
50447 2980 6451 77856 28 1585
49996 3107 6480 76745 29 1576
50727 4415 6451 76889 29 1571
49342 2898 6457 82837 32 1590
49987 2972 6437 76144 37 1579
49539 2710 6451 76218 44 1571
48667 3823 6431 75642 38 1571
49995 3455 6453 75828 28 1582
49602 3890 6899 83336 32 1590
50288 2526 6452 77002 34 1567
48350 2558 6426 75500 34 1556
49415 3115 6874 84413 32 1683
52943 2866 6623 80864 39 1685
53509 3297 7285 85484 36 1696
53786 2744 6858 77914 28 1597
49492 3240 6441 75961 28 1569
48746 3385 6435 82086 38 1631
50154 3472 6445 76242 40 1649
49415 3310 6430 76512 42 1582
50209 3567 6429 77825 40 1628
53216 3475 7028 77191 43 1610
49710 2575 6420 76605 32 1557
51544 3721 6570 77829 39 1621
49628 3057 6436 76138 29 1557
48795 3329 6432 76541 36 1580
49357 3623 6608 79205 30 1610
50078 3589 6502 79171 53 1697
53730 4544 6726 75919 28 1607
48978 2539 6419 76092 35 1591
49239 2777 6439 76227 28 1552
49180 2476 6435 75518 27 1554
49685 4072 6443 76213 31 1567
51104 4143 7138 83173 26 1638
49228 3531 6430 76084 128 1579
48446 3617 6425 75884 29 1574
50007 3995 6416 75908 28 1572
48636 2877 6421 75672 29 1639
53163 2857 7035 76436 32 1598
49122 2573 6772 76019 33 1610
48561 4101 6426 76778 30 1644
51863 4444 7260 84397 27 1732
53210 4140 6435 75825 30 1594
48874 3103 6437 75797 32 1650
48618 4218 6418 76870 34 1562
49564 3512 6430 76333 32 1565
49724 2943 6434 76146 30 1647
51065 3154 6482 75810 31 1592
49673 3470 6421 76096 38 1577
49360 2688 6426 75982 39 1579
49398 3425 6416 75530 37 1580
49637 2576 6418 79142 34 1703
53504 3615 6483 75952 37 1589
50376 3263 6431 76639 30 1574
48935 4038 6469 75514 29 1568
50105 2564 6685 78919 29 1587
44522 3733 6411 75736 37 1563
53697 3579 6992 80684 30 1598
49897 3249 6425 75543 29 1602
48521 3284 6431 75526 29 1582
49251 3145 6424 76491 38 1573
49368 3190 6419 80671 27 1836
54186 3025 6733 75444 41 1599
50087 2491 6413 75976 30 1590
49142 2502 6464 75904 44 1593
52984 3114 7286 76644 27 1601
49738 4257 6426 75562 27 1554
49773 3111 6413 75586 29 1558
50295 2516 6406 75572 29 1586
48572 4750 6473 77356 28 1636
51115 3546 6657 77111 28 1629
49214 3763 6861 76838 28 1582
50251 2889 6843 75591 31 1590
49202 3660 6424 79982 29 1604
48736 3610 6987 83629 31 1605
51069 2907 6430 76993 29 1573
49994 2986 6423 75405 37 1574
49045 4069 6386 76328 39 1559
48568 2590 6407 75850 30 1550
49668 3112 6436 76087 27 1562
49891 2779 6453 84415 25 1625
49278 3444 6434 76376 52 1572
48856 3129 6389 76088 24 1544
48267 2561 6408 75892 30 1590
51052 3931 6777 79770 23 1581
50122 3079 6825 82897 29 1626
52417 2558 6430 75135 24 1570
48924 3615 6379 75929 23 1563
48986 3995 6397 77189 25 1649
51274 2913 6844 81384 38 1655
54713 2706 6977 81802 33 1708
54375 3670 6701 82354 29 1595
51233 3456 6761 75514 33 1562
48617 4236 6395 75171 22 1538
49171 2894 6378 77009 22 1525
48708 3178 6774 82102 24 1558
48695 4291 6424 76286 22 1534
49037 2569 6388 75351 30 1537
49709 4095 6722 78787 24 1618
54139 4979 6856 81128 32 1711
49860 3454 6414 76224 32 1557
49759 3477 6394 75314 23 1546
49249 3289 6392 76200 24 1551
50245 3270 6386 74994 23 1526
48997 3387 7167 77626 26 1565
49912 2975 6385 75618 41 1557
49255 2644 6383 75943 22 1550
49873 3410 6378 75445 22 1557
48893 3625 6380 76440 22 1584
50018 5107 7451 82006 52 1719
48574 3822 6416 77795 26 1574
49927 2567 6388 75289 23 1537
49332 3098 6370 79553 41 1599
51341 3574 6475 78813 66 1871
53062 4462 6459 75838 24 1559
48623 3232 6386 75674 29 1556
48762 2774 6422 75367 22 1555
48823 2574 6383 75473 22 1534
48565 2903 6372 77468 25 1701
55100 3236 6665 76562 32 1573
50225 3173 6464 76821 27 1538
50504 2543 6416 75632 22 1553
48845 3499 6407 75267 28 1522
50019 3223 6933 81430 25 1653
50944 4674 6398 75881 28 1565
49674 3134 6448 75641 29 1539
50677 2802 6365 76195 24 1602
51624 2953 6721 78301 22 1569
48611 3118 6390 74937 22 1534
52957 3619 6459 78589 34 1574
49805 2491 6453 76045 22 1554
48997 2483 6388 75325 27 1536
49235 2501 6378 76206 28 1524
48774 2517 6379 77456 26 1663
52704 2969 6488 75575 26 1561
50358 2870 6448 75726 23 1534
49391 2918 6410 75615 34 1526
49931 2623 6359 79109 25 1687
53447 2875 6420 77150 30 1557
49687 3735 6506 76638 28 1531
50207 2712 6382 76323 22 1538
49814 3360 6668 78719 24 1669
50723 4686 6376 78978 29 2014
52674 4254 7052 84810 25 1589
49920 3720 6779 80460 32 1645
52315 3398 8667 77645 31 1580
51509 3098 6799 79713 35 1653
52109 2837 7333 80461 34 1669
48896 2940 6502 76800 30 1557
48581 2606 6367 76506 26 1587
50789 3437 6418 76247 26 1521
50036 2699 6444 75928 22 1538
49940 2506 6410 76266 23 1661
53200 4716 6531 76572 23 1580
48961 2562 6369 75240 30 1526
51050 3000 6379 79679 27 1631
50786 4339 6413 76431 31 1553
49615 3016 6438 79167 34 1631
52689 3138 6409 75787 34 1557
50116 3511 6395 76400 25 1561
48952 2637 6360 75096 26 1525
49640 2743 6391 75809 35 1534
49183 3865 6395 83736 32 1705
52430 3491 6437 76596 31 1566
52379 3239 6926 93441 34 1578
53051 4348 6752 77615 34 1675
56013 3712 7723 78747 29 1702
50779 3071 7222 86850 32 1623
50948 3981 6983 104171 43 1818
60733 3946 6926 95292 58 1652
70854 4813 7211 92580 33 1638
52815 4214 7153 81683 32 1601
50636 3212 7101 86381 39 2008
52004 2917 6636 81891 34 1582
50704 3546 6797 86408 29 1563
50003 3212 6489 83290 36 1670
59498 3937 6553 86317 29 1594
61232 3259 6906 84132 34 1697
52778 3195 9697 79371 35 1667
56680 3540 6498 85174 42 1607
54045 4696 7984 89686 28 1632
51434 3212 7095 82767 27 2145
51879 3824 7122 87676 31 1689
58050 4949 6798 86997 33 1576
50900 5720 9847 175148 132 1889
143241 13133 7536 107729 137 1841
94230 4354 7065 97708 47 2967
66335 3838 11038 102596 36 1923
52714 3255 7125 90005 1502 1577
57716 3120 6765 85112 45 1661
53796 3859 6557 82900 38 1716
56027 3374 7377 97392 42 2757
99457 3195 8222 133363 1848 6594
63478 3846 7085 95555 41 1670
56217 6067 7808 85945 29 1675
55362 4648 6952 103627 43 1757
91833 3674 9133 116829 62 5513
72703 9441 7724 87600 1252 1580
59099 3071 11828 113190 62 2179
82146 3550 7371 117232 242 1892
65666 6417 7365 153009 95 1852
59333 5769 7818 88491 1560 1635
56276 2773 7191 86293 968 1705
57699 3501 6562 83811 1258 1808
73150 3341 8052 130169 70 2140
74414 8491 20940 99876 380 1725
71085 6797 9276 126332 2848 3226
79467 8766 8861 144449 67 1658
61434 12102 6986 108559 41 1668
63390 3470 7677 102141 48 1906
57399 2805 7220 85710 41 2086
57228 4052 7525 93098 47 1707
58961 3231 8793 99926 38 2049
67201 2811 15920 88234 5826 2948
88138 3309 7026 106205 393 1804
71330 3209 7310 91945 132 1657
65994 9893 7107 165174 296 1757
74085 3778 35757 161138 41 6402
133691 5359 20132 105741 462 2389
67777 4178 16212 144310 261 5092
101197 12379 7752 109755 35 5976
80259 3766 7200 97659 41 2319
88279 5406 15475 132915 30 1827
67794 4821 7440 131663 48 1615
66580 5159 18924 102461 65 1669
79467 3648 7947 115814 1336 5020
112273 4427 9490 89744 134 1717
68861 3580 7084 110378 31 1622
65299 3687 7529 104763 31 1665
55430 4094 7142 94536 37 1620
61683 4220 6672 83521 75 1656
52244 3286 7114 84118 31 1686
69122 2982 7499 89303 2651 1758
55920 2988 8559 92351 446 1764
62261 3458 7046 83730 30 1677
57123 3999 7166 81463 25 1694
52353 4921 6433 79399 249 1705
52036 2724 6669 84705 41 1704
53839 2945 6968 85197 2992 1658
52489 3070 6885 83857 29 1658
52521 4454 6539 79579 34 1584
51863 2509 6437 75386 36 1551
48710 2459 6397 76392 34 1551
49950 4478 6396 81601 35 1653
50573 2746 6511 82221 37 1678
51212 4787 6394 76389 33 1651
52667 2716 6801 78836 304 1570
48185 2806 6375 75451 33 1591
51013 3638 6970 78952 32 1665
51712 3448 6997 77312 25 1636
52369 3275 6686 83016 39 1734
51490 3874 6591 77925 35 1617
50048 3076 6366 75935 31 1582
50083 3720 6366 75069 28 1571
48953 3412 6377 74958 31 1568
49489 2647 6359 75425 278 1575
49877 2945 6352 76363 28 1737
51922 2973 6377 79827 43 1666
54036 4096 6401 79290 239 1593
53663 4014 6834 79011 35 1694
51911 2793 6571 77973 265 1577
50219 3232 6486 76484 33 1579
49774 2929 6349 75858 36 1576
49483 3505 6354 79200 56 1547
48886 2694 6351 75186 29 1576
49352 2803 6359 75495 318 1593
50967 2895 6356 76302 28 1627
52724 3400 6544 80483 27 1653
54637 4088 6789 84327 33 1587
52575 3385 6857 83334 34 1624
50267 3743 6368 76340 35 1573
49621 4598 6352 76060 34 1551
48527 3649 6344 75082 30 1580
48983 4002 6862 75007 31 1571
49940 4705 6751 77870 28 1667
51183 2642 6344 75062 30 1572
52620 3924 7072 87292 31 1656
51840 4033 6798 79855 30 1619
50288 3125 6365 78303 33 1569
49169 3997 6361 75917 32 1554
49703 3387 6340 74837 37 1730
50233 2665 6764 82591 208 1729
53002 3455 7076 96468 34 1741
56314 3667 7328 84301 48 1601
51218 2907 6395 75792 35 1581
49142 3062 6361 82272 1064 1573
49058 3258 6758 76862 32 1573
48814 2786 6361 75394 35 1553
51419 2893 6688 79180 38 1567
49931 2862 6392 75131 30 1639
52486 2882 7009 78938 30 1657
54345 4173 6404 83463 42 1637
51650 3828 6394 76047 41 1685
53482 3723 6922 81056 51 1621
51317 2664 6822 82112 30 1745
54757 5231 7072 78769 29 1734
55261 3699 6953 79208 34 1574
49185 3017 6344 80183 36 1596
50171 2521 6398 76083 42 1555
49012 3399 6369 76708 78 1682
54437 4220 7151 81895 27 1664
53689 3293 6700 79525 30 1731
50686 2875 6747 80289 30 1706
50471 2693 6592 75235 35 1571
48708 2902 6729 77436 27 1570
49913 2747 6394 75067 56 1584
43717 4008 6416 75073 37 1551
49962 2859 6372 74916 45 1564
48913 3632 6347 76737 34 1563
49662 2975 6353 74784 32 1549
49689 3475 6422 74930 36 1579
49732 3003 6412 76253 52 1548
49106 2593 6369 75108 34 1591
49248 4320 6335 76315 31 1729
54117 4429 6767 78754 30 1669
52502 2885 6991 77746 219 1666
52336 2573 6595 78896 27 1651
50757 2788 6380 75200 312 1649
50423 2683 6339 82225 35 1660
52907 2656 6494 77266 36 1593
52520 4804 6402 76985 41 1604
51864 2916 6449 76035 41 1573
51524 3451 6366 77271 37 1604
50639 2572 6495 78894 74 1881
50185 3357 6512 75113 32 1575
50218 4560 6725 86461 32 1694
50527 3162 6332 74978 27 1650
57089 3272 6952 75471 45 1581
49907 3008 6340 75000 31 1570
49836 3068 6400 75456 36 1568
49447 3567 6369 77857 24 1610
50352 3083 6686 75344 28 1585
51839 3467 6614 75937 42 1606
50319 3259 10058 78398 29 1591
49808 3447 6354 76405 47 1608
53071 2695 6469 76198 37 1586
49368 3639 6362 77650 31 1697
52700 3413 6347 79914 27 1656
51613 3843 6744 81412 28 1690
52160 2764 6812 77764 29 1603
49290 3259 6348 74577 29 1535
49293 2988 6337 76804 27 1548
49138 2699 6308 78676 26 1732
53995 4100 6745 81990 26 1659
51440 4593 6632 77939 34 1663
53530 3537 6835 79173 30 1607
52084 4090 7931 81614 28 1639
49968 2750 6415 80323 48 1734
50974 3404 6432 77107 23 1692
51843 4097 6544 78476 31 1591
49244 2630 6329 74720 32 1523
49847 2721 6825 81422 36 1731
52913 3275 6354 80105 24 1697
53152 2663 6709 75593 29 1736
54300 2614 6850 82062 28 1666
62787 3871 6644 76045 31 1618
57978 3325 6511 78317 35 1630
53072 3039 7297 118034 35 1716
65723 3505 12198 89618 1831 1744
52281 3019 8362 79850 30 1703
57838 3075 6638 89745 33 1660
52699 2835 6687 86874 32 1620
52605 3840 8121 88516 2060 1696
47781 4501 7982 81206 44 1606
50478 3623 6479 80149 41 1671
52216 3621 7972 85370 35 2092
53127 2611 6628 87306 33 1669
60304 3583 9561 99809 34 1817
66778 4209 7719 92780 32 1750
75205 3372 7246 89549 32 1769
55314 3510 7556 84930 38 1780
66261 12626 9200 110444 37 1620
51465 3517 6519 83586 31 1644
50032 2938 7244 80731 63 1922
51525 4685 7143 84516 48 1746
55563 3758 6816 77282 32 1642
83444 3086 6862 78697 30 1811
52409 3104 6743 81275 33 4600
54036 5669 7465 86422 27 1664
52692 3546 6759 79894 35 1666
52819 3798 7005 81763 31 1723
51912 4101 6906 88731 33 1681
53070 2682 6713 84908 30 1688
53139 4542 6981 83222 40 1792
53642 3376 9955 82827 48 1671
55970 3581 8679 81938 30 1732
53427 4625 7068 81949 26 1716
56420 3005 7135 81331 29 2270
53323 3023 6850 83732 30 1680
53866 3263 6959 84749 28 1672
57869 2816 6372 84904 41 1631
54107 3260 7235 82655 45 1677
52825 4351 6730 82699 33 1691
53635 3835 6836 81204 37 1929
54889 3314 6751 80396 36 1698
53475 3535 6851 82348 37 1742
52511 3360 7043 79754 40 1750
63238 3042 7381 86579 38 1680
54166 2851 6939 83389 36 1675
56205 3032 7233 87256 36 2027
57228 4474 7088 82500 29 1695
54417 3224 6895 83329 29 1751
54321 3138 7083 83201 44 1672
56386 3073 6820 81299 45 1665
53132 5118 6960 86222 39 1634
53802 4052 6743 82517 114 1636
54176 6332 7169 80927 34 1586
49662 2887 6320 75883 44 1608
48820 4333 6303 77080 35 1583
51383 2973 7007 81693 36 1594
49991 4053 6811 78634 35 1614
51756 3447 6505 81402 37 1591
52587 3110 6930 81240 42 1765
52610 3702 6414 76982 38 1676
54384 5442 6387 75542 44 1614
49751 3388 6297 74519 39 1729
51134 2945 6541 82155 32 1699
52986 3782 6831 82228 35 1636
52985 3234 6496 85602 32 1764
55856 2881 8006 80603 35 1581
48345 3013 6354 80805 33 1581
49914 3998 7855 81015 548 1699
53501 3057 6775 75999 34 1634
56203 4489 6778 85254 51 1649
52717 3054 6775 86058 30 1721
53390 4280 6761 77229 52 1573
50849 2491 6628 83916 37 1707
54116 3165 6372 79410 36 1701
54448 2912 6551 78905 34 1583
50150 2760 7192 79144 33 1586
50596 2965 6821 86145 285 1580
50245 3275 6414 76389 58 1561
50851 2814 10869 82607 42 1647
47627 3659 6458 76196 28 1607
50841 3038 7524 76650 37 1593
51135 4382 6794 81470 85 1754
53157 3875 6432 76301 60 1646
53079 4004 6600 76981 29 1607
112682 3982 13236 114490 51 1774
65494 4580 6619 79021 69 1714
51798 3749 6915 80068 33 1681
54411 2650 6981 83777 30 1693
54289 4466 6791 87839 52 1694
63545 3025 6936 84044 38 1692
54599 3779 7260 80203 25 1651
52667 4284 6686 81405 208 1651
52964 2878 7054 85913 44 1660
53472 2897 6692 80577 36 1619
