RIndependent Gonzalez BaselineGreedy Bottleneck Dynamic FullyDynamic
1871 315 1281 8182 3 218
1409 244 1021 6917 4 187
1273 219 925 6336 5 192
1214 237 911 6341 4 194
1194 196 925 6241 5 193
1223 201 908 6313 3 190
1188 243 912 6250 4 197
1182 214 918 6298 3 189
1187 246 911 6246 4 189
1313 222 905 6178 4 198
1162 242 916 6289 3 190
1179 209 909 6287 4 189
1209 203 907 6263 4 192
1235 234 912 6305 3 191
1201 219 900 6192 4 190
1199 230 918 6259 43 190
1218 231 899 6240 41 189
1210 228 952 6210 3 195
1195 239 896 6245 3 194
1187 203 899 6225 70 186
1222 239 903 6253 3 190
1200 226 903 6214 3 208
1198 218 899 6253 4 190
1207 192 900 6175 2 191
1243 221 898 6206 3 190
1205 275 905 6219 54 187
1192 183 955 6294 4 187
1176 207 900 6208 3 188
1189 224 2095 10048 5 219
1387 219 1155 8442 6 252
1495 313 1171 7441 7 249
1273 214 914 6505 4 192
1309 219 912 6344 3 191
1219 186 978 6257 3 191
1276 259 927 6225 4 192
1252 238 896 6200 3 186
1235 245 903 6202 3 198
1217 206 902 6255 4 192
1222 199 908 6181 4 188
1216 208 893 6261 3 186
1222 251 896 6362 4 187
1207 193 890 6230 3 187
1204 225 901 6352 4 193
1255 246 908 6161 3 186
1214 263 954 6264 4 187
1205 211 896 6183 3 186
1218 264 891 6239 4 195
1194 217 893 6169 3 203
1238 228 897 6185 4 231
1191 209 904 6188 3 189
1242 200 891 6313 3 188
1194 199 888 6350 3 191
1269 217 890 6645 4 195
1200 203 892 6299 3 187
1200 264 882 6317 5 192
1204 262 974 6164 4 187
1295 258 924 6199 3 187
1219 247 891 6214 4 188
1190 230 896 6188 4 200
1260 221 887 6164 7 194
1244 215 910 6140 4 195
1191 213 886 6173 3 191
1179 218 890 6273 4 189
1207 216 892 6185 3 190
1200 198 897 6321 3 185
1247 218 894 6156 3 186
1234 217 996 6168 4 186
1181 215 895 6188 3 185
1175 220 905 6152 4 188
1203 207 893 6140 3 185
1219 232 886 6303 4 189
1196 243 878 6106 4 199
1270 246 882 6161 4 186
1206 218 884 6119 35 187
1187 222 887 6104 4 186
1192 225 882 6079 3 189
1194 209 878 6166 3 184
1183 224 881 6195 3 186
1205 236 880 6166 3 191
1214 233 880 6211 2 184
1195 234 876 6202 3 185
1213 212 895 6114 3 190
1223 204 882 6100 5 216
1213 206 891 6127 4 185
1449 215 920 6352 4 186
1221 211 879 6098 3 184
1206 250 878 6124 3 183
1195 216 885 6089 3 184
1183 210 881 6120 15 184
1300 230 883 6105 3 185
1230 236 904 6113 3 192
1236 210 884 6122 3 184
1248 185 878 6153 3 184
1196 224 878 6106 3 188
1184 226 881 6138 3 185
1189 223 878 6139 3 185
1187 203 871 6190 3 187
1217 215 894 6103 3 184
1203 223 877 6069 3 184
1228 253 878 6066 3 184
1223 224 873 6083 3 185
1226 215 872 6016 6 184
1250 209 869 6042 4 184
1234 198 872 6083 3 185
1175 240 878 6193 4 178
1227 279 927 6409 3 192
1729 230 930 6391 4 189
1307 187 910 6436 4 229
1295 218 944 6426 4 180
1268 249 916 6413 4 180
1291 214 906 6420 4 195
1259 238 905 6414 4 182
1250 193 939 6432 4 186
1306 302 909 6479 3 182
1254 222 904 6458 4 184
1262 227 923 6424 4 198
1260 213 896 6377 4 177
1304 184 894 6364 3 183
1184 234 913 6257 32 184
1240 222 908 6259 3 179
1256 208 905 6380 3 183
1278 212 914 6378 3 185
1242 212 910 6330 4 179
1257 217 898 6446 3 178
1267 194 892 6547 4 189
1328 225 910 6577 3 188
1298 219 909 6619 4 184
1268 186 897 6402 4 186
1211 224 883 6364 4 193
1259 243 903 6425 3 200
1317 195 899 6146 4 180
1239 208 921 6330 4 178
1215 230 876 8010 5 206
1300 263 878 6228 4 185
1249 234 880 6148 3 182
1224 223 877 6156 3 180
1215 197 874 6125 4 183
1255 211 873 6076 4 196
1229 221 870 6122 3 182
1242 220 877 6136 4 180
1217 239 876 6134 4 182
1255 212 908 6221 4 184
1176 210 872 6212 4 186
1209 198 877 6345 5 190
1179 210 863 6046 4 185
1269 258 859 5972 4 185
1216 209 853 6024 4 186
1204 210 855 5971 3 191
1209 192 862 5973 3 187
1192 212 872 5980 2 179
1216 194 876 5934 3 187
1195 200 861 5921 3 181
1208 233 855 5980 4 191
1261 205 855 5963 4 177
1155 216 857 5963 3 183
1245 229 880 5981 3 181
1162 208 862 5970 3 184
1199 215 851 5905 3 178
1197 238 861 5922 3 183
1195 227 857 5930 3 190
1207 247 854 5985 3 185
1263 213 871 5998 4 183
1199 213 852 5994 4 183
1187 207 859 5942 3 187
1192 219 861 5971 4 185
1181 201 848 5976 4 183
1230 225 846 5960 3 182
1246 246 852 5929 3 183
1202 203 853 5932 3 183
1152 205 855 5937 3 187
1211 211 859 5978 3 181
1186 218 867 5927 3 187
1194 201 885 5973 3 188
1241 206 843 5998 3 183
1238 206 862 6303 4 186
1222 242 876 5926 4 187
1246 249 852 5867 4 187
1232 209 872 5930 3 184
1145 187 851 6002 4 182
1145 205 849 6554 3 184
1183 182 849 5886 4 183
1226 239 857 5933 3 181
1191 219 863 5916 38 187
1178 213 850 5901 3 183
1204 196 853 5889 3 182
1165 216 849 5882 3 182
1186 226 846 5883 3 188
1189 240 846 5866 3 184
1190 196 842 5854 3 175
1167 200 849 5881 3 182
1194 223 860 5947 3 182
1219 217 869 5982 3 191
1216 184 864 5937 3 191
1201 181 847 5847 4 183
1179 212 845 6563 4 189
1192 222 846 5946 4 178
1224 227 856 6002 4 186
1232 210 844 5870 4 182
1185 190 847 5838 4 182
1247 232 842 5933 3 184
1198 229 850 5852 3 181
1200 239 923 6090 4 213
1202 229 839 5840 3 182
1198 197 841 5834 4 181
1183 198 841 5822 4 182
1182 222 845 5860 3 180
1218 235 844 5863 3 182
1201 240 893 6985 5 205
1333 240 881 6721 3 228
1262 203 934 7102 5 191
1274 239 954 6039 5 183
1222 220 852 5964 5 180
1209 198 857 6043 5 178
1240 228 885 6038 3 211
1340 226 899 6363 24 186
1309 236 867 6108 5 186
1287 219 869 6104 5 188
1146 205 840 5784 4 183
1173 210 839 5865 4 185
1226 196 835 5859 3 182
1202 227 871 5779 3 184
1256 205 851 5790 4 182
1183 208 834 5822 4 181
1203 220 877 5885 3 180
1169 207 851 6004 4 186
1250 222 837 5871 3 186
1205 212 888 5884 4 187
993 200 840 5825 3 176
1208 196 843 5770 3 183
1178 195 828 5833 3 182
1258 229 831 5778 13 186
1191 234 832 5758 3 183
1238 229 831 5776 3 181
1159 228 830 5808 3 182
1209 200 832 5775 3 182
1007 212 832 5728 4 181
1226 209 828 5734 3 183
1256 228 831 5769 3 181
1200 250 836 5813 4 182
1210 237 829 5788 3 180
1211 213 831 5730 3 183
1202 200 833 5799 3 184
1226 214 834 5707 3 182
1192 233 835 5753 3 181
1228 198 832 5748 7 185
1174 247 837 5728 3 181
1193 205 829 5786 3 183
1191 203 842 5739 3 181
1212 187 828 5713 3 181
1182 223 836 5768 3 180
1169 238 835 5765 3 182
1176 238 829 5776 3 180
1201 218 825 5726 3 181
1162 228 834 5733 3 177
1162 208 834 5728 3 182
1243 211 829 5712 3 183
1235 206 822 5682 3 182
1204 212 830 5726 3 180
1227 214 836 5710 3 181
1155 182 822 5662 3 180
1204 185 836 5709 3 181
1178 231 823 5719 3 181
1185 200 822 5686 3 181
1257 228 814 5680 3 180
1222 212 836 5756 3 181
1160 199 819 5719 3 187
1188 206 820 5645 3 175
1210 211 837 5652 8 180
1170 210 817 5738 3 179
1213 202 826 5674 7 180
1204 227 820 5674 3 179
1192 227 836 5694 3 180
1152 200 815 5660 8 180
1030 212 823 5764 3 185
1133 208 815 5696 3 183
991 207 817 5725 3 180
984 221 816 5706 3 184
1203 171 826 6449 4 177
1225 232 893 6058 3 189
1260 226 880 6071 5 179
1211 188 848 5803 4 179
1227 210 829 5736 3 176
1163 236 834 5776 3 179
1207 199 840 5823 3 175
1036 199 856 5910 4 181
1202 219 835 5885 3 183
1222 269 828 5798 4 178
1014 227 833 5812 4 176
1206 176 843 5671 3 179
1015 259 812 5668 3 180
1183 246 812 5690 3 181
992 275 820 5636 3 182
1193 246 838 5672 17 180
1150 262 813 5635 4 180
995 217 834 5659 44 181
1011 222 814 5661 3 180
984 212 864 5754 2 180
983 189 829 5708 3 185
1175 239 821 5619 3 183
983 202 811 5709 3 172
1171 245 806 5606 3 183
1148 216 810 5620 3 184
980 269 821 5651 3 181
1295 189 815 5591 3 180
995 234 804 5649 3 181
1185 186 827 5609 3 183
987 213 857 5611 3 188
1171 224 810 5566 3 179
1179 243 808 5661 3 180
988 242 807 5543 3 180
983 185 806 5602 3 176
984 217 816 5687 3 185
1148 219 828 5724 3 184
1184 214 830 5676 3 185
1208 183 820 5623 3 183
986 203 835 5611 3 181
988 200 810 5681 3 181
1197 202 807 5594 3 184
1018 207 810 5661 4 179
1196 195 807 5626 3 182
1188 205 814 5659 3 182
985 206 803 5582 3 185
992 236 801 5542 3 180
1206 271 800 5602 3 180
1145 286 820 5523 4 183
982 230 801 5560 3 180
1153 205 810 5665 3 187
1207 251 804 5545 3 184
997 208 804 5550 3 182
1025 220 797 5546 3 180
1168 191 800 5537 11 179
1190 189 795 5562 3 178
1053 201 797 5572 3 183
1180 214 798 5578 3 181
1138 199 793 5543 3 180
1176 183 803 5620 3 180
1004 203 828 5531 3 179
987 238 849 5549 3 181
1004 187 800 5598 3 181
974 292 798 5556 3 180
975 210 813 5533 3 180
1000 186 800 5585 3 180
1194 193 813 5579 3 184
982 280 802 5594 3 181
989 209 805 5597 3 186
1259 245 801 5614 3 182
982 219 792 5543 3 185
984 209 799 5526 3 181
982 200 800 5545 3 179
1194 228 796 5496 3 185
995 189 788 5555 3 183
1173 194 793 5586 3 185
972 219 801 5531 3 180
978 252 799 5516 3 178
985 225 797 5476 3 179
1208 226 790 5476 3 183
1179 186 796 5513 3 180
1154 211 792 5521 3 183
972 191 792 5554 3 182
990 213 804 5494 3 184
1192 189 829 5594 3 184
1152 228 788 5514 3 181
1141 227 785 5504 3 179
971 205 783 5569 3 184
986 210 817 5507 3 184
980 205 792 5477 3 182
1185 242 788 5506 3 180
1010 266 833 5827 4 182
1001 228 796 6675 5 182
965 222 786 5466 4 183
1181 192 799 5677 5 181
981 237 785 5486 3 181
1169 228 790 5463 9 184
1196 205 791 5459 3 181
1256 187 786 5461 3 184
974 186 786 5521 3 179
973 226 792 5470 3 180
1017 268 785 5536 3 182
973 209 800 5443 3 182
1213 187 796 5431 3 183
972 232 796 5447 3 179
973 195 799 5477 3 183
980 223 820 5488 24 187
987 225 778 5497 3 179
1043 189 774 5486 3 184
974 185 794 5497 3 183
1162 217 788 5501 3 184
1216 218 779 5562 3 180
998 199 794 5477 3 183
975 241 785 5574 4 184
1159 205 782 5479 3 184
972 189 778 5443 3 179
1168 197 780 5456 3 179
1219 211 786 5445 3 178
997 203 784 5396 2 179
978 212 780 5422 2 179
972 191 778 5410 3 180
973 219 774 5450 4 179
978 227 778 5432 3 179
1135 205 781 5378 3 183
1007 180 783 5385 3 179
974 195 779 5397 3 181
1024 210 815 5757 3 177
1172 250 779 5372 4 178
1163 196 779 5452 4 183
1165 214 777 5440 3 178
974 190 778 5425 3 179
1010 216 783 5382 3 179
971 234 778 5495 3 178
967 290 774 5393 3 177
1237 188 779 5409 7 178
972 202 773 5397 3 179
985 211 783 5385 21 179
1002 200 790 5440 3 184
1191 206 776 5387 3 183
989 203 770 5363 3 179
1140 234 773 5366 3 178
991 274 775 5430 3 178
1204 188 768 5347 3 177
1019 198 775 5464 3 179
973 195 768 5397 3 186
972 192 776 5328 3 179
965 213 765 5364 3 186
976 206 770 5401 3 178
1184 186 768 5367 3 183
983 244 770 5355 3 178
972 304 789 5315 3 179
1004 201 771 5313 3 179
1149 239 763 5374 3 178
974 195 767 5317 3 182
975 294 770 5407 3 178
1187 253 770 5380 3 180
1179 272 774 5376 3 182
990 232 768 5380 3 196
976 231 769 5344 3 182
975 181 789 5345 3 178
1036 195 762 5310 3 178
1021 182 775 5299 24 181
975 188 769 5318 3 169
967 219 764 5316 3 178
1254 190 765 5380 3 180
971 237 762 5311 2 178
984 193 783 5371 3 178
979 187 768 5362 3 178
974 187 764 5351 3 183
978 199 765 5262 3 178
1164 222 769 5341 3 182
990 187 770 5306 3 178
967 212 765 5314 3 183
965 219 762 5310 3 183
972 210 764 5306 3 179
970 195 766 5353 3 183
977 213 765 5327 3 178
967 216 764 5261 3 180
982 188 764 5381 19 180
970 245 761 5363 30 180
967 222 763 5313 3 183
1150 235 761 5307 3 182
1178 200 759 5396 3 191
1170 212 767 5268 3 179
981 211 761 5278 10 178
1073 196 764 5298 3 177
1134 224 759 5252 3 183
991 220 789 5291 3 180
1005 254 758 5330 3 176
974 184 764 5245 3 177
1161 193 767 5424 3 171
992 213 764 5333 3 171
995 186 762 5529 2 172
993 201 783 5551 4 172
999 237 785 5577 3 172
1017 228 762 5411 4 172
1001 214 763 5453 4 172
1212 185 764 5383 4 172
1015 185 760 5419 4 176
998 230 798 5730 3 174
1037 188 783 5347 3 177
1000 234 762 5403 3 183
1022 177 759 5255 3 180
982 203 754 5253 43 183
974 219 756 5346 4 182
977 217 756 5288 34 178
984 243 752 5252 3 177
1182 213 754 5257 2 179
971 225 757 5256 3 178
1033 199 758 5255 3 177
1012 208 760 5535 3 178
1211 197 753 5289 3 177
1004 209 754 5288 3 177
1149 204 747 5193 3 178
967 241 751 5223 3 182
968 211 747 5321 3 178
1170 244 750 5273 3 181
1181 211 750 5176 3 183
994 226 754 5270 4 177
961 203 748 5308 3 182
955 212 747 5267 3 180
1006 237 768 5408 3 179
1227 197 786 5228 3 182
985 221 744 5182 3 181
961 208 749 5272 3 183
961 200 772 5244 3 181
972 230 745 5260 3 178
974 219 744 5195 3 177
963 238 744 5168 3 184
963 200 754 5214 3 177
971 233 752 5140 13 177
1191 200 747 5177 3 185
1221 225 746 5194 3 179
966 191 745 5162 3 169
1172 204 750 5221 3 182
963 203 745 5177 3 177
967 191 742 5194 3 180
1163 217 741 5178 3 181
1155 182 742 5164 4 185
963 192 746 5249 10 178
1029 199 737 5123 3 182
975 202 738 5187 2 177
973 176 763 5184 2 179
980 198 739 5197 3 182
964 211 758 5259 3 179
967 213 744 5225 3 181
961 231 742 5197 3 177
966 223 747 5187 3 197
964 205 744 5156 3 178
1173 229 749 5199 3 188
966 192 741 5081 3 184
977 179 775 5150 3 255
946 211 736 5145 3 178
951 270 743 5186 26 177
1151 257 749 5455 4 178
1170 221 741 5172 2 176
961 184 741 5165 3 181
964 230 741 5129 3 178
987 249 738 5097 3 177
963 178 736 5137 3 177
1161 217 737 5086 2 183
1011 209 733 5180 2 182
1149 230 736 5167 3 181
1000 210 735 5134 2 181
958 202 743 5150 3 178
1120 217 731 5147 2 176
1170 222 743 5088 3 177
1034 179 751 5090 3 186
968 175 735 5115 3 180
965 253 759 5155 2 180
960 202 733 5142 3 177
957 223 732 5159 3 177
970 222 733 5108 3 177
1005 187 769 5496 3 188
1033 275 748 5446 4 181
1025 225 732 5164 4 179
978 185 735 5111 3 178
1021 173 732 5105 3 182
1154 193 762 5111 3 181
957 218 740 5169 3 182
1233 184 732 5174 3 177
1143 182 731 5059 3 181
976 215 731 5102 3 185
962 192 735 5118 3 177
968 203 734 5084 3 177
1196 200 762 5158 3 179
958 214 731 5126 3 182
998 196 729 5131 3 177
1170 217 727 5133 3 179
965 208 729 5113 3 176
1142 222 737 5083 3 178
961 203 728 5096 3 177
1183 203 738 5054 3 177
1165 255 728 5055 3 183
961 235 748 5094 3 177
975 183 801 5049 3 182
969 200 727 5168 3 182
968 200 730 5118 3 177
957 193 733 5135 3 184
1157 205 750 5120 3 177
962 210 731 5068 3 176
994 207 729 5043 3 176
1024 205 729 5054 3 181
958 199 732 5013 3 176
1138 199 726 5156 3 176
992 190 753 5336 3 172
944 229 726 5003 4 178
1023 207 721 5049 4 172
965 210 727 5022 4 177
951 207 722 5044 4 176
1141 291 719 5159 3 177
1137 307 723 5056 3 176
947 184 723 5057 3 180
1006 201 728 5087 3 175
1192 219 721 5049 3 180
964 181 721 5093 3 181
972 233 719 5003 4 176
968 206 721 5015 3 176
955 185 732 5053 39 177
954 206 755 5051 3 176
976 198 723 5042 4 175
958 199 717 5046 2 176
990 194 720 5019 4 180
965 200 740 4984 3 188
950 200 715 4990 3 177
965 203 719 5180 4 181
984 193 730 5586 4 171
1048 198 725 5287 4 178
977 188 731 5370 4 172
1457 241 916 5100 4 179
980 255 718 5012 4 176
973 186 715 4978 2 178
975 263 718 4984 2 181
1002 181 716 5026 3 177
953 233 722 5013 3 181
1160 218 763 4984 2 176
967 225 715 4987 2 177
961 270 738 5076 3 176
958 221 716 5052 4 176
977 198 743 5032 3 178
1012 286 712 4985 2 175
974 236 711 5077 2 180
958 202 716 5010 4 182
1155 193 755 5002 3 180
965 191 711 5068 3 181
974 202 721 5042 4 176
955 199 713 4969 3 176
1024 180 715 5078 4 211
1130 225 745 5012 3 176
995 207 713 4964 3 176
1235 177 721 4991 3 175
965 223 714 5046 3 189
958 186 712 5049 3 185
976 243 727 4958 4 176
965 196 720 5789 3 178
950 267 720 4978 3 178
979 197 721 5110 3 171
959 229 724 5112 4 175
1176 230 711 4963 4 178
944 209 709 4971 4 176
969 204 729 5951 6 176
975 183 720 5100 3 177
1146 207 712 5037 5 178
962 220 711 5000 2 177
974 216 712 4922 3 168
948 206 722 4944 3 180
1225 222 726 5382 2 170
972 200 723 5102 5 176
952 201 711 4925 2 178
953 186 712 4954 2 176
949 235 754 5036 4 181
947 237 710 4926 3 177
959 171 709 4920 3 175
952 234 711 4951 3 176
958 210 710 4979 4 176
947 212 712 4904 4 178
955 176 713 5487 4 178
984 238 714 4962 4 177
974 211 718 4876 3 178
966 193 714 4939 4 176
1156 212 718 4935 3 178
952 183 703 4889 3 177
942 190 705 4931 4 177
950 184 705 4875 4 176
948 172 699 4926 3 175
955 206 719 4902 5 176
957 279 702 4863 4 176
949 212 705 5008 3 176
989 209 843 5266 6 180
960 292 705 4891 3 175
1000 209 696 4904 3 177
948 274 695 4928 3 174
957 200 705 4957 3 176
959 247 702 4853 4 170
971 181 708 5109 4 173
1003 200 729 4988 4 174
979 202 709 4989 4 170
962 232 721 5043 3 173
988 227 716 5049 3 172
973 167 739 5164 3 168
980 185 725 5109 3 168
983 223 742 5628 4 171
991 199 741 5207 4 169
1050 238 723 5134 4 167
979 228 762 6038 4 171
1220 213 737 5118 4 174
1175 199 722 5418 3 185
998 202 716 5089 4 173
946 227 699 4946 3 175
949 218 694 4860 3 174
945 185 725 4837 4 173
942 182 685 4854 2 163
948 184 694 4818 4 177
942 217 692 4843 3 174
953 190 692 4808 3 173
952 215 693 4959 3 173
961 207 694 4879 3 174
951 217 692 4825 3 174
1129 191 722 4872 3 175
939 201 692 4812 3 174
944 187 700 4829 3 166
950 240 693 4803 3 303
1019 214 689 4859 3 173
1126 230 695 4955 3 175
953 200 690 4796 3 171
1019 200 697 5031 3 174
968 205 701 4855 3 173
948 194 686 4763 3 172
1143 210 685 4883 20 173
958 299 690 4825 4 184
994 203 689 4809 3 167
941 229 688 4905 3 172
957 221 695 4789 3 171
1022 212 687 4882 4 171
954 217 690 4781 3 171
1145 209 683 4801 2 172
943 177 691 4789 2 172
945 220 689 4805 2 173
949 213 690 4808 3 175
936 318 690 4780 3 171
949 196 685 4841 3 171
943 207 687 4854 4 173
963 218 689 4858 3 171
948 198 683 4769 3 173
957 206 683 4815 4 174
1005 291 684 4790 3 172
954 204 683 4773 4 166
944 175 681 4761 3 172
950 201 688 4851 54 172
950 235 680 4813 28 174
951 174 680 4749 3 174
953 201 685 4776 2 172
942 218 686 4818 3 173
972 175 685 4842 3 174
941 199 683 4797 3 174
953 201 684 4827 3 178
942 193 681 4758 3 174
987 201 682 4814 3 173
951 195 682 4753 3 174
1002 198 680 4745 3 174
949 211 687 4761 3 173
946 190 679 4771 3 174
942 238 677 4702 3 172
945 217 685 4754 3 173
969 200 681 4727 3 171
940 195 678 4774 3 177
947 207 680 4778 3 171
939 209 675 4754 3 174
941 226 677 4743 2 171
941 233 681 4704 3 172
945 267 680 4701 3 172
973 235 675 4742 2 172
945 201 678 4748 2 172
936 194 676 4782 4 172
1156 200 676 4774 3 172
1131 240 679 4715 3 172
938 200 678 4739 3 179
945 209 680 4706 3 174
970 193 685 4774 3 173
1032 192 679 4741 3 174
940 235 672 4731 3 175
944 252 677 4757 3 208
1142 273 676 4716 7 173
1131 199 675 4995 5 165
966 211 699 5065 3 168
1010 181 749 4983 4 175
964 207 680 5283 5 176
949 319 690 4849 4 172
961 238 698 4834 3 173
956 249 686 4814 4 178
952 176 670 4693 3 174
940 198 671 4708 3 169
941 185 691 5852 4 173
951 206 673 4744 6 172
955 201 673 4711 5 173
1020 199 674 4674 46 174
1162 204 674 4680 4 174
1163 235 673 4681 4 174
1011 267 671 4678 4 172
951 223 672 5607 4 175
945 186 678 4686 3 175
1134 196 692 4777 3 172
958 219 679 4894 3 172
960 203 667 4722 4 175
1120 217 669 4641 3 173
952 193 669 4630 3 172
985 241 671 4670 3 173
955 208 667 4749 3 173
947 197 667 4642 4 171
994 178 678 6017 3 173
962 190 719 4649 3 171
962 197 665 4669 4 171
1191 181 664 4667 3 171
950 223 668 4686 3 171
1015 188 675 4694 3 170
945 179 666 4755 3 171
1158 206 671 4629 3 177
1129 205 673 4670 2 170
939 197 665 4654 2 171
1108 203 671 4693 2 170
961 188 673 4652 3 170
1015 221 673 4650 2 180
939 225 665 4662 2 171
944 205 670 4689 2 171
1144 206 666 4663 3 172
1007 196 663 4639 2 170
947 187 679 4685 4 170
943 189 660 4684 2 171
939 230 663 4628 3 170
936 223 663 4726 2 171
938 199 664 4641 2 171
939 199 668 4612 3 171
955 200 668 4624 3 171
945 199 665 4627 3 172
937 180 657 4677 3 174
949 193 662 4636 3 172
1126 199 660 4646 4 174
934 213 659 4754 3 173
947 212 664 4636 3 172
1118 224 661 4642 3 172
939 188 661 4669 3 171
937 186 661 4655 3 172
950 177 660 4617 3 172
930 266 662 4687 3 173
946 201 663 4581 3 170
1189 207 658 4703 4 171
938 190 656 4664 3 171
1130 293 660 4642 3 171
947 251 659 4599 3 175
946 177 654 4643 4 170
941 229 659 4590 3 171
962 198 656 4600 3 171
938 203 657 4655 3 172
936 178 654 4570 3 170
942 208 656 4586 3 170
990 269 655 4751 3 174
1149 177 656 4617 3 171
938 212 659 4548 3 171
937 181 655 4640 3 169
953 188 656 4569 3 170
947 209 660 4622 35 170
937 191 658 4701 5 172
934 182 655 4563 3 170
1079 201 652 4574 3 170
970 283 652 4704 3 164
968 205 680 4581 2 171
939 200 654 4577 3 170
930 237 654 4590 3 171
1169 195 663 4595 4 170
939 196 648 4589 4 170
1166 238 652 4586 4 171
932 221 655 4564 3 170
931 185 653 4543 4 170
935 193 654 4586 3 168
936 211 647 4535 3 169
938 227 649 4566 2 170
925 176 654 4570 3 169
954 178 647 4553 2 169
939 174 648 4523 3 170
945 348 653 4585 2 169
984 179 651 4536 4 171
936 200 648 4541 3 169
958 209 652 4557 3 169
944 201 641 4513 3 170
949 209 642 4527 3 169
941 208 644 4578 2 169
943 180 651 4507 3 173
929 217 651 4512 3 169
1118 192 645 4583 4 169
923 193 647 4489 3 169
953 202 654 4571 3 170
1126 188 643 4643 3 170
941 211 647 4556 40 169
926 211 646 4519 3 171
986 184 647 4539 3 170
933 208 640 4517 3 170
977 199 645 4608 2 170
928 189 644 4542 3 171
1117 203 642 4495 3 168
929 217 645 4471 3 170
1012 227 644 4497 3 168
940 187 638 4523 3 171
962 204 647 4573 3 170
932 185 650 4535 3 172
948 196 642 4583 3 170
942 219 642 4494 3 169
1080 206 640 4520 3 168
932 203 640 4465 3 169
943 223 637 4438 3 168
1113 245 641 4512 3 169
935 202 642 4443 3 169
940 181 637 4479 3 168
1107 209 638 4517 3 170
929 186 597 4482 19 130
1184 190 620 4522 3 130
949 198 614 4756 4 126
959 198 620 4716 3 122
965 172 622 4801 4 124
955 193 630 4923 4 123
997 196 618 4700 4 128
955 205 611 4619 4 123
1144 212 614 4567 4 122
938 241 600 4614 4 122
956 234 605 4653 25 126
941 270 604 4661 4 140
997 186 598 4671 4 132
960 193 602 4647 4 122
969 195 601 4577 4 121
958 192 599 4658 4 122
1176 170 603 4557 3 122
948 205 619 4411 7 136
931 215 593 4455 3 132
935 211 591 4597 3 129
929 183 595 4462 3 129
929 219 594 4455 3 128
1177 203 588 4511 3 129
1144 207 591 4445 3 128
924 188 588 4406 19 128
1123 214 592 4670 4 124
1154 199 597 4413 4 134
940 216 603 4426 3 127
921 196 590 4542 4 127
929 189 591 4404 4 128
928 187 590 4352 3 129
975 186 595 4610 4 129
995 190 609 4465 2 128
935 213 593 4476 2 129
928 184 592 4467 4 131
934 210 605 4412 3 129
966 193 589 4463 2 128
924 175 589 4442 3 132
1127 219 591 4484 2 127
923 209 589 4510 2 127
923 181 583 4476 3 133
1105 303 586 4399 3 132
945 189 590 4419 3 127
926 183 590 4490 4 133
934 175 589 4495 4 120
944 215 590 4423 3 132
1001 226 595 4444 3 127
946 192 588 4431 4 132
942 229 587 4439 4 130
936 197 587 4471 4 128
1166 225 589 4378 3 126
1098 240 589 4387 3 128
1123 303 597 4418 4 129
985 199 596 4387 4 132
942 219 588 4345 4 134
929 178 594 4455 3 127
926 269 586 4451 4 131
1156 229 589 4416 3 127
924 188 584 4422 51 128
1161 189 591 4414 3 128
938 187 588 4330 3 128
1001 253 584 4449 3 128
948 185 588 4361 3 128
945 221 587 4359 3 128
995 227 583 4441 3 132
979 207 592 4366 2 128
918 180 590 4351 11 127
940 190 584 4425 2 128
933 207 586 4325 3 135
940 222 582 4348 3 128
963 198 585 4428 2 127
1138 229 584 4439 3 130
916 194 587 4462 3 127
929 200 588 4394 3 137
1101 219 581 4354 3 130
938 188 602 4314 4 128
917 204 591 4386 4 127
940 182 586 4426 3 127
941 189 580 4288 4 132
930 189 577 4440 4 128
928 233 586 4375 3 128
945 207 584 4407 3 132
933 221 590 4400 3 126
935 189 609 4341 3 127
935 212 587 4321 3 130
942 169 583 4467 4 128
959 257 576 4305 4 128
1105 225 580 4313 3 127
924 215 575 4390 3 133
939 205 580 4318 4 127
1001 213 578 4322 4 126
940 200 577 4419 4 132
927 199 579 4393 4 127
945 199 576 4301 4 127
968 214 576 4321 4 127
939 205 574 4382 3 127
917 184 573 4356 3 131
934 281 564 4362 3 137
910 187 585 4309 4 127
925 220 573 4342 11 131
924 205 577 4365 55 125
1106 247 573 4279 3 126
914 171 577 4293 3 127
1101 195 578 4369 3 130
964 187 568 4333 3 125
940 233 570 4285 3 124
949 195 568 4272 3 123
931 178 566 4295 3 124
922 199 566 4273 3 122
937 166 567 4411 4 122
958 172 567 4552 3 136
956 173 590 4315 3 121
946 274 559 4348 3 120
914 227 559 4250 3 119
977 203 560 4338 3 118
916 178 561 4335 2 120
977 185 571 4378 3 118
941 184 582 4242 4 126
939 218 557 4327 3 118
964 207 560 4250 3 115
1133 249 557 4212 3 118
917 282 552 4271 3 119
939 190 556 4280 3 117
923 214 556 4259 4 117
914 164 551 4313 3 118
935 194 561 4272 3 117
943 194 551 4217 3 115
912 181 560 4236 4 124
1128 212 553 4222 3 119
911 179 554 4261 3 118
995 188 554 4272 3 114
1115 176 548 4224 3 113
932 193 546 4265 3 112
925 199 546 4273 3 114
1104 200 579 4294 3 142
925 192 583 4173 3 115
935 185 547 4263 3 117
921 182 542 4195 3 109
929 233 549 4185 3 110
919 180 544 4253 3 111
957 182 551 4193 3 109
941 188 549 4198 3 110
943 193 550 4258 10 115
977 196 542 4199 4 112
918 181 548 4179 4 110
943 175 552 4242 3 112
932 188 540 4253 3 111
933 205 557 4181 3 110
974 208 545 4266 3 113
934 218 587 4162 3 110
944 241 542 4199 3 113
912 244 541 4220 3 110
960 170 545 4148 3 112
920 174 545 4177 3 114
920 239 544 4207 3 112
935 214 568 4165 3 111
1000 287 539 4196 3 112
913 213 552 4237 3 110
950 174 543 4108 3 112
916 191 537 4154 4 111
923 174 558 4274 3 112
938 185 539 4179 3 111
915 199 542 4172 3 113
1139 189 535 4227 3 110
921 163 534 4155 3 111
989 213 539 4101 3 120
916 276 546 4187 3 112
949 212 538 4147 3 114
917 174 537 4119 3 111
961 183 538 4144 3 110
938 193 1302 4261 4 109
983 190 559 4135 3 115
921 175 542 4183 4 110
922 203 537 4182 3 114
910 197 537 4119 3 114
920 281 540 4131 3 115
914 168 540 4121 4 110
963 183 540 4141 3 115
924 313 536 4236 4 114
916 193 533 4123 3 110
912 177 538 4109 3 112
986 220 534 4116 3 111
943 198 531 4124 3 115
916 204 533 4093 11 110
920 249 534 4102 4 112
926 194 536 4127 4 111
949 217 533 4098 3 111
922 209 534 4097 3 117
917 235 529 4240 3 115
926 214 530 4120 3 115
914 222 538 4077 3 109
918 215 529 4107 3 111
921 200 527 4119 3 109
999 289 538 4054 3 116
974 186 553 4090 3 110
914 195 542 4071 3 116
981 197 543 4079 3 109
926 230 533 4091 3 113
917 184 532 4061 3 114
913 178 534 4085 4 110
966 178 524 4085 3 110
907 231 527 4061 10 111
928 184 526 4075 4 111
913 201 524 4093 3 110
912 219 523 4061 44 111
910 192 564 4049 3 130
918 184 526 4053 3 111
998 193 537 4085 3 113
922 187 528 4080 3 112
1031 193 527 4036 3 110
919 253 524 4076 2 111
925 273 528 4236 3 111
935 212 519 4068 3 109
931 186 523 4027 3 113
952 202 523 4106 3 114
929 188 528 4065 3 111
928 189 524 4057 3 110
1118 190 527 4043 4 105
918 236 518 4070 3 118
950 196 521 4003 3 116
964 264 519 4003 3 113
955 219 520 4036 3 110
923 204 517 4083 3 113
927 214 521 4079 3 109
993 199 521 4102 3 113
918 199 519 3979 3 109
960 183 517 4010 3 110
916 216 530 4065 3 114
932 197 517 3990 3 109
919 170 519 4002 3 110
928 188 540 4023 4 110
925 185 512 3980 3 110
949 174 517 4048 3 114
914 199 513 4007 4 113
910 203 520 3993 3 144
915 194 518 4024 3 113
903 198 520 3943 3 113
909 170 521 4037 3 108
910 205 517 4040 3 115
925 214 513 4012 3 114
931 181 511 3977 3 109
