RIndependent Gonzalez BaselineGreedy Bottleneck Dynamic FullyDynamic
10679979 43970 69560 1264485 580 26363
9964420 75023 70083 1264153 2977 26882
10947406 56679 70262 1252570 1635 27107
10066874 70600 70090 1238278 1558 25883
10034349 75869 69954 1254510 1770 27102
10010088 77072 70491 1316041 885 26140
9979027 45925 69304 1241385 412 27119
10277300 71750 70258 1313411 377 27006
10856038 49993 72657 1350833 754 30616
10666689 48446 73177 1271178 1340 27056
10777320 49472 77640 1639045 1149 29179
10441723 51125 71079 1283930 863 27357
11095040 57401 73768 1258953 394 26072
10218522 74881 69687 1260388 407 27299
10253492 42476 69461 1268140 9786 26060
10201265 57534 68797 1252382 442 28715
10077133 48426 69595 1263981 381 27232
10886386 63760 68988 1264781 445 26080
11001299 55622 70688 1276127 1374 27117
10917926 57561 75287 1258299 422 26416
10218407 45136 69601 1250794 389 25940
10972933 82435 72305 1277197 401 26872
10132665 71697 69679 1250911 387 26006
10179114 61762 69227 1263159 425 26891
10909241 65660 73470 1264871 387 26117
10088948 64035 70095 1263553 419 26949
11012002 62598 69589 1259719 413 26094
10846815 53542 69697 1261650 373 26815
9854525 44844 69539 1244269 374 26031
10879038 47290 82773 1327517 391 26871
12122703 47499 71759 1308824 4232 28385
11465719 46917 79754 1309565 374 27016
11048397 69796 72127 1253563 373 27745
10322946 45730 70791 1301535 352 27087
10992943 56511 68943 1251805 1614 27007
10876487 50108 68819 1309030 374 26076
11073730 47584 69782 1255870 1809 28768
9857217 66275 70037 1338574 1415 28087
10023819 47587 70121 1257841 1845 26874
13139639 43307 72793 1306977 3893 30418
10890210 65921 71757 1250785 4513 26982
10188258 49655 70487 1290925 2732 26379
10380225 61583 69896 1295170 5690 27148
10505649 71589 69754 1258756 961 29393
10763614 71081 74860 1344068 425 32564
11635784 56996 70675 1267193 1731 28003
10476359 49359 72140 1344315 1940 32185
11538423 65910 75197 1307398 1191 27392
10030218 46467 69444 1245335 1830 26412
10101297 55212 70596 1317141 1090 27740
11036912 62589 69556 1275527 2581 26438
10071950 52408 69823 1293084 2021 26827
10872113 77958 69955 1293194 1210 26444
10690940 48411 74643 1255869 1529 26554
10600432 82003 69641 1274189 1708 26387
10423923 51570 70187 1283973 2713 28015
11053887 72081 70045 1236096 1250 26757
10939011 63579 69812 1299624 1628 26960
10209319 56145 70698 1268991 2703 26918
10157134 51854 74642 1285862 4698 29349
10297673 82627 74095 1295938 1881 27942
10651202 52566 69246 1230139 929 26785
10129420 77644 68854 1260121 1949 26984
10954253 44060 69542 1285753 1267 27060
10905161 69724 70722 1263791 9277 26890
10977741 50112 84759 1295227 1178 29958
10559798 67360 70115 1274756 1364 27826
10047760 51443 71711 1321637 10790 35754
10599143 71564 70698 1276526 1843 27667
10043773 62774 69531 1312400 1802 30414
10838693 45725 69426 1323708 834 26447
11141498 58307 69677 1273317 400 27267
10333912 55250 70867 1267040 5310 27294
10263525 76997 72610 1298814 831 26983
11118695 69292 69634 1279357 1291 26769
10854670 71204 69043 1340127 1620 28070
11074968 53143 69262 1249118 1466 26861
11054330 50672 69881 1261939 1556 27368
10431551 54386 69816 1277529 2418 27690
10940854 42325 69329 1255566 1752 25998
10972772 43319 70209 1288275 1595 27898
11068670 77613 70904 1269535 2734 27745
10973367 48962 68956 1270968 1748 26368
10252628 50319 69343 1323240 821 27719
10949502 58713 70484 1326545 1570 27003
10134348 60982 74733 1274081 917 27580
10761840 88039 74560 1301631 813 28518
10358936 70223 69173 1281405 1911 28805
10997316 50784 70442 1263315 1247 27013
11121191 64183 78241 1264805 1550 27086
10881740 80228 70943 1284068 11757 27182
10883409 54545 74445 1316632 970 27969
10414372 65062 94776 1294324 1356 26997
10319282 76111 70051 1329564 3363 29688
10708924 65893 69048 1316919 750 29780
11029302 62602 70117 1290256 1466 33355
11339508 85231 75475 1306983 1326 26967
11149947 42388 71800 1281143 1371 26802
10912673 58357 70057 1279051 852 27112
11637692 105738 90264 1477371 781 35485
12289908 73908 81248 1319294 3864 30584
11824789 74327 74130 1314743 1386 27195
10530763 65696 74149 1325485 1562 27499
10350621 55908 73305 1363033 1323 33706
11142428 44284 69034 1269078 1690 27057
10809939 73013 70161 1268740 1167 26924
10051329 52164 74040 1254719 1326 27224
10216941 50671 69329 1235232 1898 25967
10138569 64560 70654 1264558 1693 27670
10074312 78485 70084 1241556 2940 25995
11051867 65322 69629 1287680 1589 26772
10947313 98070 156512 1303377 1547 27993
11153228 48261 72487 1311661 1104 27212
11086531 44363 69550 1301639 2508 27083
11047999 57810 71598 1262563 1587 26815
10717014 60814 69279 1252485 1549 26791
10299442 50745 69967 1261831 1355 27823
10609654 45252 69708 1260184 345 26086
11023054 45002 69071 1312393 1069 27746
10869927 75226 72148 1292308 5361 26966
11126347 58956 89686 1271253 1807 27422
11585972 71539 70959 1280699 1637 29832
10110135 61790 69866 1318375 2127 30675
10141182 79150 69593 1347683 2526 26853
10319761 79301 71106 1283351 749 52845
10229612 63301 71697 1304109 1835 28495
10200450 53385 69097 1258752 1131 27228
11146413 73957 70517 1291548 1477 27093
10491663 90488 78256 1372560 5615 30167
11494273 61554 72364 1295648 6294 27381
11210162 57627 71545 1269175 711 26808
11254523 64098 74484 1357722 1859 28033
10700059 48253 70181 1287053 1411 26825
10372218 71214 75061 1334522 3310 28670
11056998 75958 70350 1294851 641 28425
10930224 61751 70393 1301097 2093 27919
11003914 53000 69705 1302248 1284 26477
11513505 51045 72489 1322312 1532 27771
10280453 75160 72761 1283524 1053 26819
11028552 55837 76093 1294592 1827 26912
10306643 49661 73669 1268704 1448 26004
10319838 102757 76536 1303248 1453 28088
10907406 61116 73111 1305374 2390 26779
11344064 49137 72400 1301568 1423 28404
10542715 51281 79479 1293512 2477 28536
11335061 57947 72896 1379642 4313 29348
11023863 66876 70632 1286858 1808 26061
10924193 65299 70807 1280457 2719 27990
10216583 76759 72459 1318049 2369 26846
10846991 51523 72965 1293154 2337 28355
11038372 48025 71275 1323186 436 38666
10210350 66117 69988 1260409 1790 26930
10105974 62840 70426 1278848 418 27590
10328237 75831 70299 1243605 3231 27224
10180305 62140 75985 1280737 1547 25860
10250062 69387 69906 1276154 629 26407
10730374 60237 70317 1286377 1442 26132
10979895 47109 69736 1262857 1912 27728
11014742 46452 69616 1370666 1629 28544
11780250 68114 70258 1251889 2662 27694
10746357 62628 72473 1306630 1424 27743
10254617 64720 72162 1355728 3141 26917
11080596 47394 74259 1294688 1815 26852
11063119 48575 79001 1345328 1683 26966
11346065 73053 72638 1288360 2355 26562
10588878 60341 70442 1318335 1389 26906
10679586 72557 69446 1284440 2539 27537
11057049 67980 73359 1285479 2105 27825
10169009 62730 72335 1319239 2232 26815
10881068 60193 70305 1316671 708 29618
11260257 79477 71492 1310406 1941 27868
10914419 48150 72061 1254280 1981 27841
11162852 42968 71011 1319438 1435 29755
10252994 50848 73403 1312265 1982 28814
11334595 43053 70670 1347688 2087 26876
11357803 45468 69944 1372950 1035 27845
9954523 73642 73829 1307099 1580 26076
9923548 61236 73519 1277862 2223 27735
11033920 55793 70511 1257272 2712 26983
11048462 72326 69359 1265436 371 26477
9886766 42859 69356 1252839 1310 25942
10990164 78081 69389 1249049 1078 27958
11002605 66267 69514 1280063 1108 27180
10990871 50269 70727 1260629 2850 26420
11170557 66759 69540 1272746 1285 26045
10661179 49781 69787 1244847 1789 26865
11051681 68370 70334 1301622 1296 26951
10066132 48887 72790 1252505 2008 25960
10980350 67668 70490 1274100 1376 27152
11048093 48543 70314 1271430 7025 26872
10316669 59126 69068 1268206 920 26977
10143398 93102 74837 1317290 1057 26020
11050076 56291 69487 1277315 1597 27957
10306057 51094 70008 1284254 386 26029
10175053 45245 69648 1277489 1325 26855
10264588 53805 69165 1289658 1268 26934
10176054 66593 69532 1271884 1262 26043
10102831 53113 70945 1244515 812 26802
11027204 59169 70492 1253494 374 25991
10977661 41848 70691 1256221 3301 26759
10994945 43624 72302 1245413 1161 26013
11008596 70204 71475 1261184 404 28543
10001675 42453 70217 1253153 1290 27127
10620397 55897 69659 1277979 2085 25999
11045114 53959 69619 1277054 1004 30012
10321663 61803 70748 1255829 385 26020
10989641 46273 69481 1271547 1321 27799
11064206 48053 70645 1268606 352 26344
11045683 67929 70192 1260159 661 26987
10059708 75051 70103 1281291 1294 26665
10364264 76532 69885 1270987 1987 27638
10283193 65236 70429 1263262 1544 26844
10336021 58647 70176 1310293 695 26980
10310046 72652 71071 1234446 3557 27074
10317827 82669 69448 1244919 1491 26751
10313924 42080 70424 1308747 1210 26754
11180197 46865 70631 1267826 974 27718
10328643 43525 72485 1261445 1227 25887
10167047 63376 74679 1276512 2564 26807
11218506 44632 71415 1241665 1872 29768
11060455 55757 70297 1327255 1594 27725
10240152 45371 72944 1269655 342 26157
10298311 70631 72618 1268906 2039 26405
11362631 55727 70557 1310749 3736 29750
10104078 44217 71065 1284893 558 26606
11320139 74117 70068 1311759 1266 26698
10356431 58871 77250 1273894 984 27676
10623608 51351 70276 1296606 1316 27914
10217507 74703 78412 1357875 646 29670
11275357 46907 69745 1252648 1613 26710
11283336 64761 77487 1297162 743 26255
11290053 42916 70268 1275271 672 26515
11555635 76276 71549 1294905 2882 27845
11240696 69950 72080 1263614 1264 26634
10286276 66833 71472 1290089 1280 28036
10917234 52370 70450 1317668 1225 26055
10123410 75295 72715 1336173 2351 27492
11027379 42554 69910 1305938 1538 42646
11139234 43412 69151 1264405 1770 27493
11254746 87481 68957 1290620 1475 26837
10180594 43748 75302 1303749 1785 26511
10346620 43111 69761 1309086 664 26536
10790638 51335 69310 1309485 1658 25891
10406458 42246 72663 1251889 1903 27072
11052960 55255 69247 1397939 1525 31784
10405755 78232 72057 1345686 1565 26320
11269380 50891 80535 1327200 1226 26840
10332139 64439 70001 1255753 944 26926
11246062 48410 70244 1276397 1826 26735
10207146 75333 70456 1270436 1209 27102
11093898 75131 70623 1287548 1550 27377
10318021 56588 76535 1350012 1325 29046
11034634 74337 72102 1294255 992 26014
10322968 60203 73221 1249759 1658 26878
10180902 78054 72703 1273434 2097 31785
10981009 59572 71110 1274321 790 25948
10443234 43262 76868 1381695 1102 27397
10205515 65454 70902 1272742 1455 28191
10420259 60928 72490 1261853 3026 26897
10126724 82907 69828 1279270 1709 26801
11052620 43991 70700 1280152 1033 28728
11169566 43442 69624 1302567 2044 26018
10433492 62985 70197 1257161 1884 26885
10850887 65995 69304 1309434 815 26248
11214815 52985 73801 1375753 972 29434
11840424 57260 71954 1297649 653 26835
10192658 69741 71298 1312557 1196 29855
11019346 59952 70415 1295168 2353 28392
10828697 45476 69980 1283690 1900 26338
11442455 45747 81373 1273689 2332 26714
10352181 47191 70463 1268445 615 25961
11110735 60399 71130 1292162 1538 27747
10757403 52225 69895 1369742 1301 27772
10329052 66567 70323 1267250 3199 26362
10971071 52904 69479 1277174 1159 27922
10300155 56656 70122 1257094 1200 26757
10289207 61495 70559 1283471 3788 26680
10236247 43673 71351 1278589 655 27976
10958309 44072 69971 1269689 1889 27586
10248642 47417 70667 1278630 1578 27297
11321735 54788 70616 1258788 2471 26933
10508574 82329 70480 1283377 2421 26910
11120979 56423 75553 1312073 1016 27061
11022478 57528 69471 1291802 2109 26345
11008161 72129 69494 1255595 957 26095
10410122 44632 69631 1255070 1207 27104
10603938 45688 73962 1299207 1066 26644
11201765 60397 75761 1278738 1247 27062
10938181 54973 70082 1254999 1101 27347
10992284 89218 69419 1271376 1598 26843
11119454 72847 73891 1319205 932 26850
11127584 64825 69367 1317957 14369 27280
10966968 55302 69194 1270693 344 26076
10309675 81550 69325 1283728 627 28091
10421900 76282 69516 1271014 1481 28065
11184549 48460 79770 1266968 718 27378
11113302 76985 70120 1253879 1593 26119
10157995 47087 70730 1276045 1254 26769
11207639 62629 69955 1328677 1164 27372
10938473 58454 71227 1288739 1485 26850
10859333 50666 73831 1301487 1469 26695
10234360 58539 70720 1439683 916 26802
11016543 55368 69515 1244519 1684 26947
10418566 53272 69363 1286186 1585 27620
10799727 74941 69163 1274494 1938 27597
11121014 43162 74606 1335225 1248 26370
10581872 45374 69275 1235780 679 27021
11178034 48639 70786 1272031 1548 26078
10312664 75782 74031 1283431 1212 27437
11136604 45096 70373 1266584 1425 27161
11036652 48216 69258 1285487 1199 27556
10997650 43670 73953 1258574 1636 27950
11141860 67091 70531 1304856 1432 27245
11910610 94931 79368 1438685 1554 28573
10982297 62872 69293 1293954 1263 26744
11181402 46541 70305 1282664 1428 26579
11198654 73073 70288 1264837 1460 26953
10584982 56435 70785 1294953 1260 26302
11364812 52572 70281 1243089 2146 26847
11184889 54842 70257 1318050 1068 26643
10993242 49960 75629 1305641 1689 27436
11219191 53466 73043 1289947 1675 26024
10464916 69055 69521 1265280 2104 27547
9970056 67772 70397 1275509 1568 27141
11117592 75269 69663 1236933 2167 27647
10398208 52778 75642 1321040 2305 27136
10450143 42861 69271 1323414 2296 26386
11041731 48091 69370 1282379 1764 25871
10412092 74786 70453 1285318 1631 26765
11122774 50360 69870 1260748 1252 26830
10002398 47528 69378 1356046 1203 26657
10452982 43215 70744 1343644 1584 26240
10409257 72587 73744 1262148 1366 26281
10315621 47527 71787 1257634 2800 27232
11292743 61206 69959 1305881 1533 27377
10365216 59101 70298 1320052 394 27025
10809173 56641 69348 1249608 1725 26515
10397042 62765 70655 1262213 1761 26882
10277724 53635 70679 1259639 1407 26775
10323140 56004 69394 1271948 1866 26783
10409842 71804 70035 1280339 1608 26904
11298421 50209 69056 1251803 2449 26982
11215344 43630 70583 1262547 1451 27561
10416421 52198 70866 1300870 602 26121
11397240 70996 69268 1264889 1710 26633
10344559 57329 68914 1338554 843 26260
11087254 53339 69315 1270030 1661 26694
10168338 50247 73487 1273634 1311 27163
11131304 59762 70728 1281469 2104 27000
10529673 92415 73723 1277764 3091 28358
10569905 42143 85809 1368008 374 26694
11244339 59539 74421 1497267 1000 27980
10285606 45994 86190 1288049 1309 26971
10686071 50196 74710 1332115 1293 27865
11047720 55695 69291 1252225 2643 25996
10008450 61102 75564 1311621 1767 27501
11225152 70177 70531 1272299 1153 25957
11079534 45623 70435 1258797 2467 26466
11096881 58549 68956 1257684 2111 26868
11269004 51465 69232 1279555 1555 27150
10412624 45486 70778 1262021 1663 26865
10388322 63552 69520 1242572 2026 26052
10386680 63835 70852 1317918 1989 26794
10828435 54116 69869 1303873 1291 26047
10385477 51801 69096 1244107 1960 27450
11162312 45479 69283 1234593 8588 26379
10416737 44729 69659 1296365 1577 26924
10637203 52619 69163 1264169 1276 26206
11130101 42004 70081 1249350 1288 25940
10865731 55420 69684 1295977 1853 27007
10767576 63792 70002 1291426 435 26667
10724608 53660 69499 1289237 371 27119
10430911 61055 70475 1247312 977 27740
10349285 44825 73468 1278076 909 26086
10309000 48770 69465 1282683 1255 26388
10376468 79171 70868 1265245 394 26085
10482933 44802 70231 1257505 1573 26064
10412860 60163 69107 1260652 643 26311
10328378 46542 69986 1260502 994 26550
11119441 41998 70476 1271020 1923 31272
11051644 49473 74249 1269693 620 25860
10589713 41974 68743 1244845 1717 26983
10519153 45022 70370 1283079 1088 26839
10863734 42213 69454 1257519 1478 26308
10653372 45774 70177 1300736 2074 30978
11315097 77530 75942 1362809 1759 27213
11278981 69189 71930 1273550 1738 27524
10397932 61829 69621 1298178 669 26035
10822973 65290 70110 1273276 1478 26477
10012798 63798 69354 1274283 2700 25902
10327529 60065 69274 1280916 1460 26949
10147861 83475 74795 1310218 1065 27600
10760198 52498 69442 1236930 1240 26658
11207350 70710 69363 1294136 1424 25930
11028882 61352 70024 1305184 371 26447
10438967 66323 69414 1291500 1077 26805
10680799 44755 69535 1281277 643 26027
10956550 65681 73663 1271235 1264 26175
10470734 44196 69101 1259421 1721 26759
10585254 71111 75902 1274681 904 27320
10998744 63466 70732 1279815 1163 27002
11530870 50249 73362 1363354 922 26489
995559553 53855 74416 1248178 682 26338
10939481 41891 69555 1231330 1454 26341
10237043 49800 68827 1234731 2029 27635
309292071 68994 70968 1266779 653 25681
10027553 53686 75841 1298860 1340 26382
10851913 51120 68603 1264098 813 26289
10141409 50798 69816 1322102 2968 31760
309557870 46501 66920 1225394 921 25762
10262637 47725 68966 1269006 1099 26117
11691825 55093 72353 1257283 660 26675
11025781 61553 69538 1299418 669 26436
10443623 73812 69701 1250170 374 26916
10836593 42204 69500 1306999 1639 26407
10223103 52205 72972 1246788 1907 26057
10925129 74483 70414 1275559 1361 26322
10985516 44672 69292 1290665 794 26033
10444163 57051 69446 1278730 1327 25978
11000658 50820 70327 1263093 1661 27392
10471098 56695 69163 1258534 1450 27314
9983550 64039 70189 1269098 428 26228
10952183 44760 69191 1280670 704 28147
10635631 48204 69560 1253215 1845 26037
10424953 46026 70759 1267040 1279 26888
11437317 43724 70109 1255279 1342 27137
10650914 63378 76195 1277740 364 27268
11746826 61852 75395 1395127 457 27022
11541334 46788 72770 1320456 3946 27476
11564189 49165 69418 1360314 1517 28095
11109491 48781 79598 1325941 1195 28418
11577279 48999 74578 1395231 366 26750
11762422 45025 69974 1271275 1893 26749
10067333 59796 69404 1277393 1517 26079
10275847 68745 69296 1258064 1976 27801
11304869 64127 69939 1266705 1126 26965
10807536 43845 69785 1275224 840 27288
10873925 69703 75983 1370656 1907 28929
11649010 83597 73620 1312975 1152 27383
11520956 55984 75312 1318131 1233 26521
10792634 68254 73466 1381971 445 27488
11745682 73581 74557 1346012 1504 27724
11647773 68867 71471 1357603 1273 28126
10899301 45131 70529 1307034 1447 27631
11717175 81838 71825 1319024 2388 27193
10982500 58547 77269 1302541 2938 29778
11666159 77039 72302 1375054 3187 27718
11667750 51028 72569 1334129 812 27565
10853464 70576 72841 1334210 1268 26491
11123370 49182 70989 1294498 650 27064
10626524 46738 70886 1267436 1666 27013
11737070 68465 83367 1673754 1165 28642
11112359 65020 79974 1393508 1176 29148
11177779 68097 73941 1289336 2726 29251
11480123 60578 71783 1368134 1537 26795
10714403 83869 72926 1331896 377 26483
11628293 66445 75436 1333533 1614 26985
11142990 65845 70875 1319341 417 29390
11296589 77219 85707 1298486 917 27027
10593091 54415 71104 1257075 2372 27940
10654339 42277 71296 1342135 2428 40552
10852100 52758 70536 1297277 1306 26905
10876343 88768 81173 1344958 1622 27796
10636881 53983 75775 1320976 1558 28423
11762694 45204 72310 1344861 385 27131
11367610 65143 72150 1306973 2346 27050
