RIndependent Gonzalez BaselineGreedy Bottleneck Dynamic FullyDynamic
1106822 22138 30008 374669 603 11138
1115437 22468 28497 362807 159 10957
1097449 14361 28662 363333 854 11059
1094206 13621 28418 362136 571 11029
1189839 19019 28804 363098 2284 11131
1104085 24662 29958 527988 158 11165
1095176 14195 28668 361821 304 11210
1191269 19771 28615 565422 226 11683
1095196 21005 28843 379156 599 11161
1093269 22572 28785 362479 664 11237
1095282 25881 28555 528635 263 11205
1098443 20404 28778 520246 931 11700
1100591 18353 28534 368846 507 12062
1111749 20162 29006 370224 1469 11335
1096492 15124 28801 364652 140 11350
1197686 17616 28835 529512 4760 11556
1141936 18191 29110 539460 661 11679
1100226 15043 28901 361370 593 11674
1104497 17462 29740 362701 742 11667
1100298 20925 29079 363957 129 11641
1107242 18957 29020 363918 127 11630
1104512 23643 30938 542191 129 11673
1108173 19745 29361 521073 135 11594
1108602 17634 29175 365542 137 11693
1096665 20448 29043 381626 161 12376
1121913 18001 26220 364220 1840 8877
1109164 20934 26279 362597 129 8777
1106545 22385 26288 364201 135 8739
1123257 17536 26160 361991 136 8783
1114803 15654 26266 371849 138 8696
1103855 20944 26121 364377 128 8822
1102618 18309 26166 526842 131 8754
1101398 18760 26368 364203 144 8780
1121266 14787 51011 452450 126 8929
1192867 24261 30318 416881 161 8987
1174710 14101 26305 394897 134 8903
1194717 16520 26442 389195 139 9508
1152341 16537 26762 374328 137 8757
1114686 18695 26754 371532 158 8764
1285437 20526 26791 583151 183 12237
1111384 15106 26095 369965 164 8886
1120120 14072 25978 365423 146 8863
1247539 18495 26198 401978 163 8792
1235633 18876 27941 378496 145 8769
1155221 26236 28292 432378 179 12559
1206703 21225 27020 401013 159 9452
1159605 16962 26917 382351 167 9330
1228195 21059 26481 550072 163 9176
1116603 28880 31421 395225 157 9090
1118598 19479 27011 412073 183 8967
1162390 17926 27059 373018 161 8673
1180996 27399 27358 513427 186 9088
1229859 17905 27458 370648 163 8828
1203587 22294 26868 557018 185 9623
1109939 15203 26401 535467 148 8741
1104462 17507 26180 363694 143 8849
1114490 16570 26371 365742 151 8747
1115521 16877 26313 366760 134 8794
1186768 19137 27507 396942 159 8756
1122534 14084 26124 372274 131 8748
1109844 20470 26451 385421 130 8767
1218154 20361 26007 365788 115 8691
1131926 23095 26168 376736 134 9377
1112536 19418 26211 379730 130 8722
1118864 20108 27257 363573 113 8769
1143609 27881 26214 386940 123 9221
1148908 24480 27819 375629 117 9291
1199321 21219 31032 423928 122 8897
1099716 14512 26102 370390 119 8743
1125801 15600 26288 363193 137 8742
1248500 19287 26695 372470 117 9176
1200837 19337 32334 374615 657 8775
1141282 23977 27824 371060 465 8963
1134333 20922 29133 374686 1295 8969
1275703 14715 27363 380608 390 9044
1235752 19274 27659 454940 141 9543
1184288 21297 30627 417676 553 10359
1156599 15195 27153 388848 146 8807
1171396 16517 29128 390002 135 8984
1184255 14413 27505 382429 1011 8764
1155320 23792 28557 392979 134 8982
1178790 24975 28424 404983 1057 9275
1188117 23977 27510 387051 455 9896
1157337 29588 28430 373379 2525 8752
1216137 15071 26680 391565 115 8865
1117797 14660 26452 370063 128 9406
1097980 15873 26202 377784 111 8688
1123519 19863 26678 365135 110 8671
1115563 18655 26064 362440 125 8762
1105274 20304 25997 367430 126 8790
1128272 16460 26200 366318 118 8738
1136039 13963 26118 377628 395 8982
1107378 14746 26015 584034 173 10149
1151802 18904 26089 362799 119 8789
1104108 14204 26020 362516 125 8740
1130025 20281 26136 372042 117 8829
1119785 26257 27398 367398 215 8727
1141444 24143 26345 364490 123 8807
1110532 15334 26139 367459 145 8722
1108906 14309 26145 364060 138 9962
1127990 15692 26137 368461 128 8751
1103807 19658 28932 418281 120 9062
1114486 19106 25987 375586 114 8694
1119394 19281 25983 526059 145 9466
1117679 14067 26003 394290 138 8869
1108921 17217 25988 362397 132 9827
1121765 19007 28949 364455 130 8737
1121540 16863 26183 362661 133 8695
1220713 20473 26228 374416 124 8747
1158652 17824 26235 386803 170 12294
1240687 16053 26282 370273 133 8846
1124045 21162 26070 363693 147 8785
1112144 17471 26177 364754 132 9273
1177261 14454 26130 366725 145 8787
1170281 26522 26509 529871 137 9079
1095695 16602 26040 377106 137 8845
1178913 15263 26535 370069 148 8727
1134471 15414 26222 404216 122 9392
1134535 15480 26662 409023 3958 14968
1179535 19641 27580 388085 1017 8748
1167001 15722 27551 403548 146 9238
1162994 17495 26120 363775 232 10233
1180751 19333 27130 382449 126 9079
1127708 17563 26008 363216 803 8700
1137987 20648 25997 366065 119 8689
1132069 13915 26142 378410 130 9092
1104436 16215 26273 364966 124 8773
1157840 16557 28152 393018 122 8736
1192529 17039 26722 393080 175 9746
1180481 17692 26028 364433 120 8675
1214880 17660 27427 405363 151 8755
1107735 14454 26037 366126 1076 9360
1128791 22264 26462 363656 126 9699
1095585 15185 26219 364783 123 8929
1132399 16100 26089 362990 118 8787
1122112 16925 26577 521785 115 8820
1173484 19795 26213 369166 140 8935
1150998 15535 26242 366339 125 8825
1124241 20883 26158 374458 132 8794
1110919 15019 26105 370195 121 8696
1111150 19520 26003 362799 125 8736
1132327 14345 26446 368692 121 8951
1157299 28010 29146 370621 131 8706
1104434 15150 25952 392978 119 8676
1109140 20276 26094 571628 160 9420
1126003 20549 26086 381536 131 8956
1118990 16538 26277 363619 146 8922
1145537 16744 26196 361879 146 8920
1119050 22147 26097 383873 129 8796
1108051 18256 25999 390511 128 8953
1123999 19130 26118 364831 122 8746
1124523 15786 26299 367634 125 8787
1101118 13470 25997 363513 115 8777
1130858 19588 29171 398687 136 8708
1107298 17902 32013 368010 124 8806
1123421 14809 26185 377931 139 9110
1121756 17269 25963 369178 110 8765
1143006 14299 26070 391324 152 9143
1226595 13621 26339 364903 130 8706
1094153 22222 26033 374255 146 8788
1119579 24337 32528 376416 124 8726
1114817 23210 25971 395888 123 9014
1150163 18606 26313 366149 248 8844
1133989 16430 25990 363204 143 8700
1128181 17420 26042 365812 124 8736
1132334 14908 26420 365196 116 8784
1123096 18355 27190 369842 1035 8775
1129349 19555 26506 365305 116 8765
1172546 20839 28180 370662 155 9161
1130755 17596 26312 367985 136 9162
1129562 25755 26502 366496 120 8850
1181954 23733 26013 364799 116 8716
1112733 14911 26049 367784 153 8751
1125864 15271 26060 362887 123 8858
1162435 22308 28173 385258 142 8765
1150349 15432 26152 365518 142 8765
1121405 15345 26432 362302 115 8776
1132111 19833 26188 365796 127 8829
1125446 18860 26060 366665 143 8766
1110886 22988 25962 572627 136 9356
1132664 18887 26100 549458 129 8754
1130212 18600 26180 361145 154 8687
1115357 16504 26125 364853 129 9219
1107831 23331 27837 369285 132 8804
1124043 16795 27083 366642 136 8893
1121384 21219 26121 362275 118 8722
1123643 21893 26098 365269 119 8769
1120521 18871 26909 364581 130 9070
1165844 15076 28504 539556 140 8755
1138837 27799 26658 373956 136 8816
1321440 30038 41818 432517 164 10600
1267678 22219 29079 427039 439 10227
1584772 34076 34802 621402 1264 10047
1803022 39886 33680 749505 561 21700
2307769 20975 59888 596187 2087 14667
1797946 19237 39837 508220 587 19050
1368089 21782 28789 547766 2761 12038
1142924 21506 27065 563225 1693 10682
1201785 32856 30666 412102 7190 11255
1232826 18873 28779 392269 2289 9452
1214706 19668 30046 406649 4352 10054
1224302 26544 30412 397254 122 9360
1255266 20029 28983 435922 162 10394
1308092 18802 28833 407953 170 9581
1226938 24949 28917 429571 790 11099
1192854 28646 34234 582403 4152 9489
1215614 19072 32040 421477 854 10654
1121452 25690 28498 398261 124 10454
1137675 23880 28067 370321 593 9161
1187791 23959 27849 421222 430 9308
1153983 16203 28392 367927 576 8950
1150241 22810 26169 362442 117 8749
1119419 21555 25953 361357 1618 8832
1158332 15319 26129 386936 411 8711
1154073 14377 27746 408438 406 9711
1137622 19207 26151 384917 1262 8886
1214853 27118 27849 391920 596 9325
1199458 15109 27559 403297 1004 8841
1191646 17907 28483 444629 744 9786
1215284 23134 27245 377376 147 8965
1295770 20006 27920 402854 773 9199
1159638 19790 32544 433305 132 9198
1227677 16737 27241 377029 613 9609
1306123 19554 27623 558938 244 9141
1316216 17233 26087 363823 1982 9082
1174062 14753 26394 363823 393 9060
1161745 17317 26135 365716 132 9350
1178843 14533 26620 542159 551 9174
1202590 19099 27067 371153 126 9047
1136923 24534 27934 433045 1150 9220
1265251 23175 26203 378138 611 9101
1260798 21376 27900 379656 140 9442
1155679 15340 27106 383751 372 8831
1164806 22863 27476 403743 128 9037
1197726 17535 28316 426759 1906 9549
1175748 22915 27442 406570 397 8764
1172777 24573 27857 381659 132 8975
1276691 23074 27271 600576 136 10088
1173411 16000 28816 385351 1252 9221
1190826 22989 28825 392283 414 9034
1115137 14676 26202 590396 1346 8891
1130998 17477 26096 363029 129 8760
1151149 20802 26100 363503 1013 8701
1139932 23177 28735 378455 130 9047
1220432 17181 26169 361124 1292 8970
1130339 25369 26287 365604 1676 8996
1132583 20061 26279 365582 3583 8707
1127066 14703 25999 367604 1257 8940
1155862 16531 25961 371318 973 8716
1175969 18570 26228 398283 129 9151
1167495 16961 26116 365009 115 8886
1162587 24418 31434 408092 119 9113
1231737 21080 28345 380621 146 8737
1263307 30541 43422 539225 123 9511
1242138 21551 30677 377399 150 9271
1175114 22026 25979 371778 157 9674
1193988 19346 29166 397165 137 8739
1116088 25084 28490 377182 1518 8838
1176479 28495 26952 588974 800 8971
1389444 19178 33611 422187 560 9900
1220643 16719 30033 390753 132 8724
1176341 23847 26261 375006 127 10699
1134557 14211 28767 374649 125 8760
1174767 16694 26164 377658 160 9130
1173357 21906 26265 382319 119 8925
1201018 16946 27578 555081 691 8932
1184622 16981 26747 375015 552 9602
1226217 18950 26593 539461 149 9682
1225426 15186 26769 380577 1049 8886
1130360 15843 26089 364462 929 8722
1161728 19087 27359 377852 505 10057
1152795 24487 31171 404087 207 9733
1165860 20395 28203 393692 382 11232
1189145 21465 27312 373403 377 9139
1161460 16691 28030 549330 443 10210
1214761 17925 28442 395771 957 9257
1145338 22977 28797 412630 1592 9346
1182635 19692 27705 391477 1051 9711
1216245 21678 28311 381213 123 8999
1161758 16341 28434 411211 132 9134
1229195 21446 32474 421487 410 10190
1223515 19731 28987 392001 142 8833
1118292 13715 27356 432790 152 9223
1147967 22564 26183 524593 1178 9272
1139686 15546 28057 387780 135 9135
1135115 17753 26045 452203 145 9708
1227448 19366 28515 390538 570 9228
1163395 18252 27258 370592 367 8784
1179771 19617 27570 379119 1348 8840
1129808 16990 26278 364339 1010 8811
1263856 19245 29463 386048 661 9141
1154980 19854 27026 402607 126 8771
1208932 16356 26048 362514 6322 8701
1205599 17662 31364 411108 167 10208
1316111 16585 27901 383964 119 9422
1208697 17808 27180 550405 143 9010
1180725 23771 26184 507492 136 9438
1426742 18528 29290 394069 141 9085
1178115 17480 28391 396464 124 8976
1198244 21296 27124 598269 119 8809
1155929 19004 27998 371615 119 9686
1180685 17044 38749 437161 170 9309
1251215 20173 40150 435836 139 9038
1170794 16968 28295 388740 140 9113
1195676 20196 28175 387003 131 9703
1214662 16561 28564 438872 157 9741
1303590 19589 28239 403082 144 9246
1218898 17655 28324 434983 647 9260
1176692 17674 28377 429976 157 9049
1270930 20024 29988 371860 1019 9080
1178223 19135 26165 365159 130 8987
1227888 14121 27708 548182 162 9500
1199629 16487 26315 383362 136 8910
1174171 26581 27092 375366 137 10059
1175283 14545 27435 382816 815 9226
1192129 20687 27409 382629 137 9199
1302395 17431 28630 409035 616 9875
1189613 31337 30761 396178 1764 9189
1161761 20305 26658 562598 117 8712
1184946 16616 26119 364315 1275 8851
1162052 14552 26029 371868 148 8862
1157877 20046 31726 568699 126 8823
1215861 16655 26160 380044 180 10063
1191761 16438 26919 371462 359 8749
1178918 19738 35186 459048 166 15873
1260255 19093 29612 408263 123 9082
1193746 18021 30387 419108 384 10135
1162937 26483 26518 370500 129 8770
1151873 15219 26006 374887 122 8777
1135636 20201 26154 383389 136 8736
1136183 21979 26506 407824 163 11635
1207185 23030 26023 364127 141 9403
1144188 14333 27428 366359 435 8758
1138185 27903 26352 368972 1264 8756
1199997 19799 26787 362843 152 9073
1157116 17498 26025 393772 132 8807
1189114 17443 26555 399124 950 8940
1164037 15146 26910 372100 136 8773
1163615 16101 27379 366123 120 8789
1143472 17121 26372 371959 448 8982
1159627 16746 25984 541298 1001 9119
1125854 17935 26411 537217 149 8770
1283605 36592 28730 408759 668 10156
1245626 21569 28265 395259 417 9722
1261981 14821 26245 371812 137 8720
1162522 14650 26114 368721 140 8695
1259026 16051 27335 417493 398 9436
1174586 25136 28707 541936 133 8898
1159129 17726 26248 396195 1014 8989
1213725 15378 26019 369872 1057 9170
1170004 15775 27926 409122 184 9176
1179673 18782 28439 384187 1000 9187
1188952 16677 27594 414928 141 9943
1236271 26922 28209 420987 136 9014
1200313 28592 28657 394513 131 9325
1301914 18342 25990 403216 147 9088
1279736 14515 28179 376816 137 8741
1262332 17708 26335 390712 116 9098
1150119 21384 26075 375971 128 9386
1184516 18211 28560 374985 140 9499
1177225 19559 26116 553899 988 8768
1204067 23257 31785 375522 130 8824
1153780 18985 27207 373894 131 9215
1173736 14832 26223 543099 118 8971
1168031 14944 26626 373150 118 8781
1180226 20223 26164 367088 170 8708
1180498 22820 28342 406451 274 10760
1229145 16432 27664 372884 137 8828
1164518 14595 26007 366607 115 8682
1166942 18300 26071 368564 161 8899
1157575 22748 28359 394805 137 9735
1265662 17031 28046 566807 131 8928
1152476 17475 26148 548726 123 8776
1247457 18284 29004 403381 151 9342
1348106 14696 26716 365487 129 8924
1255784 26514 35382 387576 442 8741
1220088 18462 27503 393098 253 8896
1216865 17217 28988 385426 969 9609
1243607 17859 28080 383994 143 9016
1275452 23251 30390 394990 141 8910
1257133 19410 28562 399214 185 8945
1225663 28867 28964 403186 138 8764
1222640 18116 28606 400424 159 9535
1214341 25965 28539 393004 132 9057
1228972 16145 28367 399858 135 9287
1159481 14888 26061 392657 125 9218
1178291 14509 26078 363149 174 8776
1242444 20028 26128 366783 144 8811
1143528 22560 26267 362791 189 9103
1157155 14431 26239 372053 129 8751
1152188 17935 26348 535131 111 8705
1132284 13720 26089 380024 132 9555
1198416 17891 26299 382852 136 9143
1152507 17018 26137 363155 118 8895
1238476 15505 26118 364628 387 8739
1137886 20074 26099 361296 112 8762
1144132 18286 26094 362452 144 9106
1143796 15004 26083 361855 130 8723
1139715 18585 26294 538945 124 8705
1155583 20772 26087 364747 132 9651
1167998 18785 27485 369998 126 8725
1150827 17030 25994 361968 122 8725
1152018 16967 26057 361751 1289 8768
1134691 18310 27302 363682 114 9020
1153388 28100 28952 365412 142 9131
1139702 15870 26068 361422 123 8742
1148696 23179 25901 361917 123 8940
1125228 16148 25976 361652 114 8778
1158653 24392 26057 379726 1004 9036
1262417 19892 25997 373385 174 9468
1211469 19239 25950 361824 128 9591
1170000 15097 26140 376997 189 8708
1140707 16195 26265 372228 122 8792
1242046 25327 25900 361298 123 8738
1146678 17957 31133 461292 167 9912
1188523 17517 26194 368930 921 8754
1159106 19577 25970 379486 1264 9340
1276537 17487 28719 566406 146 9564
1169905 24251 26115 367378 115 8749
1278217 21107 26610 378004 128 8740
1197153 23318 26154 377675 141 9061
1190385 24301 30954 387836 137 9620
1171323 17264 30542 370764 123 8729
1252318 18002 26032 364797 151 18984
1182224 24818 27552 406246 152 9817
1192666 21655 28244 418613 183 9804
1212023 18862 26652 378022 129 9935
1187760 16814 26166 436235 964 9311
1131820 19087 26484 375920 127 8705
1181164 18533 27232 384206 127 9114
1189819 22751 26172 366771 131 8823
1164852 19856 26385 531804 133 9085
1259151 23237 26170 373561 134 9746
1159802 14763 26670 383820 127 8829
1234397 19458 31815 411104 159 9636
1166886 18685 25929 373244 124 8761
1179325 20019 27059 393288 159 9014
1135052 19464 25844 371419 873 8704
1161053 17300 26338 364752 128 8855
1213032 14619 25963 380604 405 9081
1124607 14413 25806 536710 131 8790
1161000 16059 26204 368636 394 9489
1213396 16671 28365 628191 354 9156
1146740 18117 26036 367682 122 8710
1210095 15275 26563 363955 402 9172
1246465 14459 26867 365710 149 8748
1205478 25300 26675 363075 132 8898
1142319 19169 27336 366207 1031 8742
1154808 19594 26132 367688 157 8789
1181378 15436 26124 365790 133 8733
1143748 19461 26143 372095 135 9480
1192102 29720 30631 428622 254 13753
1291388 18430 29574 398349 161 9852
1185005 20850 28581 390149 394 11587
1169180 18857 31315 370203 414 8822
1180628 16964 26140 376544 1035 8701
1139687 15041 25996 375845 128 9885
1191248 18756 26485 407728 808 9682
1139802 16313 28122 389466 1004 8761
1397665 24318 30159 402330 504 9855
1205281 15356 26320 372884 3164 10818
1160136 18100 27468 376602 127 9033
1114940 16603 26034 362804 120 8731
1162940 15541 26992 368643 115 8705
1138767 17731 27645 373114 953 8865
1222273 21663 26539 363589 132 8732
1286186 26002 29887 391631 152 9947
1367328 21936 29723 449168 1492 11654
1361828 24684 27254 404969 827 10369
1405070 17481 31706 442808 4385 9868
1371746 30875 40807 455147 382 10441
1539939 16845 38531 518836 3532 38760
1429735 17325 31270 503930 5995 12230
1774511 27101 39401 680584 14254 12960
1508716 22041 39697 571664 1815 30876
1795543 51087 30488 517035 1637 45009
1830144 35345 50825 613509 156 25033
1695049 19768 44221 722967 220 18537
1749212 22517 38050 421194 231 79871
1319668 32886 41583 515220 170 12808
1409590 24829 29239 492963 1587 12878
1714956 22193 34939 427330 1689 9595
1549827 17894 27748 424246 4130 10395
1454613 17827 31544 413185 3029 10077
1414827 30319 37177 519028 1796 11700
1286502 23083 29915 436744 7401 10862
1426101 19650 28378 393659 3280 10066
1312173 26025 27616 394925 8319 9854
1488141 27117 39244 623474 842 13334
1448732 33123 28202 381913 1643 9708
1343210 24486 29050 431323 578 9813
1269123 15491 26142 388640 567 9218
1297783 22524 29224 435619 1156 10524
1445829 18430 31705 446030 977 10436
1367248 17629 31793 464847 164 12681
1263001 30247 50268 427424 714 11123
1274391 26957 32230 694617 21071 9836
1499948 16451 29833 390985 647 9935
1230149 21179 29382 381379 135 9270
1268697 23523 27072 393400 896 9512
1202039 28358 29074 436827 134 9019
1199165 17438 26150 387154 153 9820
1158610 18389 27183 395400 2268 10091
1190953 15524 26867 374336 412 8904
1329767 18986 28409 569533 1098 10607
1230576 18669 29382 455270 282 9379
1174282 23103 28287 414495 1831 9450
1343610 15318 30658 439312 759 9427
1231871 17499 26933 596173 523 10639
1163742 18515 42386 471900 3917 10369
1437462 15383 31250 387921 906 8766
1199278 14485 26528 387902 1357 9118
1331457 17452 30894 470420 876 10126
1308735 37217 39496 534482 259 17837
1618543 19767 27256 427343 390 9352
1396274 78951 46843 453404 1034 10891
1360788 21855 41172 488132 404 10133
1432053 24121 27486 368215 803 9176
1213659 26185 26512 372994 1017 8687
1167130 22362 26220 374302 891 8833
1188434 14360 28341 458108 1296 9652
1194085 18883 26028 409290 1021 8743
1296347 31447 58982 397198 460 9397
1186013 25004 29025 388301 421 9167
1256773 25346 30341 394977 189 10040
1221302 26985 30078 394743 4775 10569
1189383 28343 26688 390641 2282 9519
1183254 19571 27119 531351 320 9153
1179757 27515 26524 485636 4858 9695
1390801 22674 26690 389896 391 9577
1208404 18431 27335 466589 119 8971
1181648 16450 26742 377147 477 10161
1194467 18227 25936 370689 402 9634
1301049 17568 27018 369537 376 8683
1229024 23613 32846 440231 160 10034
1242790 20424 27324 426772 170 9470
1229684 21884 27049 383633 441 9236
1191731 15979 26050 544793 423 8735
1150723 18344 26027 361225 1801 9023
1276116 22330 31145 383125 1979 9895
1262681 16325 29228 380007 384 9595
1221163 17362 32904 417628 158 9498
1225913 18854 26185 561772 883 8811
1138105 23642 28685 377262 1220 8943
1192816 25273 31972 539744 121 8900
1227407 24988 26807 387569 124 8888
1252257 22589 27965 399007 587 9826
1242405 15915 29676 400451 1171 9201
1206170 19225 29285 383429 660 9345
1344747 17035 26049 396001 509 10596
1228308 16463 26179 431110 157 11102
1384579 29296 28975 621268 3815 10972
1484826 22969 27777 366827 435 11045
1391767 20681 32992 435678 636 10872
1287034 26112 29763 395281 1409 10246
1235643 17355 27818 409031 134 9736
1286463 28006 31871 562814 158 9663
1438592 27451 32166 663536 153 9953
1213471 23524 28173 365361 1539 8776
1281671 24581 28298 379894 868 9785
1211824 18577 28071 536048 129 8950
1362977 17424 29247 389981 390 8930
1197716 21979 42563 463041 486 9845
1498592 24044 26327 378665 570 11249
1295027 24783 39991 533753 2111 11069
1406486 17860 27924 447806 2319 11481
1325991 19164 28776 544323 136 8729
1232935 18295 26664 501365 935 11367
1232425 16565 26200 407002 131 8897
1188079 15649 26865 509503 178 18356
1325221 24557 26200 373767 128 9462
1267569 20059 28135 396122 464 9105
1244645 22795 59284 418949 124 9725
1158870 21191 33358 369895 144 9047
1288407 18034 26021 385712 1037 8710
1165058 17231 26196 367602 457 8692
1168355 18343 26304 365439 538 9173
1171124 20622 25966 402391 366 9225
1203628 15918 29491 409381 180 10978
1226590 15027 39793 571431 132 8916
1202977 17584 27399 449255 142 9692
1209221 20831 26670 373887 125 9388
1185674 25980 26773 538499 420 8699
1306482 20657 27504 392494 154 10038
1243232 15645 26666 376609 132 8855
1279458 15158 26227 387532 134 9673
1318787 21249 26953 383234 434 8913
1224370 20109 26194 407649 441 9450
1288897 18670 26013 362129 137 8762
1222750 21925 29120 384376 182 8761
1227724 21039 27360 437785 418 10711
1238585 19939 28629 424226 1004 9127
1271645 17346 28948 372618 134 11679
1257304 19488 27191 388923 1192 9358
1279460 24319 32696 565939 1290 9471
1382923 24596 31480 504169 1933 9801
1529976 23031 27863 404919 1152 9376
1224424 21160 28724 400780 142 9667
1251667 16522 26182 373428 140 9795
1171331 17895 25966 364416 115 8675
1373002 29538 30824 433119 142 9739
1262626 24290 30150 572713 142 9176
1221985 15471 26218 365902 161 9805
1279243 31452 27968 383526 688 9175
1172268 16545 27285 367970 110 8694
1258016 22690 25990 360210 118 8924
1228911 24215 28628 419285 133 10827
1214895 26796 30075 363143 136 9143
1199999 17365 30173 460199 129 9785
1257264 20725 26407 446770 2049 10145
1214029 21172 26066 379405 124 8722
1189641 15775 27452 402254 2320 9711
1164914 23942 31245 365718 409 8952
1206997 18502 28278 376517 117 8855
1284028 19692 30247 417122 1339 10091
1397000 21935 30973 470379 137 10632
1284230 22802 29327 455714 136 9300
1381401 17042 27673 414465 988 9286
1306868 23451 27784 386127 744 9082
1241928 25813 26974 378635 959 9410
1273298 21299 26110 360930 134 8693
1160936 28314 29142 418981 1090 9618
1212806 21479 27241 373312 136 8716
1250106 15996 26396 372112 168 16273
1638834 22643 35597 535955 5968 9561
1211443 19832 26080 408152 135 11861
1273918 21496 30046 376041 154 9094
1212381 21562 27491 384634 917 9651
1172827 18296 26090 371298 4579 8777
1189569 16904 27194 364695 982 8728
1206377 22963 26072 378091 1217 9110
1174303 14989 26359 361586 155 8743
1258330 16561 29928 400841 138 8791
1199868 18239 26002 364694 11822 8972
1227083 20962 27855 459303 148 9448
1313649 26702 26912 384133 150 8903
1198411 14428 26265 391461 396 9149
1179331 15442 26059 372437 1572 8686
1210035 19701 25962 376581 137 9967
1458303 22786 39869 501997 158 9437
1261985 24497 52638 406883 134 12942
1349497 18648 28533 416870 144 9706
1315171 17628 27204 456917 161 10590
1516035 23165 30153 418477 158 9661
1371940 16325 51855 423548 430 9990
1279896 16933 27520 377913 132 9615
1238128 15817 27513 379046 461 9540
1188702 16289 26732 581497 134 10629
1229542 15600 26407 367505 123 9005
1283276 14334 26885 399280 164 10052
1368237 20480 26315 378131 139 9347
1244390 16808 25868 379989 147 8721
1245829 26241 26317 366763 130 9384
1257870 21543 26726 413921 166 8987
1238521 19005 33536 435435 158 9487
1205067 20249 26036 396147 661 9704
1259742 22239 28017 397421 159 9650
1318525 19080 27861 548138 117 8929
1225085 16199 33547 504372 163 11275
1355944 23321 30130 389196 126 9388
1247113 20983 29045 437697 147 9543
1301902 17680 30117 591254 122 9152
1277774 17688 28634 491924 217 10476
1298992 21050 26133 367385 132 8690
1190471 23045 26031 369658 667 9289
1241862 21061 27294 374742 155 10096
1240202 21454 28633 398342 141 9074
1171674 23111 30064 483324 132 9368
1222063 14539 27263 363838 142 8671
1251238 13431 27755 375736 173 9143
1292032 17230 27349 405852 136 9202
1218612 21846 27471 399849 993 10180
1202253 17104 25876 365711 119 9068
1222448 21173 26015 376388 1049 8804
1273211 17681 25954 376788 125 9773
1210835 19394 25840 383027 2171 9747
1178092 15415 26270 369416 127 9110
1158437 21189 29201 413425 1015 9213
1234264 24041 27186 376158 134 9598
1196934 24487 28865 365097 1054 9155
1243468 19260 26459 378701 1266 9036
1229462 17512 26973 378177 1489 9298
1210551 19065 25997 397403 1144 11335
1232002 15228 26099 383429 131 8684
1225579 25699 27068 392150 134 9041
1244922 15389 26143 378340 160 8774
1294808 19641 25993 362772 132 8915
1171730 14695 26119 368815 124 9190
1125248 13899 25890 363241 117 8727
1234892 24254 29483 368818 3686 8714
1139572 18851 26783 416376 124 9182
1215945 23808 28198 376590 113 8729
1191783 18306 28766 404440 123 8924
1253049 16077 27179 377502 125 8760
1311118 21732 28513 365425 118 8827
1233357 23577 27994 380905 1062 8958
1324774 16122 27548 549744 131 9074
1215566 21363 28336 537145 127 8832
1421029 21590 28943 433812 160 9718
1470883 22117 29821 604101 153 9718
1342256 26532 29887 396921 137 9285
1406721 17350 27336 386158 159 9909
1287957 24317 28684 391223 158 9368
1242053 22920 29969 412186 449 10192
1301738 13567 26046 378341 119 8748
1270703 21990 27714 371595 119 8798
1247652 26062 28196 403224 129 9271
1207274 16507 25819 361523 131 8862
1211243 23257 27959 372161 653 8711
1222819 13698 25841 364264 127 8797
1252994 15696 29390 386714 126 9555
1264776 20046 27594 622789 159 9628
1347979 18791 27607 375609 120 8719
1365470 17341 30442 435458 1070 9444
1276185 26896 29212 397294 130 10001
1376440 18112 29320 403169 1294 10164
1421638 20700 26261 482623 162 11978
1308719 14421 25932 376491 132 8777
1177689 21425 26169 383705 130 10399
1206841 18061 25855 363046 120 8720
1342077 24877 26104 534589 123 9162
1251537 26889 26161 423063 172 9991
1240058 16929 26078 390098 322 9637
1282478 19730 27472 444497 251 10106
1321484 16393 28060 551884 282 8966
1307538 21913 26063 367502 1352 9513
1250789 15787 26038 364717 126 8808
1238033 16976 30884 573995 128 8745
1268364 21618 31564 397425 152 9107
1186238 14589 26597 382408 120 8665
1240699 24793 28717 395743 910 9111
1191613 18218 26067 362765 406 8875
1271735 17970 29266 397088 147 8920
1441911 21576 30772 412027 162 10659
1363807 16393 30854 467536 203 11723
1338120 24785 28332 407215 798 10200
1261735 22899 28308 420187 496 8743
1349889 16387 27205 400683 223 9987
1261077 17298 38061 392562 130 9306
