RIndependent Gonzalez BaselineGreedy Bottleneck FullyDynamic
1615 353 227 2007 14
1388 261 219 1868 18
1123 302 191 1587 13
1142 319 207 1520 14
1306 287 199 1648 14
2527 856 483 2917 56
2666 721 485 3276 18
1952 549 217 3608 30
2611 536 349 3359 20
3102 361 274 3202 35
2284 599 219 1590 32
1288 287 191 1625 18
1344 320 176 2009 18
1745 303 211 1590 14
1433 276 229 1635 14
1258 464 206 1562 17
1415 258 192 1624 14
1251 273 194 2027 14
1219 298 177 2359 17
1660 495 177 2770 13
1549 413 464 2244 19
1245 351 187 2037 14
1245 266 193 1978 13
1160 237 174 1703 14
1310 256 216 1711 14
1425 319 176 2078 13
1348 233 171 1804 13
1238 239 181 1869 13
1040 194 165 1741 14
1001 230 167 1772 13
1106 269 167 1794 13
1056 255 198 1820 13
1099 293 201 1446 13
1093 177 170 1832 13
1037 171 167 1760 13
1125 225 209 1787 13
1076 389 209 1769 13
1272 175 191 1839 13
1150 242 167 1726 13
1230 204 169 1782 13
1222 258 172 1579 13
1075 188 176 1811 13
1277 191 174 1828 12
1349 222 174 1557 13
1238 189 174 1781 13
1076 227 196 1571 13
1132 209 197 1587 13
1141 196 176 1547 13
1294 241 176 1823 14
1448 356 242 1973 13
1102 277 176 1817 13
1160 324 190 1689 12
1170 205 203 1818 13
1086 226 176 1553 13
1202 186 180 1804 12
1092 188 208 1583 13
1063 382 206 1910 13
1099 196 183 1822 13
1102 176 181 1922 13
1133 209 181 1576 14
1135 283 210 1841 13
1265 263 192 1706 13
1182 211 194 1752 13
1276 243 191 1725 13
1108 216 178 1620 13
1129 202 182 1524 13
1272 190 181 1544 13
1216 236 185 1839 12
1179 182 182 1644 13
1066 187 184 1945 13
1446 198 326 2335 14
1310 208 226 1879 14
1222 380 238 1879 14
1550 204 225 1794 14
1275 373 277 1930 18
1289 195 201 1870 13
1289 200 198 1990 14
1637 236 213 1885 14
1627 212 225 2000 14
1248 189 189 1561 14
1053 180 191 1631 13
1395 277 189 1589 13
1111 191 189 1637 12
1413 370 192 1690 13
1558 180 321 1673 13
1344 187 190 1647 13
1071 248 281 1852 13
1751 378 217 2190 20
1416 172 192 1699 14
1308 276 191 1719 13
1384 194 192 1659 13
1329 185 286 1653 13
1372 328 219 1611 13
1414 271 193 1678 14
1369 193 201 1623 14
1330 183 198 1679 13
1395 200 199 1689 13
1268 165 203 1814 13
1281 326 211 1784 13
1453 214 258 1813 14
1148 223 206 1667 14
1605 200 200 1896 13
1609 306 207 1702 13
1237 245 224 1863 13
1789 268 321 1972 19
1680 254 378 2009 14
1819 185 228 1936 17
1624 240 309 1960 17
1519 197 239 1928 13
1726 246 239 2001 19
1303 222 335 2161 14
1366 333 228 1875 14
1474 707 286 2073 14
1414 315 220 1962 14
1482 199 289 1963 14
1445 231 228 2097 19
1327 398 227 2215 14
1470 327 229 1997 14
1449 230 245 2115 18
2837 493 460 2009 35
1659 466 270 1836 14
1226 194 399 1846 14
1139 296 272 1918 13
1376 232 437 2315 13
1413 227 247 2207 17
1281 230 230 2118 17
1146 192 212 1968 14
1143 196 213 1839 13
1219 193 341 1853 13
1305 335 214 1908 13
1230 190 214 1919 13
1149 322 351 1927 12
1159 320 219 2144 13
1317 184 285 1867 13
1313 195 219 2082 13
1225 182 287 1958 13
1171 194 240 1883 13
1248 186 219 1968 13
1310 198 223 1917 13
1236 192 225 1957 13
1240 190 219 1884 13
1427 188 224 1911 13
1255 194 226 1918 13
1274 192 224 1916 12
1357 189 228 1926 13
1356 190 224 1935 13
1263 194 223 1999 13
1258 197 235 1972 12
1460 338 225 1952 12
1279 339 225 1959 12
1270 192 223 1940 13
1295 196 393 1948 12
1278 192 228 2423 13
1271 195 230 1955 13
1391 343 229 1953 13
1297 204 228 1940 13
1263 195 230 1980 13
1281 222 229 1953 12
1264 192 229 1965 13
1276 196 228 1983 14
1267 195 227 1977 13
1275 204 228 1955 13
1278 195 228 1955 13
1274 197 229 1973 13
1278 196 245 1971 13
1292 193 236 1970 13
1265 192 228 1974 13
1276 193 237 1977 12
1270 196 234 1976 12
1267 194 239 1999 13
1287 327 238 1997 13
1278 194 236 1975 12
1277 215 239 1985 12
1276 332 237 1989 13
1283 193 243 2011 13
1285 190 248 2001 12
1261 330 234 1996 12
1358 191 231 2002 13
1272 195 246 2001 12
1293 193 247 2016 13
1276 197 248 2021 13
1302 198 250 2038 13
2375 199 268 2269 14
1407 199 260 2039 15
1293 218 282 2305 13
1292 195 236 2015 13
1281 198 237 2023 13
1269 195 251 2053 13
1277 202 254 2055 13
1279 194 255 2064 13
2270 474 415 2970 13
2213 559 339 2584 26
1327 233 279 2038 15
1347 198 239 2218 13
1306 208 276 2136 17
1365 213 259 4208 13
1647 198 238 3122 41
1618 384 589 2633 14
1284 202 314 2049 14
1303 198 240 2032 13
1278 197 263 2033 13
1228 191 240 2015 13
1253 195 258 2033 12
1296 197 266 2058 13
1361 195 267 2047 13
1312 197 244 2052 13
1269 198 248 2051 13
1274 203 245 2059 15
1299 197 246 2062 14
1252 198 245 2103 13
1300 197 249 2067 13
1262 201 249 2112 14
1296 192 241 2042 13
1274 204 276 2212 14
1250 186 228 1918 13
1278 192 243 2054 13
1272 198 232 1985 13
1237 203 226 1987 13
1204 185 228 1919 12
1224 181 226 1939 12
1186 199 227 2044 13
1302 191 239 2000 13
1275 196 241 2046 13
1266 199 242 2029 13
1261 329 240 2037 13
1284 191 243 2041 13
1288 197 241 2042 12
1279 196 240 2040 13
1275 196 243 2036 13
1306 321 239 2036 13
1270 198 239 2011 13
1268 196 239 2045 12
1309 191 240 2027 13
1285 198 240 2024 13
1371 193 242 2034 13
1281 229 311 2044 13
1308 282 240 2018 13
1287 202 239 2117 13
1277 192 237 2029 13
1298 200 238 2031 13
1296 192 239 2074 13
1313 334 245 2051 13
1296 198 306 1964 13
1347 202 243 2033 13
1303 197 240 2037 13
1393 197 240 2030 13
1273 196 238 2039 13
1286 201 240 2027 13
1314 199 240 2063 13
1274 197 241 2007 13
1279 193 240 2018 13
1273 193 306 2016 12
1292 194 242 2065 13
1292 198 239 2019 13
1274 200 239 2093 13
1296 207 289 2032 13
1296 250 245 2045 13
1338 206 254 2063 14
1453 200 243 2022 13
1296 201 243 2015 13
1380 182 225 1932 14
1380 186 227 2016 14
1301 208 272 2134 13
1317 197 236 1933 13
3217 577 289 2495 28
1844 329 238 1935 14
1380 338 229 1997 14
1285 248 285 2033 14
1370 180 221 1910 13
1203 183 221 1909 13
1168 330 254 1892 12
1266 192 262 1921 12
1284 187 222 1905 12
1224 327 232 1963 12
1210 227 223 1900 12
1200 184 223 1871 12
1311 189 283 1920 12
1222 309 224 1939 12
1215 184 227 1918 12
1205 187 238 1950 12
1280 189 220 1905 12
1263 186 224 1902 12
1265 192 224 1949 12
1295 188 221 1898 12
1203 229 221 1929 12
1209 190 219 2124 12
1309 207 284 2053 17
1378 200 247 1873 13
1204 345 236 1988 12
1283 199 235 2059 13
1284 238 234 2012 12
1277 342 238 2049 12
1292 201 236 2020 12
1379 196 238 2010 13
1317 356 260 2085 12
1425 222 288 2062 12
1335 210 275 2069 13
1492 368 236 2055 13
1375 204 248 2149 14
1332 189 238 2064 13
1330 251 249 2073 14
1373 206 235 2044 13
1288 202 240 2020 13
1376 204 241 2034 13
1363 345 240 2031 13
1383 197 246 2041 13
1289 196 240 2053 13
1380 192 240 2139 13
1317 208 245 2077 13
1302 206 245 2045 14
1274 192 240 2044 14
1384 196 244 2133 14
1319 199 242 2130 14
1293 258 288 2207 13
1281 202 234 2132 14
1242 205 234 1986 13
1236 197 236 2012 12
1303 199 243 2086 13
1281 194 245 2085 13
1296 190 242 2065 13
1291 196 242 2067 13
1290 247 248 2087 13
1287 192 254 2058 13
1285 193 247 2067 13
1297 192 243 2119 13
1280 211 247 2081 12
1277 196 247 2072 13
1299 194 247 2083 13
1296 314 250 2110 13
1352 201 249 2116 13
1358 196 252 2098 19
1335 195 236 2107 13
1287 196 246 2088 14
1303 317 258 2097 13
1345 208 246 2157 13
1383 209 250 2125 13
1304 197 248 2195 13
1334 216 266 2533 13
1560 184 248 2108 12
1277 227 255 2108 13
1246 213 241 2084 13
1314 228 250 2097 13
1397 209 412 2550 13
1383 208 248 2100 14
1282 194 252 2174 13
1266 191 256 2129 15
1372 209 250 2125 12
1258 183 235 2070 12
1259 232 232 2044 12
1243 183 246 2062 12
1260 182 241 2007 12
1252 179 235 2065 13
1305 216 246 2061 13
1310 198 267 2138 14
1309 221 385 2333 13
1415 320 286 2222 14
1383 195 251 2166 13
1382 213 263 2317 14
1275 192 262 2199 14
1327 224 255 2137 13
1552 205 286 2270 14
1290 194 311 2206 14
1295 195 253 2423 14
1525 243 267 2245 15
1468 248 304 2483 13
1341 196 270 2198 13
1327 218 276 2312 14
1247 200 245 2154 13
1385 199 256 2242 13
1411 200 277 2523 14
1426 197 287 3844 14
2033 220 305 2250 14
1214 192 270 2213 13
1303 195 273 2230 14
1308 314 266 2163 15
1390 208 263 2198 14
1403 209 315 2379 15
1319 203 368 2315 13
1402 201 257 2791 15
1393 196 259 2354 13
1632 200 260 2663 14
2261 211 267 3317 15
3280 268 923 2473 14
1273 214 258 2170 14
1283 195 257 2158 14
1285 198 258 2151 14
1392 303 359 2558 14
1512 216 261 3041 14
1435 338 312 4972 14
1597 210 258 7833 14
2199 340 284 2529 15
1683 257 269 2615 14
1396 198 260 2211 15
1229 199 260 2215 14
1302 197 260 3166 14
1285 283 256 2385 14
1295 350 266 2229 86
1286 239 258 2354 14
1434 329 283 2510 15
1334 317 301 2421 15
1652 214 264 2432 14
