RIndependent Gonzalez BaselineGreedy Bottleneck FullyDynamic
12779 1397 771 7267 973
5730 945 655 6954 477
7700 1350 620 5676 410
4874 698 582 5180 363
5488 1018 500 6176 365
4929 875 608 4882 372
4235 922 496 6041 335
6118 1041 481 5812 378
4533 1021 694 6464 329
5388 661 798 7387 409
5772 988 598 6705 422
5780 866 541 6467 396
5648 888 538 6111 429
5670 905 626 6575 365
5794 962 635 6700 449
5782 927 505 6569 356
5902 1069 522 6273 398
5902 1099 652 6034 376
5556 1013 708 6701 350
5762 1019 577 5504 631
5448 1119 599 6271 343
4711 902 585 6404 414
5011 720 504 6129 363
5354 809 510 5887 369
5417 713 505 6071 368
4751 666 538 6214 369
5626 851 594 5703 364
5630 750 650 6358 383
4566 1034 547 5341 405
5142 876 602 6249 417
5598 1044 566 6303 407
5584 787 692 6387 364
5547 764 564 5069 385
5041 837 593 6198 330
5486 951 514 6172 366
4721 648 559 5651 335
4879 733 500 5628 370
5285 836 565 6522 367
5854 979 505 7149 428
5748 1013 655 7138 418
5646 1086 543 6563 419
5134 786 644 6826 418
5048 1339 753 6822 405
6092 1324 755 6492 383
5461 837 553 6308 388
5381 982 561 6527 385
5058 670 486 5723 359
5539 929 660 6357 367
5248 707 500 6137 361
4977 1153 486 5728 412
5703 1038 1033 6935 354
6594 1280 889 8571 370
5778 676 650 6908 474
7220 657 671 7972 454
6046 617 660 6543 483
4983 947 582 6593 464
4755 1101 709 5677 374
5411 611 523 6014 422
5243 962 597 6476 398
5308 1244 523 5172 409
5568 1114 537 6712 379
4440 864 721 6142 412
6350 993 672 6250 487
5962 1094 781 6581 454
5777 1038 887 6684 444
5554 1053 803 6494 468
5367 895 754 6531 409
5824 1063 642 7378 422
5646 941 643 7527 430
5720 785 825 7266 433
5952 801 539 7697 460
5573 873 490 6021 483
5547 919 569 6762 427
5422 987 842 5521 465
5024 870 557 5574 382
5438 932 693 5334 407
5268 927 722 6112 391
5671 805 678 6698 464
5662 950 750 6432 406
4817 796 558 6342 404
4820 834 540 6088 412
5499 681 605 6818 465
5561 1165 708 6877 458
4719 1110 625 6148 408
5375 871 535 6341 406
5090 766 683 6234 403
4829 617 722 6302 408
5343 1115 519 7126 396
5479 796 566 7584 423
5292 975 736 5405 644
5607 667 739 5991 452
4993 768 678 6434 403
5715 1370 679 6568 450
6137 868 730 6180 478
5653 898 790 6342 466
6199 1091 712 6959 481
5923 1072 796 7192 445
5991 793 718 7591 422
5139 765 630 6249 468
5803 1117 538 6462 485
4764 620 813 5979 409
5544 1004 524 5897 461
5309 1056 585 5417 389
5313 913 639 7037 411
5039 876 696 6460 374
5931 791 801 6341 430
5401 1065 825 5458 406
5549 936 676 7252 411
5856 939 570 6140 409
6234 712 617 6911 485
6016 963 852 6432 421
5349 1033 687 6161 509
5633 981 666 6755 410
5393 839 776 6301 427
5523 1017 587 5924 430
5343 822 505 6036 376
5679 711 628 7374 421
5273 621 547 5738 411
5833 833 654 7213 465
5427 1056 694 6555 374
5517 917 518 6553 424
5584 717 781 6009 443
5709 1072 856 6911 433
5260 870 566 6504 419
5636 664 769 6647 426
5877 1300 670 5745 499
5735 608 543 6364 409
4924 858 792 6826 420
5694 677 706 6487 419
5057 752 605 6562 395
6182 969 676 7016 423
5061 754 618 6685 426
5751 899 564 6403 460
5083 897 726 6787 409
5066 746 721 6805 484
5999 1174 559 7346 454
6121 1424 779 7404 415
5559 1339 582 7819 409
6498 905 801 7621 434
5560 1009 789 6269 409
4479 1032 573 6661 392
5326 750 791 6255 426
5047 724 528 6303 387
5300 628 536 6500 394
4360 881 643 6121 388
4788 993 567 6420 385
5333 893 678 6615 400
5243 1150 539 5349 427
5454 751 541 5608 410
5098 1110 631 6196 400
4661 1019 700 6361 513
4494 691 561 6557 416
5203 673 543 6116 396
5253 888 693 6145 397
5520 1080 647 6391 401
4405 693 670 6371 379
4621 784 717 6344 407
5082 738 539 6415 398
4768 758 547 6257 405
5230 853 612 6522 375
5085 934 675 6167 407
5053 986 630 6190 528
5085 802 678 5422 442
5303 954 547 5309 429
5068 1443 541 6373 418
4660 1047 787 6494 424
5082 880 540 6380 464
5188 968 543 6175 436
5686 1055 553 6912 432
4514 1132 608 7484 439
6881 613 774 6097 540
5371 731 796 6454 499
5859 1101 672 6456 492
5886 1004 1005 6502 500
6002 825 756 6795 469
5978 1506 725 7148 499
5782 1289 600 6037 478
4980 1316 700 7673 469
5143 971 746 7226 453
6012 1264 751 6714 447
5336 755 641 6553 443
6960 857 561 6119 483
5596 1066 885 7483 388
6090 1027 888 6300 388
7807 1234 674 9551 563
6077 926 704 8233 547
6331 1465 650 6975 551
5272 881 831 7017 427
5932 1323 727 6675 381
5035 1561 582 7099 352
5815 821 894 6998 382
5278 1146 644 6296 348
6238 1262 667 6645 443
4588 880 583 8022 377
5834 705 594 7843 433
5893 1018 875 7043 409
5382 1075 718 7397 500
5830 1049 817 7871 487
5786 905 690 6977 448
6106 1415 859 7009 437
5694 1035 703 7510 380
6790 603 632 6484 434
6416 772 767 7015 524
4580 844 616 6356 581
4993 976 829 6378 515
5061 649 663 6302 507
5463 921 728 6423 519
5413 1038 722 6564 536
5535 974 732 6660 534
5195 957 647 7209 519
4798 690 708 8791 537
8100 1313 1122 9357 826
8140 726 787 6253 661
5319 1024 752 7258 513
6207 1156 872 6825 602
5099 781 683 6731 498
6136 1167 732 6623 638
6579 991 781 6869 658
6251 1167 793 7991 512
6427 1260 931 6879 638
5071 1237 882 8429 587
6539 1049 911 7498 651
5926 1201 753 8029 617
5529 986 742 7105 653
6018 1062 864 7175 571
5360 853 606 6933 584
5154 1109 760 7516 579
5496 1156 771 7227 500
7082 1122 895 6525 625
5556 1119 730 8147 575
5572 958 746 7704 554
6213 883 680 8606 650
6122 921 762 7698 572
6257 906 730 7577 629
6146 1004 1091 7569 624
5006 936 674 6979 570
6580 657 739 7881 569
5865 760 689 6800 577
6024 962 694 7922 603
5351 706 703 6762 653
5595 1311 765 7427 578
5484 1244 808 7394 553
5411 921 682 7256 594
6338 1369 726 7659 682
6078 925 997 7835 651
5669 888 742 7543 631
5806 793 945 9241 558
5914 846 751 7997 855
5968 1158 700 7062 645
5375 798 649 7818 581
6926 1261 846 7588 703
5341 1014 723 7913 539
5713 766 677 7129 608
6160 1008 662 6024 673
5654 1141 841 7843 557
6908 1271 1081 7577 618
5439 1088 698 6776 595
5777 829 889 7554 684
5375 781 698 7276 582
5190 791 812 7027 664
6022 978 803 6560 612
5234 936 893 6556 643
6410 1060 885 7415 606
5376 1244 750 6767 627
6159 1115 813 7732 630
5251 904 953 7848 546
5943 665 844 7647 699
5553 876 719 7532 617
7033 897 889 8010 727
5204 865 794 8274 665
6254 1309 969 7207 638
6283 1104 739 7887 696
6230 1060 1033 7966 691
6304 1092 1003 6183 634
7640 1157 840 8718 604
6944 1094 665 6586 692
5392 993 788 8303 592
6024 860 986 9565 598
5224 1670 838 7054 582
6349 1035 1065 8262 694
6736 902 711 7903 598
6203 902 731 7472 837
6524 1889 1198 9168 579
7146 1308 955 7612 778
5225 1038 977 7488 724
5965 1083 841 7976 806
5909 952 704 7217 605
6297 1066 862 7682 673
5549 790 889 7065 570
5598 790 761 7164 709
5386 1202 901 7781 600
6600 974 932 8634 624
5244 1081 926 7979 710
6755 1291 772 7537 598
5912 1216 722 8518 710
6767 1014 678 6870 663
6295 1098 945 6308 601
5459 1278 963 7496 544
5975 1193 729 7524 611
4961 1032 802 7265 569
5891 829 626 7372 616
7081 936 836 6796 749
6134 1243 861 7031 581
5935 1152 849 7320 712
7308 1105 858 8074 599
6884 1144 831 8506 647
5444 1150 840 7729 599
6704 1127 862 7968 586
6838 879 786 6858 643
5665 935 816 8431 537
6178 1240 929 7521 737
6067 909 778 8846 489
5540 663 700 7312 536
6379 1207 922 6967 570
6055 1080 743 6618 624
6349 792 802 8466 683
5813 1101 819 7503 627
5853 901 855 6838 656
5462 1388 673 6775 649
5905 1113 808 8309 575
7334 1062 938 7241 601
6098 1313 801 7639 520
6342 949 676 7393 563
6047 926 1010 8128 500
5553 612 792 8329 500
5738 929 819 8783 555
6331 1008 825 8569 589
6286 1261 703 8040 584
6117 1347 813 8155 615
6543 764 849 8194 636
6409 943 699 7818 547
6457 729 720 8790 540
6209 777 630 7289 668
5451 1204 769 8997 652
6031 805 905 7374 635
6897 1030 1039 8919 630
6263 999 763 8264 523
5811 1250 822 11245 520
5756 976 942 10154 697
7093 1416 1048 9502 679
5731 918 857 7558 680
5179 1032 748 8287 580
6206 995 770 7473 736
6554 990 815 8845 583
5650 760 1073 9227 564
5742 792 711 8977 566
5907 924 821 8671 563
6188 800 1044 8481 631
6539 1626 761 7929 640
6948 1413 870 9120 633
6470 1007 1091 7932 714
5935 988 795 8416 628
6755 881 886 8040 632
4616 1204 715 7832 542
6122 966 788 7491 661
5230 1019 1084 7809 539
6496 845 683 7278 617
5238 1129 832 7697 591
5879 993 760 8489 550
6291 1190 915 8366 672
6626 1293 945 8242 684
5985 1167 742 8473 658
6297 1019 706 7842 662
6199 833 778 8459 614
6919 851 825 7624 628
5881 1402 853 7959 570
6401 1090 871 7510 680
5577 793 723 8631 546
6226 889 905 7629 666
6724 1141 1079 7551 606
6675 782 746 7899 668
6213 1086 842 8091 661
6255 790 848 8489 633
6885 984 845 9085 703
6075 934 842 8473 627
6707 900 798 8561 718
6413 757 863 7190 661
6966 1086 829 8087 588
6174 825 665 7530 690
4977 1037 726 8650 610
5943 1057 970 8630 547
5857 927 789 7589 704
5138 836 787 8409 601
6562 1201 794 8660 607
7051 1223 828 7918 681
6963 718 830 7890 703
6436 932 876 7805 664
5239 793 673 7842 532
5425 785 885 8155 619
5256 1215 818 8010 554
5934 1147 782 7714 604
5535 1019 717 8282 544
6251 1343 793 9040 645
6023 1090 823 8916 681
6715 1074 805 8272 714
6955 973 892 9150 756
7363 832 753 9171 684
6802 953 826 8858 613
6464 912 802 8667 699
5923 818 775 7240 717
5683 970 925 9119 546
