RIndependent Gonzalez BaselineGreedy Bottleneck FullyDynamic
1103 273 180 1470 108
1057 253 160 1464 121
1056 283 176 1452 116
1220 258 152 1755 114
1233 275 254 1879 152
1498 328 272 1964 131
1463 340 228 1947 152
1507 405 192 2008 144
1901 415 237 1767 140
1496 352 209 1840 114
1370 355 281 1967 110
1442 339 248 1773 134
1457 518 218 1834 122
1511 336 230 1747 130
1310 281 204 1765 107
1291 369 202 1707 108
1374 250 187 1652 105
1294 296 182 1585 104
1147 287 169 1513 93
1200 245 196 1645 100
1393 270 282 1918 126
1361 299 223 1903 102
1423 337 226 1695 109
1210 372 196 1653 102
1162 295 201 1627 105
1108 355 199 1672 93
1068 267 182 1455 94
1125 219 174 1567 95
1250 248 281 1852 105
1326 317 202 1884 126
1191 262 177 1750 110
1180 317 173 1703 116
1359 224 168 1527 109
1046 279 210 1544 91
1065 258 192 1661 110
1087 339 204 1910 110
1234 283 341 1854 113
1328 424 198 1631 112
1024 326 283 1729 93
1072 275 220 1831 106
1395 370 326 1699 105
1207 241 186 1729 113
1180 468 237 1910 119
1082 546 224 1815 110
1302 460 206 1724 112
1193 440 229 1997 123
1268 459 223 1844 121
1319 241 197 1708 100
1310 476 360 1727 122
1277 375 220 1884 122
1225 266 224 1808 120
1276 318 223 1960 118
1371 452 357 1972 108
1316 302 185 1796 124
1170 342 251 1737 124
1260 364 201 1967 108
1257 370 227 1757 125
1193 402 323 1778 114
1222 406 198 1739 105
1239 260 198 1794 110
1226 256 195 1902 108
1262 347 233 1965 115
1245 312 214 1805 134
1232 401 248 2018 135
1444 294 228 2012 131
1446 278 225 1749 139
1105 250 290 1950 119
1279 391 303 1973 135
1010 232 238 1690 101
990 352 209 1589 101
1027 363 210 1914 102
1215 358 251 1770 137
1124 284 330 1976 119
1293 240 270 1956 129
1121 376 227 1878 112
1257 385 199 2008 114
1047 202 193 1795 112
1100 423 218 1568 107
1061 254 231 1851 114
1480 364 277 2147 126
1278 385 241 1921 144
1159 418 288 2016 119
1271 343 233 1524 137
1007 276 200 1629 106
1093 427 223 1712 113
1093 448 206 1729 128
1118 331 238 2140 117
1143 252 218 1806 127
1076 280 222 1793 107
1210 478 261 1904 113
1106 372 248 1852 119
1414 457 220 2179 146
1216 456 238 2024 133
1213 367 260 1964 137
1378 278 253 2036 138
1344 402 261 2045 133
1249 363 239 1935 127
1345 483 251 2095 137
1330 318 224 1857 133
1563 315 262 2014 145
1248 268 228 1797 152
1236 489 274 1794 155
1259 412 285 2114 126
1172 446 239 2031 131
1208 225 303 2023 156
1182 313 256 2002 160
1199 413 241 2130 141
1044 284 240 2085 191
1306 433 245 1915 202
1252 447 261 1865 190
1375 253 259 1979 155
1323 423 312 1792 185
1364 377 226 1843 187
1242 316 218 1892 165
1460 355 306 2022 160
1390 417 221 1888 173
1256 350 201 1666 153
1150 286 202 1743 146
1065 302 238 1942 145
1462 258 223 1948 194
1140 397 253 1928 160
1192 491 279 2072 162
1296 321 201 1825 158
1265 315 245 1684 148
981 359 227 1788 145
1247 250 231 2121 161
1442 288 271 1935 202
1326 316 293 1823 189
1474 299 209 1746 170
1358 333 247 1804 149
1301 240 347 1922 150
1313 415 267 1945 180
1200 390 218 1797 170
1252 239 247 1809 146
1306 426 286 2054 202
1413 281 236 1896 194
1347 328 242 1880 172
1188 363 240 2005 159
1316 230 232 1846 207
1483 372 277 1992 165
1383 348 293 2049 168
1118 235 242 2173 201
1259 261 273 1850 164
1453 337 281 1903 183
1197 216 341 2070 193
1278 361 286 2131 196
1278 334 320 1932 190
1443 270 290 2008 228
1393 369 249 2121 191
1329 377 237 1966 188
1425 321 242 2129 221
1274 334 434 2236 222
1405 265 298 2045 195
1401 341 293 2076 192
1285 326 254 2165 187
1329 227 243 2101 208
1371 433 276 2229 189
1185 345 240 2002 209
1251 260 243 1932 196
1237 331 218 1713 176
1125 254 228 2088 187
1353 457 280 2144 202
1394 280 260 2057 193
1419 205 258 2062 196
1231 397 251 1824 196
1159 255 319 1831 174
1316 261 293 1851 205
1109 385 342 2336 198
1252 250 337 2469 234
1664 327 269 2407 272
1372 223 233 1887 223
1227 353 242 2025 214
1266 400 307 2179 220
1306 313 314 2119 224
1447 308 322 1899 226
1254 365 261 2068 213
1335 401 319 2068 222
1366 376 287 2325 210
1368 295 325 2653 213
1364 361 441 2762 219
1430 370 340 2362 225
1509 296 289 2454 271
1423 346 286 2133 257
1492 479 382 2363 262
1304 313 264 2557 250
1452 346 370 2197 237
1500 421 298 2624 223
1356 454 339 2300 227
1506 282 294 2238 247
1360 325 327 2470 227
1275 327 291 2153 202
1225 253 255 2115 217
1242 275 257 2234 230
1235 331 270 2062 212
1248 308 265 2359 225
1226 303 312 2136 224
1369 324 263 2344 261
1321 317 234 1977 232
1150 238 264 2035 199
1058 270 246 2490 199
1451 310 251 2612 235
1500 327 354 2345 265
1519 368 300 2355 249
1407 348 290 1920 221
1248 344 233 2133 210
1033 213 237 2105 209
1462 298 272 2203 237
1195 283 261 2191 232
1177 264 277 2376 235
1223 341 256 2094 243
1181 471 260 2124 217
1324 348 258 2216 231
1195 346 297 2373 228
1214 304 266 2144 255
1285 293 284 2607 227
1273 319 310 2616 260
1479 284 329 2580 225
1358 228 307 2539 246
1343 274 359 2857 242
1395 364 336 2483 247
1437 278 319 2448 242
1465 368 278 2481 249
1332 311 414 2659 226
1303 350 317 2622 257
1308 269 286 2746 244
1451 418 273 2708 242
1360 302 317 2451 241
1395 463 373 2339 230
1211 314 276 2351 211
1341 344 305 2585 210
1306 285 311 2268 212
1277 290 269 2713 230
1352 432 302 2633 240
1348 330 314 2461 233
1257 376 266 2612 224
1335 290 313 2394 220
1210 391 317 2269 197
1107 314 307 2139 192
1190 285 290 2656 201
1184 289 263 2449 240
1305 328 410 2532 241
1470 331 323 2399 273
1244 297 257 2285 245
1138 290 263 2206 218
1155 235 332 2622 227
1179 390 308 2651 276
1365 347 324 2607 256
1371 271 302 2262 280
1162 211 254 2255 215
1197 360 337 2610 216
1243 275 337 2742 221
1371 315 355 2299 263
1194 266 269 2556 224
1504 400 351 2520 237
1289 298 376 2631 269
1429 394 322 2698 269
1466 325 295 2395 265
1252 274 399 2761 222
1311 300 318 2487 264
1337 292 420 2700 268
1413 365 343 2659 266
1382 505 321 2637 230
1224 350 335 2726 223
1330 352 331 2815 253
1268 299 407 2719 223
1270 323 299 2797 234
1370 265 339 2728 275
1264 309 331 2505 281
1338 291 356 2681 263
1246 353 394 2433 227
1310 353 354 2487 290
1375 408 335 2657 297
1341 352 336 2859 265
1307 250 305 2407 262
1046 301 263 2236 225
1178 275 284 2768 235
1229 282 376 2444 287
1187 345 325 2530 255
1329 296 347 2473 311
1181 369 288 2196 229
1053 269 308 2405 226
1215 337 356 2752 311
1386 331 366 2440 298
1306 373 324 2571 247
1154 226 275 2391 226
1076 249 309 2517 234
1278 431 398 2759 250
1302 281 420 2466 288
1168 352 365 2759 228
1448 364 439 2807 261
1283 356 359 2675 254
1214 275 326 2546 250
1211 297 340 2668 279
1314 404 352 2908 304
1356 310 352 2711 325
1234 302 334 2734 285
1199 290 409 2837 351
1185 332 398 2880 282
1369 333 342 2956 320
1182 287 366 2461 270
1245 319 362 2949 272
1195 243 409 2857 257
1319 350 340 2850 279
1225 289 340 2515 255
1217 301 339 2579 269
1358 323 364 2840 273
1374 311 385 2700 279
1242 355 343 2652 270
1337 346 350 2385 327
1276 275 285 2657 226
1193 405 463 2427 226
1286 328 420 2919 269
1270 362 392 2692 318
1444 344 342 2898 264
