RIndependent Gonzalez BaselineGreedy Bottleneck Dynamic FullyDynamic ModifiedIncremental
43 85 54 45 63 54 53
41 153 55 42 63 54 61
45 67 55 43 63 53 62
42 75 53 36 63 53 59
41 77 55 43 63 53 55
45 114 53 44 63 53 52
45 92 55 48 63 53 52
41 80 55 45 63 53 60
41 77 55 46 63 53 54
44 121 55 40 63 53 51
44 121 53 37 63 53 49
45 103 55 44 63 53 41
42 139 53 37 63 53 51
39 170 53 45 63 53 60
42 82 55 42 63 53 53
42 63 55 45 63 53 47
39 79 53 43 63 52 55
39 78 52 42 63 52 47
38 56 52 43 63 52 59
46 218 52 45 63 52 62
41 116 52 41 63 52 62
42 77 52 38 63 52 60
41 81 52 45 63 52 54
44 53 52 39 63 52 52
49 115 52 41 63 52 49
43 72 52 43 63 52 44
42 91 52 37 63 52 59
41 62 52 50 63 52 57
40 58 52 38 63 52 53
42 79 52 40 63 52 61
49 61 52 39 63 52 57
42 69 52 36 63 52 58
38 74 50 44 309 50 63
40 111 50 46 309 50 53
38 62 50 36 309 50 39
41 97 50 45 309 50 61
45 67 50 38 309 50 61
39 65 50 38 309 50 55
38 54 50 45 309 50 53
37 71 49 37 309 49 41
41 52 49 39 309 49 48
37 64 49 34 309 49 50
39 120 49 41 309 49 50
39 112 49 31 309 49 52
39 74 49 39 309 49 59
38 106 49 45 309 49 63
40 60 49 43 309 49 58
41 84 49 39 309 49 39
41 157 49 36 309 49 53
39 103 49 33 309 49 61
42 63 49 41 309 49 52
42 74 49 38 309 49 61
41 68 49 38 309 49 55
42 121 49 41 309 49 46
38 56 49 39 309 49 45
38 138 48 36 309 47 50
40 59 47 41 304 47 56
33 60 47 34 304 47 60
35 161 47 34 304 47 48
38 76 47 34 304 47 59
42 59 47 41 304 47 56
42 65 47 35 304 47 47
38 58 47 37 304 47 49
39 110 47 34 304 47 54
34 49 47 39 304 47 61
37 83 47 40 304 47 55
41 88 47 34 304 47 63
38 76 47 43 304 47 53
39 52 47 44 304 47 55
39 55 47 41 304 47 63
39 39 47 39 304 47 63
34 142 47 37 304 47 42
36 43 47 36 304 47 48
37 74 47 37 304 47 63
39 92 47 37 304 47 55
39 79 47 41 304 47 57
37 92 47 36 304 47 54
34 62 47 40 304 47 52
37 48 47 39 304 47 42
42 79 47 38 304 47 49
38 114 47 39 304 47 39
37 119 47 42 304 47 46
37 80 47 37 304 47 59
39 88 47 36 304 47 58
38 59 47 39 304 47 62
39 56 47 35 304 47 63
35 75 47 45 304 47 60
43 43 47 35 304 47 53
37 57 47 32 304 47 44
41 59 47 41 304 47 48
39 134 47 38 304 47 63
38 107 47 38 304 47 39
36 81 47 40 304 47 40
34 75 47 39 304 47 56
38 96 47 33 304 47 43
36 119 47 40 304 47 38
38 71 47 35 304 47 62
39 77 47 35 304 47 42
34 114 47 36 304 47 58
39 77 47 39 304 47 62
40 147 47 40 304 47 55
40 54 47 34 304 47 60
35 50 47 38 304 47 63
36 70 47 37 304 47 50
39 148 47 38 304 47 61
36 66 47 35 304 47 57
39 45 47 36 304 47 48
38 57 47 40 304 47 54
39 100 47 36 304 47 57
37 48 47 43 304 47 47
40 88 47 38 304 47 63
37 85 47 35 304 47 54
34 51 47 37 304 47 48
34 56 47 39 304 47 46
37 121 47 36 304 47 57
37 51 47 36 304 47 62
39 59 47 35 304 47 61
37 74 47 35 304 47 59
42 63 47 37 304 47 42
39 54 47 41 304 47 43
35 67 47 36 304 47 42
37 85 47 36 304 47 62
35 70 47 40 304 47 44
39 86 47 38 304 47 56
45 93 47 38 304 47 54
40 66 47 34 304 47 49
36 78 47 37 304 47 56
37 59 47 41 304 47 54
36 70 47 33 304 47 57
37 44 47 38 304 47 62
33 76 47 38 304 47 49
41 107 47 33 304 47 44
34 110 47 41 304 47 56
36 55 47 46 304 47 52
36 59 47 38 304 47 60
38 54 47 36 304 47 40
36 63 47 40 304 47 55
38 83 47 45 304 47 42
43 86 47 45 304 47 63
43 71 47 41 304 47 58
39 101 47 36 304 47 52
34 162 46 37 304 46 54
41 69 46 36 304 46 45
40 86 46 38 304 46 63
39 69 46 35 304 46 37
38 85 46 40 304 46 59
45 80 46 39 304 46 39
41 118 46 36 304 46 46
33 95 46 42 304 46 60
33 85 46 37 304 46 49
34 65 46 38 304 46 56
38 123 46 40 304 46 47
36 75 46 40 304 46 61
38 69 46 42 304 46 58
35 40 46 40 304 46 45
36 136 46 37 304 46 58
38 74 46 34 304 46 54
35 64 46 41 304 46 56
36 229 46 38 304 46 62
38 76 46 39 304 46 59
43 107 46 38 304 46 59
42 125 46 39 304 46 48
34 134 46 36 304 46 52
42 88 46 37 304 46 38
36 60 46 41 304 46 61
34 143 46 33 304 46 62
40 61 46 35 304 46 48
37 108 46 37 304 46 54
38 57 46 33 304 46 56
34 73 46 33 304 45 38
34 66 45 38 304 45 54
33 97 45 43 304 45 56
42 185 45 39 304 45 63
40 74 45 34 304 45 50
38 89 45 40 304 45 53
41 82 45 37 304 45 61
36 53 45 33 304 45 45
36 77 45 35 304 45 59
37 39 45 34 304 45 56
38 76 45 38 304 45 62
34 58 45 40 304 45 55
39 48 45 37 304 45 56
35 57 45 30 304 45 50
38 70 45 35 304 45 56
34 167 45 41 304 45 58
37 85 45 36 304 45 61
34 57 45 39 304 45 63
37 64 45 40 304 45 59
37 84 44 36 304 44 43
35 91 44 32 304 44 52
37 53 44 39 304 44 62
36 71 44 41 304 44 63
35 73 44 39 304 44 61
36 82 44 32 304 44 62
34 63 44 35 304 44 61
35 75 44 38 304 44 58
36 128 44 39 304 44 56
37 44 44 39 304 44 58
33 76 44 36 304 44 46
41 86 44 33 304 44 45
36 60 43 37 304 43 48
33 114 43 34 304 43 56
33 69 43 39 304 43 60
37 76 43 36 304 43 60
37 236 43 40 304 43 51
36 81 42 28 304 42 56
28 91 42 28 304 42 62
30 96 42 29 304 42 56
33 60 42 33 304 42 46
34 105 42 33 304 42 53
31 87 41 33 304 41 41
34 46 41 30 304 41 56
32 37 41 33 304 41 40
34 83 41 30 304 41 45
33 44 41 34 304 41 44
31 63 41 34 304 41 48
33 62 41 28 304 41 46
32 120 41 37 304 41 56
33 100 41 35 304 41 51
38 74 41 28 304 41 39
35 49 41 35 304 41 45
37 52 41 33 304 41 45
36 120 41 33 304 41 53
31 55 41 33 304 41 42
32 119 41 37 304 41 57
34 223 41 34 304 41 50
35 149 41 31 304 41 44
32 41 41 34 304 41 63
32 49 41 36 304 41 60
30 116 41 38 304 41 59
34 48 41 33 304 41 59
30 84 41 37 304 41 55
32 88 41 34 304 41 50
32 53 41 39 304 41 63
38 58 41 28 304 41 63
33 48 41 30 304 41 52
28 48 41 38 304 41 60
36 107 41 37 304 41 41
28 78 41 36 304 41 42
31 88 41 35 304 41 58
35 102 41 37 304 41 41
28 88 41 33 304 41 58
36 69 41 29 304 41 46
34 88 41 33 304 41 39
29 68 41 34 304 41 59
32 88 41 30 304 41 48
38 57 41 37 304 41 51
28 96 41 35 304 41 57
31 73 41 33 304 41 61
37 51 41 29 304 41 49
34 51 41 33 304 41 45
31 54 41 28 304 41 61
30 63 41 37 304 41 60
35 121 41 31 304 41 49
35 65 41 29 304 41 47
33 60 41 35 304 41 54
32 67 41 31 304 41 60
31 83 41 35 304 41 54
37 53 41 37 304 41 59
33 190 40 35 299 40 59
31 59 40 34 298 40 60
32 41 40 33 297 40 47
33 101 40 30 296 40 55
31 53 40 31 296 40 58
29 93 40 31 293 40 51
28 77 40 33 293 40 47
33 90 40 31 293 40 57
30 56 37 29 273 37 43
30 63 37 28 273 37 62
32 45 37 31 273 37 56
29 72 37 29 273 37 42
31 84 37 29 269 36 41
31 135 35 31 256 35 38
27 53 31 28 226 31 41
27 44 31 27 226 31 60
24 62 31 26 226 31 61
24 50 31 31 225 31 63
31 223 31 27 225 31 59
27 70 31 24 225 31 58
29 123 31 27 225 31 62
23 44 27 25 186 27 41
27 48 27 26 186 27 57
23 46 27 25 186 27 44
26 123 35 23 186 27 44
23 35 27 27 186 27 54
25 134 32 20 186 27 53
23 60 34 22 185 27 53
21 110 26 24 184 26 50
27 57 35 25 183 26 49
22 70 35 23 183 26 51
23 54 35 27 183 26 49
23 38 35 25 182 26 38
23 31 26 25 182 26 45
22 141 26 21 182 26 42
21 68 35 25 182 26 43
