RIndependent Gonzalez BaselineGreedy Bottleneck Dynamic FullyDynamic ModifiedIncremental
1114 277 172 1384 17864 1131 5158
1276 264 171 1742 17678 1126 5213
1093 268 174 1420 18370 1147 5954
1086 255 174 1434 19473 1172 6785
1120 274 178 1464 24281 1793 9819
1276 524 184 1798 24239 1480 10660
1458 287 176 1856 22568 1290 9444
1241 303 191 1467 23010 1322 10345
1240 303 182 1463 24366 1425 11500
1209 258 182 1810 24643 1428 11960
1124 310 192 1511 25728 1526 14385
1170 336 183 1828 26973 1568 13808
1157 295 186 1459 27152 1723 14798
1357 365 203 1935 28236 1731 15248
1194 352 189 1855 29830 1826 22334
1359 303 194 1894 29658 1893 16653
1186 269 186 1532 31264 2050 18173
1407 256 190 1871 31402 2118 18383
1191 254 189 1916 32376 2433 19356
1167 304 196 1907 34227 2332 20115
1184 301 190 1933 33760 2448 20481
1366 274 190 1943 34297 2560 20923
1169 284 189 1843 35049 2698 21783
1162 301 187 1863 36963 2839 29015
1193 274 192 1994 37181 2973 23057
1196 239 193 1960 37435 3135 23866
1401 293 193 1886 38335 3299 24400
1219 358 193 1900 38803 3458 25087
1184 296 196 1662 37239 3635 25446
1504 263 224 1895 38012 3797 25972
1386 313 199 1972 38774 4020 26640
1225 272 201 1896 39515 4155 27599
1419 235 207 1834 41625 4357 29363
1410 265 201 1996 38099 4554 28578
1376 264 203 1891 37295 4769 28927
1494 280 202 1913 38043 4973 29620
1081 241 206 1992 38505 6680 35610
1797 541 210 2105 44072 5423 31181
1218 341 204 1929 40427 5850 35304
1525 301 208 2169 40958 6051 32949
1473 259 212 1689 40804 6320 32003
1233 309 270 1981 41369 6373 32856
1419 272 209 1983 42006 6617 33299
1165 224 208 1911 42574 6930 33360
1387 281 210 1941 43627 7237 34359
1402 269 228 1964 46503 7436 37384
1198 250 220 1927 45051 7724 35681
1221 236 217 1952 44863 8267 35471
1349 239 214 1645 46585 8332 36056
1496 274 222 1745 45807 8583 36158
1152 212 214 1650 45862 8909 36622
1284 309 217 1689 46376 9192 36703
1232 310 222 1634 46834 9518 37079
1189 253 219 1778 47512 9827 37636
1193 289 219 1688 47569 10182 37871
1171 280 219 1786 48364 10489 38107
1202 394 228 1928 48345 10856 38270
1247 275 239 1793 48849 11204 38749
1238 284 224 1755 50506 11574 39633
1184 340 224 1824 49933 11874 39187
1228 325 224 1684 50010 12298 39326
1183 255 224 1776 50703 12640 39885
1114 275 266 1670 50834 13124 40035
1181 315 227 1660 51254 13401 40303
1232 279 229 1839 55518 13849 44664
1234 366 264 1805 52594 14192 41017
1160 295 233 1740 52840 14872 41495
1140 270 233 1778 58029 15249 45782
1170 329 233 1776 54221 15460 42029
1253 193 236 1733 53943 15804 41672
1205 268 237 1715 53647 16267 41762
1205 251 235 1752 53942 16658 41954
1247 286 237 1737 54246 17187 41765
1076 282 238 1775 54480 17558 42051
1425 346 238 1793 54486 18053 42208
1392 213 240 1798 55334 14204 43565
1138 256 238 1909 59570 14277 42793
1471 275 242 1734 55655 14359 42371
1479 278 242 1739 55414 14554 42228
1342 438 239 1861 55740 14712 42475
1478 221 244 1822 56111 14910 42436
1521 192 246 1730 55964 15133 42484
1535 350 248 1752 56386 15362 42522
1228 263 247 1686 56498 16008 42768
1435 368 249 2118 57247 15855 42994
1480 193 282 1711 56583 16103 42362
1336 232 245 1774 57187 16466 42986
1388 210 251 1739 57450 16724 42760
1390 320 251 1897 57083 17091 42608
1489 234 256 1694 57258 17462 42519
1392 215 255 1747 62711 17883 50385
1441 260 254 1714 57886 18748 43810
1122 166 259 1769 58458 18603 42717
1270 268 257 1768 58146 18964 42378
1274 161 256 1814 57808 19186 42523
1381 284 255 1758 58083 19601 42232
1396 194 259 1708 58551 20244 42809
1162 212 258 1869 57465 20717 41273
1389 199 263 1976 57408 21226 41242
1113 194 260 1670 57402 21790 41463
1343 205 262 1865 57988 20393 41217
1119 394 261 1784 57383 20525 40893
1237 207 263 1975 57309 20900 40288
1292 198 271 2000 57780 20969 40370
1193 204 262 1890 57128 21231 40128
1188 393 269 1896 57322 21518 39666
1169 209 275 1840 57492 21874 39646
1113 171 269 2013 56751 22462 38981
1226 302 269 1843 57197 22693 39067
1232 293 270 1897 56761 23104 38645
1115 207 272 1902 56761 23616 37998
1270 302 275 1900 56825 24164 39194
1250 197 274 1861 57105 24752 37540
1305 198 276 2076 56946 23924 37178
1104 298 274 1861 55669 24194 36624
1256 189 275 1855 55588 28120 36672
1173 195 281 1977 56545 24979 36172
1139 195 283 1934 55785 25340 35548
1260 188 279 1846 54950 25623 34905
1331 164 282 1928 54569 26155 34523
1249 177 282 1925 54376 26047 33935
1273 187 279 1848 54156 26205 33615
1190 301 284 1867 53017 26551 32817
1269 194 289 1938 52890 26957 32333
1101 302 281 1900 52305 27653 31794
1278 180 292 1905 51414 27531 31172
1270 198 288 1871 50891 27790 30483
1216 188 285 1864 50183 28061 29859
1273 196 296 1907 53041 28686 32831
1292 315 293 2001 48857 28739 28517
1217 193 302 1905 48217 29172 27971
1195 194 292 1945 47343 29656 27163
1222 188 304 1929 46743 29879 26236
1208 194 296 1931 46448 30158 25956
1200 187 296 2021 45209 30382 24963
1233 192 313 1951 44205 30645 24022
1203 197 296 2047 43506 31030 23370
1322 188 314 1958 42890 31322 22740
1285 325 304 1969 41904 31655 21675
1283 193 301 1996 40850 31888 20766
1202 204 298 1940 40196 32252 20007
1213 190 303 2060 39389 32609 19153
1252 188 315 2059 38829 37552 18893
1212 190 305 1957 38633 33373 18070
1213 197 306 1943 37388 33608 16777
1324 188 316 1991 35754 33905 15389
1211 190 306 1955 34729 34237 14562
1220 192 307 1985 34020 34524 13662
1229 191 306 1978 32684 34738 12558
1211 187 308 1996 31680 34973 11499
1238 187 319 1993 29908 35504 9623
1205 190 311 2018 29549 35569 9436
1239 190 328 2017 29738 36259 9605
1223 188 309 1995 29758 36181 9626
1265 201 324 2012 30154 36671 9870
1222 193 312 1977 29624 36896 9547
1204 189 315 1997 29589 37220 9503
1219 195 310 2005 29845 37653 9779
1220 190 327 1988 29686 37954 9510
1221 191 329 2015 29752 37918 9605
1214 189 317 1995 29568 38475 9547
1213 189 315 1990 29626 38409 9545
1217 192 317 2001 29955 39130 9697
1216 188 322 1997 29653 39342 9483
1228 189 317 2033 29927 39532 9822
1225 192 317 2016 29936 41553 10465
1437 191 373 2272 33413 40438 10155
1215 189 322 2023 30858 41243 10104
1234 194 322 2024 30378 41145 10134
1220 194 329 2071 30549 41838 10102
1260 203 317 2025 31180 44093 10631
1234 197 320 2066 31199 41375 10411
1225 194 317 2019 30377 41798 9949
1216 199 317 2030 31196 42046 10359
1220 189 316 2032 30487 42020 9923
1224 187 320 2032 29672 42140 9614
1219 320 315 2031 29706 42718 9649
1250 192 321 2076 33753 42872 10071
1218 210 320 2119 30630 43244 9896
1222 196 317 2038 30410 42933 9914
1222 193 319 2038 29643 43418 9606
1250 191 323 2034 29760 43335 9651
1229 194 320 2046 29602 43941 9555
1217 191 320 2063 29616 43923 9504
1227 194 319 2054 29780 44250 9625
1219 192 320 2077 29842 44310 9717
1215 195 321 2075 29759 44679 9550
1220 188 323 2082 29606 44838 9575
1226 190 322 2101 30266 45084 9895
1229 193 327 2092 29809 44992 9650
1237 193 337 2105 29667 45542 9631
1220 195 320 2093 29756 45330 9571
1221 190 342 2176 29767 45801 9601
1222 322 327 2067 29615 46365 9557
1226 193 328 2262 29708 46816 9629
1247 311 327 2098 30378 46011 10273
1224 191 330 2126 29673 46259 9543
1232 195 326 2112 29666 46348 9552
1222 187 335 2080 29769 46698 9825
1223 189 326 2086 30503 46866 10148
1231 178 328 2091 30263 47076 9963
1229 235 328 2171 29697 46912 9543
1238 192 333 2103 29710 47422 9561
1227 200 327 2100 29706 47307 9609
1227 191 330 2102 29942 47602 9762
1233 192 335 2105 29711 47587 9519
1235 191 329 2305 29605 47874 9526
1229 196 334 2107 29705 47812 9582
1223 312 334 2198 29673 48210 9562
1232 192 333 2149 29962 51035 9791
1268 195 338 2937 32121 48890 10118
1242 194 333 2112 30445 48352 9957
1227 195 332 2114 30123 48737 9697
1281 189 333 2115 29838 48636 9568
1240 192 338 2130 29708 48877 9595
1222 191 333 2080 29744 49117 10159
1249 193 335 2149 30188 49162 9930
1233 192 344 2140 29874 48974 9833
1233 191 332 2148 29668 49527 9551
1229 195 343 2137 29629 49169 9535
1235 315 336 2133 30802 51263 10453
1229 191 337 2147 30321 49359 9948
1240 198 336 2135 29888 49739 9668
1232 191 338 2179 29746 49624 9622
1231 315 346 2153 29919 49894 9714
1233 195 335 2186 29666 49807 9561
1326 189 336 2162 30008 49992 9707
1235 191 337 2205 29663 50459 9600
1246 192 347 2201 30728 50469 9967
1232 191 348 2190 30054 50215 9776
1234 191 339 2218 30305 50550 9907
1234 195 340 2167 30106 50068 9919
1232 194 339 2238 29840 50408 9720
1244 193 345 2222 29686 50272 9571
1237 198 341 2226 29848 50522 9702
1230 190 342 2234 29814 50351 9608
1231 193 344 2224 29921 50591 9818
1226 193 340 2242 29681 50589 9542
1254 193 367 2271 30017 50787 9958
1235 192 346 2299 30049 50526 9780
1221 191 342 2318 29718 51381 9829
1238 199 344 2277 30590 51171 10062
1240 191 345 2257 31357 51078 10754
1231 193 364 2272 30564 51326 9870
1223 192 343 2255 29803 51616 9598
1230 192 378 2279 30788 50212 10666
1227 194 346 2280 29839 50514 9596
1231 205 347 2288 29924 50261 9777
1222 191 345 2318 29729 50400 9556
1233 206 344 2299 29780 50255 9559
1224 318 364 2311 29686 50651 9464
1251 201 346 2442 30391 50300 9991
1232 211 347 2328 30061 50871 9743
1236 193 371 2317 29890 50244 9767
1244 208 353 2338 29837 50441 9709
1244 191 369 2348 29926 50193 9601
1235 193 375 2361 29829 50372 9637
1239 219 349 2360 29734 50133 9701
1240 195 363 2356 29790 50230 9708
1242 210 353 2404 29947 49970 9685
1238 191 372 2320 30042 50240 9752
1229 203 351 2415 33310 49915 10117
1247 196 348 2380 30104 50283 9617
1231 220 352 2441 30111 49861 9885
1245 193 352 2346 30030 50091 9885
1231 212 352 2447 29862 49913 9687
1403 192 420 2415 30159 49855 9978
1236 204 351 2427 30141 49542 9982
1238 231 357 2356 29752 49665 9788
1244 287 370 2386 29805 49309 9645
1233 346 357 2369 29773 49529 9609
1241 191 376 2449 30459 49820 10326
1245 204 362 2391 30729 50624 10301
1269 194 398 2483 30488 49114 10125
1247 193 366 2372 30419 49427 12054
1255 198 354 2433 30444 49701 13844
1241 200 358 2379 30359 48995 10064
1249 217 358 2380 30227 48589 9962
1246 192 362 2465 29877 48772 9708
1241 194 357 2383 29930 48433 9835
1388 195 427 2400 30026 48549 9791
1232 199 360 2466 29979 48570 9913
1242 197 362 2397 30186 48337 9963
1393 194 427 2497 29893 47959 9777
1239 200 362 2532 29971 48132 9828
1242 235 361 2513 30078 48690 9896
1305 195 367 2469 30631 47913 10111
1244 263 360 2455 29895 47482 9698
1253 215 363 2620 30029 47824 17078
1243 230 363 2602 30214 47318 9917
1263 191 419 2563 30197 47817 9791
1235 221 362 2592 31583 47400 14805
1255 195 362 2567 36575 49960 10403
1237 195 393 2455 30678 46912 10149
1241 375 372 2601 30486 46818 10038
1238 246 360 2766 29933 46566 9888
1243 214 361 2526 30225 46871 9905
1250 264 365 2551 29973 46023 9858
1320 193 461 2377 30319 46534 10133
1242 251 357 2578 30216 46890 10164
1282 194 375 2365 30424 47137 9760
1238 198 363 2356 29888 47069 9695
1241 317 364 2389 32758 47917 13112
1249 196 365 2377 30623 47812 9992
1248 195 361 2341 31658 48453 9926
1369 211 370 2461 44372 75926 14332
4510 398 1429 9662 68595 107028 20237
1282 205 947 2689 46270 55301 16504
1256 196 365 2400 38427 50325 10344
1253 256 376 2393 32687 50695 10409
1257 211 384 2485 39038 53436 15299
1250 197 368 2465 37574 75532 14142
1264 198 377 2414 33763 68139 10723
1285 202 372 3713 32531 50629 10570
1244 196 367 2378 33741 52690 10336
1374 324 366 2394 32936 69393 13275
1946 246 381 5173 41526 54121 10930
1387 202 378 2417 39886 65138 11259
1519 397 386 3097 42398 60719 10915
2070 557 382 2502 33389 61824 11404
1245 198 369 2383 30695 52389 10273
1270 196 370 2408 36071 52863 11911
1253 194 375 2410 31416 53173 10024
1250 194 369 2418 30595 53142 10014
1254 197 372 2402 31274 54015 10104
1260 194 371 2430 30597 54493 10020
1257 196 372 2426 30623 54040 10048
1390 202 376 2410 30310 54655 9899
1315 219 384 2739 33616 61422 10853
1262 630 390 2457 34095 95288 12276
1264 198 418 2448 31367 56908 10633
1282 201 379 2536 31123 56207 10646
1332 201 399 2631 32913 95622 15019
1480 457 846 11308 46838 74942 12005
1503 198 483 2633 35119 56711 10293
1288 327 385 2421 31487 55768 10122
1248 195 371 2398 30092 56232 9793
1259 197 380 2398 30211 57358 10486
1409 205 379 2395 33143 63928 10511
1339 207 385 3160 37592 68332 10499
1255 196 379 2449 30681 58516 10276
1259 199 377 2432 30829 57757 10199
1258 196 377 2401 30450 59558 10532
1264 199 389 2413 31937 57851 11214
1291 199 381 2441 32096 60634 10640
1256 197 386 2411 32357 57496 10161
1261 199 380 2422 30410 57878 10123
1257 198 377 2435 30200 57749 10006
1258 198 385 2416 30182 61294 10432
1255 198 384 2419 30651 58148 10451
1247 198 381 2418 31081 58414 10531
1268 196 380 2429 30586 58595 10005
1227 197 396 2464 30753 59069 11363
1249 322 380 2434 30504 58762 10180
1250 194 386 2450 30099 62574 11006
1277 203 382 2454 31002 59691 10216
1295 201 388 2471 30704 59754 10160
1265 220 455 2531 35063 74287 12252
1338 204 391 2544 44642 74048 11359
1366 198 387 2447 36472 59905 10772
1257 196 383 2455 30543 60014 10083
1253 194 388 2447 29967 60394 9816
1277 207 411 2488 31206 63649 10315
1283 202 385 3029 35160 63392 11427
1262 199 384 2465 30775 63870 10089
1301 203 468 2691 37833 64137 11408
1665 202 393 2674 35018 62726 10675
1557 203 389 2508 34216 66405 13714
1294 204 390 2517 39742 64745 10718
1383 212 468 2755 37383 62209 12187
1353 328 419 2490 30599 61502 10105
1255 199 385 2485 30116 60998 9976
1259 198 391 2470 30260 63640 10005
1333 332 386 2475 30984 63121 11064
1262 199 389 2543 30831 61640 10400
1261 196 388 2479 30287 61174 9920
1249 181 390 2496 31987 69407 16841
1262 190 396 2653 32376 64098 10419
1376 198 403 4897 32768 70948 10548
1337 267 404 2589 42073 67420 10637
1320 200 394 3343 31389 65168 11182
1279 198 395 2573 30827 64237 10305
1265 198 393 2579 31180 63815 10407
1453 208 399 2621 33072 63422 11875
1263 199 392 2572 31375 64241 10477
1307 192 397 2515 30990 64489 11332
1282 196 432 2563 78932 120934 47859
2500 207 398 2746 43606 72719 29254
1283 336 394 2527 31800 63255 11027
1259 270 392 2547 30716 62491 10214
1270 196 397 2527 31264 63371 10651
1271 197 393 2527 31031 63232 10504
1262 196 399 2512 30257 63480 10061
1268 199 397 2542 32049 61562 11365
1267 212 400 2558 30344 61776 10019
1251 199 400 2584 30534 61797 10341
1257 322 399 2561 34232 61870 10392
1261 194 400 2530 30545 67160 10228
1290 201 417 2675 44481 76669 22884
1327 328 407 2753 33640 67949 10694
1284 203 403 2617 30717 61792 10331
1258 199 398 2566 30433 61460 10133
1255 198 401 2570 30289 61401 10072
1261 195 406 2563 30735 61400 10031
1295 1732 401 2579 30612 70969 10215
1961 344 745 3073 44581 62276 11904
1264 202 404 2589 30769 61337 10183
1259 197 403 2574 30157 61648 9955
1268 200 404 2621 30813 61722 10336
1250 213 425 2591 30373 61281 10005
1266 195 414 2560 30294 61240 9950
1262 194 401 2585 30534 61296 10383
1263 202 405 2578 30432 61372 10142
1270 198 410 2588 30580 63927 10067
1457 383 516 3824 32170 61220 10328
1263 199 404 2613 30569 60523 10119
1268 203 407 2607 30045 60665 9798
1265 202 407 2614 30399 60375 9990
1252 196 405 2628 30414 60471 10018
1265 195 403 2618 30406 60208 10011
1264 195 409 2613 30031 60243 9811
1267 195 403 2615 30072 60256 10031
1264 207 407 2608 30219 60572 10101
1276 198 418 2612 32867 60363 11048
1275 197 429 2640 30871 59999 10359
1272 216 406 2623 30463 59561 10168
1261 200 406 2630 30256 59730 10020
1260 196 405 2644 30241 59287 9972
1267 329 410 2628 30073 59435 10067
1267 197 405 2642 30926 60428 10265
1349 225 416 2648 30682 59176 10179
1265 195 410 2625 30383 60734 10393
1271 207 410 2669 31494 58976 10433
1278 197 410 2651 30598 58526 10231
1258 195 410 2646 30230 58573 9984
1263 199 409 2659 30337 58126 9931
1267 197 413 2640 30002 58169 9878
1265 205 412 2666 30410 57973 10176
1266 186 409 2660 30287 58038 10134
1263 201 413 2671 30462 57953 10169
1267 193 409 2666 30447 57773 10061
1264 200 412 2686 30856 57787 10188
1280 199 411 2679 30550 57450 10059
1273 203 413 2685 30404 57112 10077
1265 204 488 2679 30731 57167 10170
1288 198 414 2655 30188 57840 10002
1262 204 409 2709 30989 56286 10322
1260 203 409 2690 30255 56549 9971
1265 213 411 2693 30715 56651 10366
1304 191 419 2728 30349 56785 9952
1267 198 413 2716 30656 57288 10458
1275 324 413 2669 30234 58126 10004
1271 194 437 2727 30325 57761 14191
1264 331 411 2705 37427 58754 16911
1287 199 417 2697 30598 58058 10259
1279 206 414 2696 29862 59062 9689
1271 199 419 2693 30025 58834 9862
1274 198 431 2699 32704 58890 9923
1266 202 415 2709 29944 59782 9814
1278 203 413 2841 32078 79094 10347
1288 202 418 2707 38499 70209 10520
1273 198 441 2705 30904 60327 10111
1268 200 417 2715 30611 60536 10106
1275 204 419 2702 30462 61118 10098
1267 198 417 2721 33076 61262 10433
1273 204 421 2705 30483 61359 10130
1271 204 424 2704 30872 61543 10328
1261 196 421 2711 31337 61853 10050
1317 202 439 2869 33012 75518 11575
1458 333 438 2861 36721 72127 11628
1284 202 549 2781 35166 63422 10564
1301 200 434 2839 31734 67282 10397
1283 197 422 2800 32545 63854 10937
1280 330 421 2819 54908 85399 11581
1394 200 429 2845 32890 63645 10603
1459 200 424 2765 30604 64429 10070
1272 213 423 2747 30681 64398 10335
1276 211 422 2808 30720 64404 10211
1276 212 425 2763 30286 64713 9993
1277 199 426 2760 30435 64599 10092
1291 203 424 2798 36166 65594 10662
1290 205 422 2771 30636 64805 10147
1290 199 428 2798 30283 65344 9991
1278 330 427 2786 30530 65309 10089
1269 200 432 2792 30344 68852 10071
1291 322 426 2801 30877 66448 11791
1301 330 432 2940 30682 66168 10210
1289 240 428 2783 30314 66200 9941
1307 334 441 2793 30320 67184 9985
1303 199 426 2824 31782 67997 10504
1279 202 433 2807 32335 68724 10698
1292 326 426 2815 30437 66917 10201
1323 205 435 2871 31121 75707 10464
1375 205 440 2874 36897 67100 10498
1272 203 428 2798 30577 67632 10122
1286 200 430 2809 30466 67608 12115
1295 202 435 2817 34169 67801 10402
1280 324 447 2890 30607 67758 10183
1279 202 429 2798 30125 67902 10020
1280 230 433 2815 30187 68420 9791
1308 203 453 2819 30406 68507 10118
1294 208 432 2862 30421 68678 9946
1286 241 458 2865 30937 68837 10144
1287 203 432 2845 30268 69016 9838
1283 258 434 2809 30620 69061 10220
1283 200 457 2807 30078 68834 9898
1282 200 432 2818 31664 69162 9903
1278 201 433 2832 30180 69221 9972
1277 199 432 2842 30414 69277 10221
1279 197 436 2834 30147 69615 9815
1281 195 439 2865 32295 70295 10259
1291 222 435 2861 30988 69740 10202
1284 324 440 2837 30437 69939 10116
1279 201 439 2835 29894 70067 9719
1283 197 435 2829 30158 70210 10405
1280 198 441 2841 30147 70600 9876
1276 207 438 2851 30428 70489 10106
1278 201 444 2896 30090 70217 9676
1276 328 437 2879 30005 70909 9773
1284 202 440 2884 30450 70550 10055
1281 205 438 2869 30224 70974 9944
1372 210 443 2880 30220 70736 9924
1289 272 439 2877 30429 71444 10040
1284 205 442 2885 30489 70820 10097
1292 202 440 2885 30540 71126 10138
1281 213 438 2888 30477 71226 10055
1284 329 441 2887 30598 71558 10123
1288 215 445 2880 30603 70974 10109
1296 205 438 2903 30426 71166 10178
1289 198 459 2878 30271 71156 10129
1281 200 443 2887 30376 71301 10124
1285 201 446 2878 30398 71052 10057
1287 202 443 2906 30328 71467 10059
1292 200 444 2900 30482 71209 10093
1282 210 447 2902 30665 73841 10018
1395 284 461 2991 38225 72124 10313
1317 218 451 2968 30885 71745 11042
1308 203 448 2924 31648 71919 11236
1298 202 473 3007 33827 73586 10322
1421 204 489 3008 30743 72915 10394
1289 201 448 3007 31925 71664 11305
1393 199 445 3002 30327 71253 10061
1285 201 471 2954 30462 71625 10099
1303 331 454 3045 31338 71440 10251
1302 203 451 3005 31768 71445 10345
1291 336 475 2967 30623 71244 10290
1297 207 453 2994 30792 71257 10222
1301 200 456 2968 30549 71375 10166
1293 303 451 2973 30505 71508 10252
1294 363 455 3009 30397 70926 10034
1292 319 452 2975 29946 72753 9818
1316 230 471 2993 31800 71232 10816
1306 199 455 3053 31315 73175 10424
1318 224 453 3081 30579 71065 10211
1448 201 486 3158 31626 73916 10740
1402 204 505 3240 50397 72405 11012
1310 219 483 3092 31001 87306 10541
1457 210 467 3066 31874 79008 12736
1426 222 490 3467 38479 94028 12575
1330 211 459 3972 33212 77691 10485
1320 207 454 3086 37900 78467 13457
1300 326 507 3038 31819 70412 10382
1300 204 458 2992 30572 70158 10118
1291 202 455 3253 30252 70186 10203
1289 324 456 2987 30755 69409 10425
1295 200 457 2992 32078 69592 10525
1330 201 459 2972 30720 71104 10266
1330 257 461 3023 31672 68839 10430
1293 201 457 3018 30449 68924 10219
1294 336 458 3124 63298 88448 12805
2530 741 670 4816 35141 84613 11171
2604 581 775 5538 62602 71899 11876
1523 320 528 3223 33965 71820 12219
1393 358 505 3022 32406 69773 10643
1310 206 503 3154 33651 68882 10945
1311 221 488 3038 31746 67575 10586
1299 201 458 3023 30994 67167 10315
1301 204 460 3026 30677 68166 10278
1337 187 494 3034 30903 66658 10490
1293 206 459 3038 30636 67081 10250
1370 205 480 3064 31003 66768 12166
1394 202 466 3037 30936 66190 10342
1335 206 491 3019 35636 70747 10860
1354 221 490 3022 31973 66234 10494
1379 203 469 3071 31920 67241 10868
1334 332 468 3033 30980 66588 10421
1301 203 464 3047 31420 66244 10901
1312 205 463 3137 31393 65192 10681
1395 204 462 3083 33256 65440 10283
1302 331 464 3027 30580 66287 10072
1298 202 462 3020 30291 67579 10148
1297 201 461 3042 31560 68076 10612
1413 214 459 3158 31503 67840 10227
1309 204 462 3062 30199 66763 9873
1404 201 464 3074 30909 67351 10041
1364 205 462 3038 30647 67958 10061
1295 202 465 3080 30371 68984 10487
1313 306 462 3219 31212 69453 10281
1312 205 467 3332 31186 69080 10596
2413 211 475 3137 34787 69921 10316
1368 223 492 3068 30782 70254 9902
1295 212 487 3041 31253 70920 10494
1331 204 471 3252 33902 70057 10226
1312 206 465 3002 30661 70849 10150
1390 219 471 3018 32044 71211 10449
1357 211 487 3106 30760 71311 10038
1317 205 463 2993 30400 72029 9874
1315 210 472 3035 37136 72274 10158
1676 218 497 3013 31448 72590 10086
1306 211 467 3025 30553 71900 10171
1306 330 469 3015 30923 72837 10530
1303 330 474 3174 30842 74671 10296
1301 204 468 3010 30960 72383 10074
1628 223 476 3027 30406 72976 9911
1306 210 490 3099 30516 73730 10069
1319 339 472 3028 30681 82324 10215
1330 207 478 3033 31155 73299 10003
1301 337 479 3027 30177 74114 9872
1306 203 474 3022 30347 74070 10001
1305 201 474 3046 30358 73804 9931
1300 205 470 3034 29786 74468 9658
1359 209 487 3039 29868 75500 9723
1310 201 473 3039 30432 75861 9855
1351 211 487 3042 31270 75013 10154
1342 206 476 3058 30004 75442 9610
1324 203 476 3048 30362 75638 9805
1332 229 503 3081 30086 75762 9602
1304 205 474 3049 29947 76098 9848
1309 203 475 3051 29848 76415 9604
1310 204 479 3068 30272 77294 9815
1309 202 474 3196 29970 78334 9693
1315 204 479 3074 31219 78064 9999
1462 212 496 3171 30508 78839 10185
1353 345 492 3079 30221 78670 9684
1349 209 493 3184 30649 78123 10144
1304 206 477 3107 30308 77982 9928
1354 211 500 3182 29813 78187 9859
1336 209 489 3180 30026 78432 9633
1303 199 478 3074 30065 78836 11884
1313 207 481 3074 30311 78415 9944
1305 332 479 3081 30122 78280 9593
1319 209 496 3143 29792 78293 9535
1304 202 486 3197 30033 79308 9589
1315 251 482 3103 30156 78961 9941
1315 204 484 3097 30073 78830 9735
1307 336 481 3285 29858 79168 9656
1310 202 485 3099 29949 79460 9703
1308 335 479 3101 30583 79370 9909
1305 330 483 3099 29859 79585 9594
1310 203 482 3337 31875 80080 10596
1308 334 479 3142 30407 85214 9881
1394 216 496 3333 33495 81213 10710
1334 216 615 3146 31902 80704 10295
1304 205 483 3160 30818 81516 10142
1352 209 496 3234 38298 82631 10622
1318 223 487 3179 30760 82174 10147
1318 205 490 3362 31819 81485 10269
1314 331 486 3635 30598 82019 10068
1414 205 483 3141 30731 81068 10067
1317 207 485 3133 30337 84361 9936
1317 269 486 3206 31086 81857 10101
1319 342 488 3141 30508 83868 11214
1358 205 495 3166 30557 81229 10223
1322 206 487 3145 30056 81134 9776
1314 204 488 3152 30082 82048 9860
1305 207 507 3168 30542 83244 9919
1317 205 491 3153 30935 81677 10129
1346 204 490 3238 30655 94722 10277
1324 205 488 3150 30749 82229 10155
1335 351 509 3243 31763 81924 10226
1304 205 495 3199 30247 81675 9994
1310 289 487 3196 30138 81869 9992
1320 206 490 3191 30257 81619 9841
1314 205 489 3198 34678 82119 10032
1322 207 494 3204 30280 81730 9873
1312 204 500 3206 30553 89269 10126
1357 214 507 3254 30737 87731 10089
1357 350 491 3220 30591 82871 10232
1314 208 491 3245 30477 82299 10093
1313 206 493 3213 31047 83202 10069
1308 205 491 3238 30593 84530 10060
1360 214 513 3247 30864 82393 10259
1307 208 491 3240 30474 81902 10042
1325 220 493 3224 30716 81406 10082
1347 219 514 3296 34120 79239 12673
1321 209 498 3215 30610 79472 10081
1336 207 497 3257 30071 78920 9774
1326 206 496 3253 30035 78812 9854
1317 208 498 3255 29953 79886 9717
1316 333 500 3323 30469 81010 9964
1324 206 497 3246 30443 79082 10190
1322 204 501 3241 31491 80644 10237
1322 337 512 3252 30754 79351 10224
1306 347 498 3271 30337 79397 10019
1334 339 501 3384 30574 79668 10104
1341 206 521 3324 30133 78978 9827
1326 206 514 3348 30154 79072 9832
1317 213 499 3264 30054 78431 9907
1315 204 498 3255 29949 79002 9817
1321 342 515 3263 32025 81832 12991
1357 340 504 3294 30557 78208 10024
1315 335 503 3261 29939 78188 9667
1315 206 502 3276 29892 78167 9627
1330 205 497 3283 29992 78374 9889
1354 205 502 3295 30188 78143 9983
1337 206 505 3275 30016 77003 9950
1318 207 500 3274 29944 76778 9772
1337 205 501 3282 30359 76704 9925
1316 207 515 3319 30133 77017 9843
1334 209 507 3291 30323 76719 10058
1353 210 507 3323 30586 76381 10016
1329 207 502 3275 30394 84434 9990
1412 354 556 3374 35525 78062 11113
1524 207 508 3278 31910 77205 10530
1365 357 539 3411 34716 78940 10762
1336 210 508 3339 30891 74963 13730
1328 205 510 3299 30677 74823 10245
1336 206 503 3300 30665 74391 10181
1317 207 506 3285 30439 80003 10072
1358 285 555 3328 32349 77159 10727
1491 217 516 3410 32837 76566 10632
1338 208 521 3614 32310 78458 11217
1515 210 514 3676 38334 87639 13209
1633 447 651 3836 34873 81556 25880
1401 208 534 3369 31719 74919 10847
1332 233 526 3599 31351 75833 10528
1339 207 516 3317 32211 74581 10689
1414 209 527 3381 31478 75216 10729
1419 215 528 3292 30860 73056 10266
1351 207 509 3307 30825 74033 10339
1345 336 507 3299 30854 78097 10212
1325 208 510 3298 31151 78421 10350
1337 219 509 3376 31558 77624 10721
1331 204 506 3305 31904 78931 10322
1340 207 505 3294 31057 79408 10576
1333 207 512 3287 30465 78630 10058
1374 211 506 3290 30365 79056 9966
1324 207 523 3422 30537 80976 10914
1380 214 527 3325 30971 86719 10531
1352 210 518 3519 31894 83805 10509
1336 338 595 3557 31716 83275 10569
1333 207 1016 3452 31615 82710 10598
1335 206 508 3469 30776 87285 11807
1344 208 515 3384 30531 80749 10119
1368 217 509 3392 30958 100395 10103
2105 368 924 3851 43705 89319 13083
2023 438 555 4410 35036 95641 11104
1383 376 515 3515 34396 97978 13386
1335 345 552 3399 30526 84642 10147
1335 210 512 3496 31297 83836 10515
1358 209 518 3373 30843 84050 10246
1373 215 532 3380 31030 89010 10176
1357 217 532 3533 31437 84663 11035
1348 208 514 3422 32390 84280 10242
1381 647 523 3768 31164 85703 10121
1331 216 535 3556 30964 85785 12437
1521 237 569 3454 30823 85810 10189
1334 207 527 3526 30614 85904 10149
1379 368 516 3419 31932 116679 16296
2227 298 1178 8312 48059 91950 10737
1386 423 522 3788 35005 97937 13719
1405 251 537 3578 36951 92801 10550
1366 232 530 3562 35577 86293 10757
1343 207 519 3391 30639 87265 10509
1440 343 518 3388 31895 129165 10302
1837 218 542 4536 31474 128078 10227
1641 620 1493 6970 31021 98420 10164
1391 209 530 3396 30516 89557 10115
1375 218 520 3485 30777 89349 10137
1377 349 542 3527 31803 89650 10333
1460 208 520 3528 31321 89521 10435
1484 215 554 3423 30985 90833 10080
1335 214 521 3516 31624 89942 10596
1597 337 519 3479 31148 90161 10974
1374 215 518 3419 31567 89225 10780
1340 214 523 3418 30514 88482 10153
1385 214 538 3458 30806 89188 10372
1382 216 543 3433 30792 90519 10320
1353 208 523 3495 31081 98200 10106
1632 256 608 4416 35683 103580 11865
1633 275 646 4210 36301 106596 11871
1635 245 671 4142 33701 89978 10354
1326 207 527 3612 30532 89493 10101
1331 341 525 3448 30690 91345 10183
1707 212 524 3518 31280 92370 10320
1350 345 530 4096 32029 92369 10190
1336 207 548 3503 31175 91579 10056
1337 208 529 3639 30899 91098 10222
1346 214 545 3590 30900 92563 10294
1453 381 547 3673 31102 92199 10412
1390 342 529 3517 31203 91921 10374
1396 209 528 3822 31913 91629 10296
1357 214 531 3494 30606 91501 10084
1341 335 535 3509 30879 93331 10403
1349 205 546 3645 30926 91937 12823
1334 209 530 3517 30435 93687 10003
1349 208 557 3576 30609 92310 10182
1380 205 533 3545 30803 92527 10115
1371 218 523 3556 30574 92451 10148
1365 212 528 3564 30815 94106 10159
1354 211 531 3550 30630 92536 10154
1345 371 538 3572 31358 93138 10755
1345 213 533 3537 30900 93074 10161
1342 207 534 3583 30794 93358 10180
1330 208 532 3559 30689 92793 10051
1437 276 532 3541 30713 95666 10162
1358 196 535 3549 37821 98671 10239
1361 218 548 3577 31289 94092 10289
1342 208 535 3567 33246 93958 10726
1349 210 538 3578 30813 93743 10298
1341 208 535 3611 30529 94199 10133
1344 370 529 3597 30860 93528 10216
1352 208 536 3603 30850 93888 10314
1342 214 535 3608 30675 93709 10135
1329 238 534 3604 30288 93540 9941
1334 209 535 3808 30234 94594 9949
1339 338 535 3590 30397 93731 10198
1333 226 554 3772 30608 95070 10274
1449 207 540 3604 30793 93748 10228
1334 207 537 3599 31359 94205 10266
1349 207 537 3619 30644 95323 10025
1439 212 562 3672 30797 96007 10208
1365 209 538 3645 30451 94267 10134
1335 208 540 3625 30173 93540 9987
1339 208 536 3664 32118 92135 11378
1348 339 545 3652 30553 95364 10309
1376 212 1462 4296 38008 92847 10225
1392 218 561 3690 31135 93783 10556
1369 210 543 3759 30899 93442 10392
1382 212 564 3676 30720 93291 10274
1381 213 562 3795 30390 93029 9938
1352 203 543 3695 30542 93674 9969
1388 340 543 3732 32339 117537 13421
2301 219 549 4858 39488 98016 13906
1379 237 560 4049 31256 98698 10434
1415 431 633 4657 37688 104812 13447
1360 210 555 4183 35171 106443 11085
1422 224 587 4125 32480 93326 10482
1398 225 565 3813 31706 96992 10534
1396 210 548 3786 30978 95928 10438
1661 346 541 3771 30959 92686 10263
1388 209 545 3859 30918 92415 10299
1355 210 546 3762 30851 93465 10227
1343 209 546 4129 31434 93217 10470
1338 215 566 3851 30724 94593 10054
1367 361 561 3755 32403 103160 10684
1724 501 570 4052 43997 92982 11248
1407 221 577 3797 31721 97908 10656
1393 348 564 3737 31467 92185 10316
1387 217 565 4052 31470 93958 10199
1514 219 568 3909 31629 92047 10274
1363 216 567 3861 30940 92147 10289
1346 206 547 3829 31126 91544 10543
1396 219 556 3891 31148 91191 10308
1366 225 564 3814 31225 91476 10427
1572 227 592 3889 31120 89237 10500
1336 375 587 3773 30583 89717 9983
1363 340 551 3912 32239 91124 10382
1390 213 568 3817 31143 90463 10250
1351 340 581 3922 31364 91896 11181
1405 217 556 3798 31122 89888 10431
1404 219 579 3902 30922 89670 10423
1370 216 567 3593 30603 88958 9989
1366 211 552 3537 30774 88429 10287
1351 234 572 3591 31077 89235 10394
1392 229 577 3662 31331 88576 10157
1403 219 572 3800 34202 88841 12541
1515 217 582 3548 31501 87803 10518
1350 208 571 3683 31383 86864 12287
1375 209 552 3655 30875 86646 10366
1383 216 567 3657 30597 92166 9970
1409 248 596 3783 31573 90166 10441
1344 213 548 3546 31270 88985 10469
1350 345 578 3887 31832 91462 10216
1345 212 553 3573 31495 88884 10244
1369 210 583 3563 30788 90920 10291
1397 340 554 3573 30602 90934 9926
1392 220 552 3582 33204 91506 10158
1380 213 573 3704 30447 90574 9792
1346 343 555 3578 30326 90607 9968
1347 208 555 3624 31251 91417 9914
1332 201 556 3570 29962 91766 9677
1340 210 554 3591 30022 91525 9817
1338 341 553 3580 30000 91877 10643
1341 209 556 3582 30343 92220 9689
1355 208 553 3606 30088 92330 9613
1336 202 558 3623 30257 93866 9887
1372 214 560 3839 31278 95390 10082
1408 355 581 3727 30832 94521 10106
1340 208 562 3603 30207 94648 9994
1368 212 556 3622 30401 94805 9825
1360 211 560 3608 30847 94701 10477
1413 214 558 3607 30753 95570 10217
1331 209 580 3742 30198 95622 9880
1366 220 590 3665 30805 95709 9954
1356 330 581 3724 30548 95434 9898
1424 339 563 3632 33092 101949 10887
1381 221 700 7448 36019 100628 10219
1535 533 884 4762 36993 99726 10818
1361 235 578 3665 30633 97585 10028
1388 218 583 3713 31024 98877 11935
1393 216 598 3739 31094 98679 10254
1391 337 559 3730 30848 98837 9960
1425 201 561 3765 30778 99370 10000
1459 214 581 3799 30309 99147 9841
1344 211 587 3974 30278 99183 9913
1349 209 562 3733 30891 101685 10061
1364 209 588 3783 31094 100616 10190
1479 277 609 3778 31102 99213 9968
1346 338 559 3720 30582 99347 10468
1354 336 565 3672 30520 100506 10061
1394 215 561 3703 30551 101153 10050
1354 210 562 3806 30491 101358 10020
1373 358 587 3719 30559 101878 10199
1365 215 588 3731 30951 105063 10141
2073 238 579 4963 37801 119392 11987
1744 216 585 3978 32692 106779 10751
1574 217 597 4017 34455 109695 12055
1361 251 664 3770 31512 102402 10443
1352 213 569 3851 30542 105547 10417
1367 215 567 3691 30517 103222 10084
1355 221 564 3698 30643 103818 10297
1350 212 574 3973 31315 103730 10026
1376 215 575 4705 40639 103146 11914
1408 225 575 3775 33573 104633 10356
1670 235 818 4939 50349 110584 11056
1419 368 593 3881 31863 107564 10458
1412 218 590 3869 30660 102831 10124
1349 209 572 3727 30135 103687 9906
1359 342 572 3910 30692 103363 9912
1350 218 572 3732 30842 104793 10415
1519 347 570 3733 30323 104985 9945
1413 349 598 4214 32346 108055 10724
1501 221 593 4194 31638 104799 10232
1401 219 594 3957 30796 105963 10076
1356 211 576 3858 30619 106131 10092
1375 342 577 3834 30715 106550 10109
1391 220 608 3796 30993 112893 10327
1460 358 737 5832 35538 120048 11416
1433 237 936 3994 34905 118175 11754
1850 364 632 4535 40773 123910 13082
1499 230 710 4641 35382 125777 12979
1450 224 763 3927 32605 109973 10718
1410 220 671 3921 31780 115292 10516
1533 375 618 4074 32992 110997 11194
1402 217 607 3957 31497 107116 10410
1360 344 577 3881 30675 107879 10040
1589 226 648 4490 34279 106485 10539
1346 209 591 3861 31087 107909 10154
1556 224 597 3905 32399 108787 10468
1423 210 581 3805 30767 106825 10298
1653 232 597 3984 31074 107037 10108
1374 286 583 3787 31238 107008 10187
1347 217 580 3765 30926 107176 10194
1421 222 598 3826 30874 107162 9991
1427 300 590 3958 31003 108088 10587
1403 214 582 3809 32138 115369 11490
1440 223 657 3941 31437 108481 10616
1417 220 600 3942 30625 107533 10389
1425 214 608 3878 30570 107534 10493
1429 216 591 3812 30911 108080 10048
1372 211 583 3815 31520 112115 10488
1393 223 611 3948 32838 114509 12266
1418 222 608 3972 31707 117832 10721
1414 218 606 3967 31882 108315 10520
1412 217 607 3847 32352 106029 11205
1365 210 584 3825 32868 105841 10155
1408 351 608 4075 30709 106588 10233
1388 215 601 3854 31364 107344 10519
1365 212 932 4097 31353 106845 10991
1382 215 582 3858 32045 106122 10452
1383 213 585 3924 33376 106173 10687
1369 210 598 3877 31132 106389 10198
1360 211 606 4019 31075 111313 10411
1372 346 586 3972 31247 109797 10805
1531 351 621 4021 34971 110720 10794
1450 460 619 4568 33522 112906 11004
1369 215 588 3951 32879 110230 10651
1470 227 608 4059 34630 107042 14045
1393 215 590 3900 31104 112976 10535
1467 225 621 4058 39970 112005 11256
1472 235 630 4157 32576 109929 10671
1478 244 610 4133 31960 108993 10676
1596 262 781 4005 32941 108095 10742
1415 360 612 4017 31269 105606 10413
1395 210 590 3905 31301 105722 10337
1439 218 611 3993 31486 111834 11107
1414 343 594 3935 31406 108615 13984
1427 218 617 4160 32700 107873 10810
1453 377 645 4278 34177 108882 11033
1725 383 621 4182 32117 108371 11438
1516 217 647 4095 32071 106532 13210
1368 218 594 4286 36738 106488 10932
1375 215 596 3928 31372 104527 10859
1407 348 597 3895 31350 105185 10418
1388 214 604 4007 32566 106093 10782
1531 221 617 4035 31002 105037 10545
1390 216 592 3901 31228 104198 10356
1431 251 626 4108 32829 116393 11069
1996 566 2138 5916 34272 104848 11179
1417 219 617 4062 33069 104843 10767
1434 217 614 4069 31571 101347 10753
1365 353 597 3926 31301 100978 10333
1353 211 621 4083 31746 100426 10457
1414 373 613 4076 31006 102507 10505
1462 222 623 4066 32236 101726 10658
1376 220 616 4048 31210 108412 10180
1425 220 620 4048 31768 101665 10660
1399 344 600 3925 31432 98050 10960
1359 211 601 3934 30955 102335 10390
1365 343 613 3974 31617 102161 10534
1414 223 617 4284 33062 103010 10600
1364 340 602 3948 31063 103051 10115
1387 218 622 4073 30501 102213 10150
1358 212 603 4047 30477 103009 10359
1416 347 624 4088 31823 101176 10573
1404 352 620 3942 30565 104659 9957
1577 224 626 4096 31654 112537 10291
1476 226 645 4097 31301 104428 10305
1399 219 620 4075 31228 103720 10377
1374 217 616 3956 30701 102849 10003
1358 211 601 4094 30672 103447 10142
1368 347 601 4063 30494 103746 9802
1365 203 619 3971 30406 105325 10036
1534 220 626 4044 30781 103932 9920
1373 214 623 4148 30416 104186 10161
1419 220 625 4107 30422 105877 9730
1543 383 621 4140 31504 106564 10224
1509 346 603 3994 30419 105384 9691
1377 212 605 4069 30253 107148 10106
1534 254 640 4186 34601 106862 10404
1412 220 616 4015 30593 105529 10289
1410 220 630 4104 30153 106226 9813
1361 342 605 3997 30166 106532 9630
1386 340 602 4029 30428 108385 9775
1358 213 606 4034 30837 128020 10390
1624 243 814 6135 34775 126966 11505
1500 239 687 4492 34076 118120 11095
1494 405 628 4190 44115 115644 11056
1466 229 652 4308 33219 117565 13130
1474 230 626 4246 31439 111805 10207
1514 220 629 4197 33868 114196 10742
1620 233 633 4163 31383 111194 10033
1438 344 638 4212 30617 112260 10248
1378 350 607 4087 31878 114006 10408
1377 214 610 4126 31004 112060 10162
1365 213 628 4207 31118 115022 11086
1424 224 632 4192 31780 113217 10423
1365 347 605 4095 30743 111913 10104
1411 218 622 4298 31089 111855 13675
1389 219 612 4167 30777 113071 9902
1426 220 629 4212 31235 112694 10022
1396 347 631 4102 30826 114137 9983
1449 381 636 4262 31769 132696 10482
1501 329 654 4568 32594 120633 10838
1544 309 743 4544 33830 121100 11614
1431 351 630 4255 31738 114661 10079
1619 224 632 4249 30737 116648 10086
1380 357 675 4399 33207 117714 10858
1420 213 632 4308 33351 114363 10493
1375 214 614 4282 30489 115873 10414
1377 215 608 4156 30882 114370 10114
1374 214 627 4248 31706 117789 10487
1356 216 614 4440 30687 114893 10396
1373 217 616 4445 29976 116982 9993
1444 220 637 4342 30722 117778 10332
1438 219 653 4492 31601 128407 11724
1455 220 619 4235 31015 116860 10319
1366 215 622 4158 30809 116029 10106
1388 222 666 4309 30954 116818 10467
1427 367 646 4430 32174 152317 10419
2141 253 674 4717 32840 119338 10554
1409 221 640 4415 30557 116297 9865
1386 341 621 4414 33370 119099 10905
1411 287 624 4305 30876 117727 10157
1476 342 619 4293 30746 117686 10000
1456 217 641 4313 31277 121423 11577
1378 215 616 4223 30906 118278 10085
1438 213 620 4257 30505 117863 10005
1362 210 619 4276 30288 117723 15246
1390 213 626 4316 31141 118046 10248
1380 343 622 4276 32201 117800 10186
1505 217 632 4353 31401 119549 12665
1389 212 622 4262 31113 119550 10391
1385 229 622 4325 30879 119995 10422
1384 341 620 4288 31098 118150 10713
1424 356 644 4429 30655 124429 10341
1502 226 749 4744 34112 134183 10908
1467 374 646 4967 32825 123684 11500
1437 355 646 4573 31776 123529 10516
1443 367 664 4641 32056 123146 10733
1458 217 631 4515 31064 120073 10169
1372 345 621 4492 30941 129253 10389
1451 225 747 5021 34799 119647 10660
1488 222 651 4473 30787 120992 10441
1395 212 631 4310 30694 121507 10448
1387 212 625 4328 31058 120321 10230
1574 211 626 4311 30574 121555 10160
1391 212 628 4352 32547 123545 11471
1424 211 625 4493 31075 120424 10477
1429 221 652 4443 30577 121425 10187
1382 214 633 4328 30712 120108 10265
1384 211 631 4327 31177 119926 10237
1400 213 628 4544 31311 124078 10762
1857 240 857 4545 32213 127120 10650
1435 357 653 4437 33010 121922 11711
1531 215 628 4274 31016 118715 10455
1371 217 632 4406 30623 119921 10287
1373 217 630 4384 34054 118807 10336
1394 344 642 11714 50689 122639 10536
1398 214 639 4287 30512 118835 10198
1390 213 632 4295 31614 118512 12708
1386 343 631 4332 30943 119152 10198
1372 213 635 4348 30680 143341 10132
1413 228 649 4467 33468 119957 10283
1374 219 682 4361 31179 119570 10806
1384 345 641 4365 30804 119873 10373
1419 224 632 4427 33464 121381 10347
1532 221 657 4506 31407 119718 10785
1427 224 656 4688 30627 136618 10202
1549 675 668 4551 44929 152572 13924
1511 227 729 4770 32590 124351 10929
1986 382 986 4560 31511 119275 10454
1587 356 806 4499 31337 182680 37497
1454 243 858 4621 49653 134225 19616
1490 231 727 4953 33240 127487 15882
1781 225 715 4507 32931 125834 10874
1856 302 1231 6077 35206 126710 11275
1494 345 687 4407 36187 132873 11471
1477 232 655 4398 32152 122567 10881
1443 360 656 4260 31445 135336 10444
1549 358 657 4244 32213 123874 11756
1446 352 655 4437 32518 120807 11014
1487 223 678 4491 32707 119307 12912
1445 249 641 4356 32431 131422 97760
1739 219 679 4114 38614 143901 12461
1449 384 678 4268 33007 129763 10853
1449 221 663 4590 37599 118976 10771
1383 217 641 4139 31011 114664 10201
1491 219 636 4132 30876 122316 10251
1446 231 663 4118 31105 114187 10289
1474 231 664 4272 31864 116759 10750
1377 227 690 4317 31592 115825 10363
1388 214 646 4136 31267 114598 10265
1428 352 664 4289 33743 127641 11005
1534 250 694 4517 36374 114913 10956
1410 346 639 4526 31547 113492 10452
1389 215 646 4156 31692 114536 10199
1525 340 642 4709 31439 114960 10813
1440 224 640 4156 31003 112255 10188
1385 218 644 4297 30624 135659 10373
7038 934 694 6212 40914 118776 11461
1471 372 676 4453 33506 123525 11140
1433 359 664 4330 31653 116705 10459
1383 212 642 4295 30611 116254 10123
1455 216 644 4495 31920 115333 10686
1440 222 642 4192 31536 116540 10269
1507 371 687 4336 31616 112427 10744
1431 223 670 4343 30999 112330 10062
1375 215 642 4198 30530 113003 9809
1534 217 642 4308 30980 112908 10165
1424 359 667 4186 30687 113823 9910
1385 222 678 4264 33413 118768 12818
1507 314 652 4282 30918 113918 10686
1387 213 644 4221 30528 114427 9872
1425 221 672 4224 30567 114714 9905
1428 219 664 4305 30095 114664 10133
1387 211 646 4230 30459 121787 9853
1429 378 680 4412 33300 117280 10291
1446 225 671 4378 31599 120589 10373
1514 379 697 4674 32105 203788 10635
1469 368 740 7260 42758 123111 13833
1461 366 690 4599 31800 119757 12275
1383 217 650 4239 30778 119408 10032
1401 353 648 4223 30915 117661 9992
1404 344 652 4227 30845 117937 9965
1431 224 669 4309 30271 118270 10140
1383 234 651 4231 30553 121337 9815
1398 345 662 4443 31002 118562 9983
1388 227 649 4229 30735 119439 9911
1553 226 647 4247 31998 121218 10596
1409 348 649 4274 30637 120398 10286
1415 213 650 4298 30762 121095 9949
1442 222 652 4324 31623 121638 9924
1425 344 648 4373 30630 122078 9967
1391 216 652 4248 30934 122461 10377
1452 224 687 4424 31762 127387 10644
1445 365 674 4405 31456 124202 10511
1409 226 676 4400 30141 122644 9868
1450 226 676 4269 31508 123446 10043
1440 226 680 4372 30339 123550 10170
1382 355 652 4274 30580 123708 10051
1444 366 680 4310 30829 125337 9977
1449 240 681 4535 31719 126605 12093
1482 225 715 4435 30891 124537 11050
1577 223 682 4284 30862 125204 10283
1395 225 680 4322 31039 125390 10705
1386 218 657 4419 30694 125125 10861
1393 221 656 4291 31503 125027 11178
1559 215 657 4297 30952 126245 10215
1435 349 658 4296 30721 126129 9995
1396 218 685 4454 30711 126327 10536
1433 360 678 4477 33693 131204 10532
1508 372 705 4667 32857 130078 10958
1436 222 680 4699 31480 128015 10372
1403 216 660 4326 30303 130707 10130
1662 385 688 4747 34113 126451 10357
1413 216 661 4325 31014 126936 13695
1396 340 686 4559 31005 130052 12587
1455 219 664 4466 30900 128134 10156
1436 216 660 4337 30573 128686 10241
1407 268 664 4376 31246 129800 10222
1407 354 662 4364 39556 133788 11697
1530 238 719 4588 32460 138928 10811
1664 236 714 4699 35064 143469 11141
1718 291 751 4885 35406 150026 13826
1514 233 712 4697 39301 138997 11091
1526 229 718 4693 32216 134021 10613
1499 302 718 4795 33769 147203 10931
1537 254 726 4693 32631 133596 10693
1445 226 706 4545 31612 136836 10591
1535 244 670 4602 31414 131788 10311
1366 214 662 4383 31433 136975 10192
1449 223 707 4551 31165 134573 10413
1463 228 685 4556 31241 134836 13341
1464 225 689 4491 31197 132818 10230
1470 228 691 4536 31957 138650 11410
1406 215 668 4670 32549 132063 10234
1403 217 668 4413 31149 134078 10352
1548 227 688 4532 31816 133473 10583
1397 229 688 4546 31140 133062 10598
1392 216 670 4638 31071 133728 14854
1414 216 674 4469 31374 134425 10277
1446 363 691 4546 31984 145859 12125
1583 437 720 4812 41976 143940 11142
1463 221 691 4553 31647 135544 10581
1579 363 704 4552 31469 132780 10323
1399 348 667 4544 31078 133146 10162
1395 224 693 4555 31039 133350 10331
1434 218 667 4414 30948 146868 10543
1468 364 700 4656 31839 135004 10640
1517 217 686 4418 30850 132822 10250
1463 220 690 4567 30814 136270 10347
1456 222 694 4589 31337 134505 10395
1446 223 701 4539 33959 137305 10412
1422 370 695 4530 31075 135698 10807
1408 219 677 4421 32344 132914 11693
1510 224 699 4583 31000 132925 10160
1393 218 676 4430 31583 136257 10163
1482 377 722 4642 32044 141105 10713
1512 373 727 4781 31736 135904 10720
1456 223 705 5029 32745 133357 14199
1457 216 675 4494 30930 132235 10155
1404 528 704 4644 34848 132671 10132
1454 224 699 4577 30804 132857 10107
1393 354 699 4673 30787 132427 9894
1457 213 679 4518 31185 132427 10159
1411 208 680 4515 30924 132183 10390
1415 223 700 4680 30854 135522 10147
2133 283 795 4571 30761 132292 10168
1420 224 701 4662 30719 132321 10045
1401 347 679 4573 35044 132526 10625
1402 346 681 4537 30933 131708 10383
1393 216 676 4577 31444 134357 12766
1419 227 700 4705 31076 135212 10295
1460 219 703 4692 32856 139503 11946
1464 224 706 4759 32898 136342 10788
1484 369 703 4807 31817 135665 10596
1460 224 702 4699 30820 131026 10505
1407 219 684 4545 33752 134113 10924
1836 390 721 4756 31910 135849 10883
1463 225 680 4563 36436 133263 11033
1484 374 708 4756 31947 134737 10656
1468 225 711 4704 31050 135375 10161
1422 338 684 4551 31845 136187 11367
1489 231 707 4809 32116 134364 11189
1508 222 712 4723 31115 131773 10540
1404 349 681 4610 34484 135945 11224
1467 357 703 4717 31928 131481 12175
1475 230 711 4695 31022 129283 10257
1466 227 768 4853 31989 138252 10565
1566 238 745 5002 32919 137876 10733
1464 225 708 4780 41808 151595 11288
1493 225 706 4867 32615 135751 10689
1478 227 712 4745 34374 134963 13462
1495 224 766 5767 33596 136218 10813
1481 224 713 4831 31889 134497 10576
1645 225 706 4800 32883 127908 11775
1403 338 683 4613 30847 133962 10406
1414 223 691 4623 31136 126325 10231
1396 215 688 4616 31193 124465 10419
1400 217 689 4704 39899 133634 10970
1466 225 713 4743 31859 150713 10464
1617 241 720 7071 37330 147596 11635
1518 262 765 5029 38248 261420 12236
2914 2101 1331 7539 62307 215736 27113
1665 387 757 5027 40089 168448 11687
8405 504 2371 12015 39931 174892 11482
1818 391 752 5941 34274 153274 16680
3190 241 749 5867 33266 131768 11594
1460 226 720 4744 31335 129019 10571
1397 352 687 4575 30729 130535 9947
1418 218 690 4597 30908 129111 10105
1408 226 724 4721 30483 129629 10170
1412 350 691 4575 30937 130688 10933
1417 216 692 4730 32480 131482 10386
1444 220 709 4562 31172 131759 10466
1421 217 694 4790 31194 129970 10542
1416 230 725 4739 30674 133412 10228
1654 393 721 4821 32501 193889 10990
1587 248 803 5397 32980 141813 11666
1525 240 748 4902 33332 139636 11291
1542 262 752 5084 35152 140830 11087
1528 232 749 4913 33431 250038 11508
6603 369 733 6401 48385 136654 11158
1956 362 1089 4725 31884 133057 10280
1429 359 697 4641 31238 134477 10520
1463 353 722 4750 32564 132991 10501
1441 219 706 4620 32779 137140 10342
1509 228 726 4763 31227 135185 10439
1445 227 728 4625 32231 147161 12540
1568 230 723 4788 32336 139966 10843
1543 234 750 4968 33371 148311 17336
2692 367 755 5065 37518 168738 12120
2025 266 915 9702 33799 147532 11198
1691 233 748 4962 32984 144584 10959
1496 230 732 4783 30872 136581 10357
1433 230 701 4862 31258 135936 11479
3201 219 701 4811 33514 272622 10599
1535 379 732 4923 61695 175786 19970
1792 604 1368 6979 35941 172504 23470
4684 716 2531 10438 46471 211789 14575
1666 364 733 9365 38929 172223 21785
1544 381 753 5688 36589 221374 13207
1642 237 2604 4945 55159 241005 28161
4230 947 2062 9681 54874 158904 12427
1502 389 1243 5150 34070 138546 13288
1490 221 714 4939 34148 140831 10772
1424 368 734 4814 31276 141555 10469
1586 221 710 4765 31595 142237 12454
1441 233 709 4702 34710 153389 13720
1487 220 715 4704 35855 141869 11545
1424 220 713 4700 31178 142255 11143
2413 348 718 4710 31630 163238 11840
2130 248 1099 8618 50715 191086 11419
1534 709 949 4947 32550 160788 11000
1599 229 733 4892 35556 152476 17025
1548 235 735 4970 31882 149972 12366
1496 422 802 7158 34858 167062 12668
1565 246 762 5049 39259 151667 11299
1874 254 804 5152 36605 169651 14220
1494 360 742 5901 32477 161568 11142
1716 239 831 6109 41398 176095 15598
3388 257 772 8935 45064 181017 18226
1517 232 758 6183 38625 162304 11807
2868 481 783 5536 37633 161532 11964
1643 246 935 6133 39844 164069 11301
1635 242 764 5087 37762 175241 15611
1705 232 876 6646 44319 161215 25058
2273 243 750 4912 34822 147924 12053
1484 220 710 4762 30810 145502 10487
1483 362 741 4950 33200 157469 10940
1512 227 767 4914 32215 148624 10678
1482 232 728 4739 31447 143335 10245
1473 229 742 4763 31993 143773 10387
1452 356 731 4807 31670 149432 10977
1585 246 774 4999 32637 153944 11155
1533 232 788 5030 32858 162057 14225
1671 408 748 4940 39702 162386 10996
1571 244 768 5121 33933 149182 11198
1498 226 741 4931 34507 144157 11764
1525 222 723 4852 33879 145214 10974
1436 217 739 4839 31319 150276 10481
