RIndependent Gonzalez BaselineGreedy Bottleneck Dynamic FullyDynamic ModifiedIncremental
4570 817 471 5272 502395 4493 38895
6185 914 613 6381 514524 3028 30863
4558 765 513 5495 517000 3946 46035
4659 688 472 5399 495289 4895 31420
4851 833 555 5868 492678 3789 31853
4621 907 475 5215 496536 4801 31887
4763 666 493 5440 566632 4752 35249
4225 1000 668 7146 504023 4120 25653
4249 827 473 5348 493987 3846 25071
4545 753 469 5258 536658 6481 32115
4824 696 538 4554 506804 6581 26240
5126 724 513 5609 494402 4702 28091
4578 763 476 5357 498467 6491 29942
4322 891 502 5529 529173 7288 37316
4713 732 494 5432 498454 8189 28846
4197 642 483 4729 565126 7747 29342
4973 708 535 5424 564063 9233 62118
4220 872 490 5379 569087 8776 89475
5054 899 543 8482 525802 9536 30347
4935 1033 509 5669 514028 8265 30406
4810 789 531 5760 507709 10845 26164
4799 830 496 6004 505268 9810 25829
4715 728 487 5604 505756 10063 34841
5752 896 575 5986 517036 5833 39884
4728 1130 498 5510 600291 10027 128449
4789 756 493 5378 572200 6114 89540
4940 771 513 5788 572414 10852 86221
5072 729 527 5241 516925 7588 26909
4812 739 490 5508 511177 10962 27130
4762 773 494 5649 526546 8745 28665
5082 741 524 5480 517838 11403 27529
4912 714 506 5001 525628 9208 28925
4883 794 515 6441 803936 11839 295666
4892 773 495 4845 684031 8582 133667
5102 588 488 5475 605096 11973 103902
5011 726 494 5668 579507 8392 102011
4839 809 490 5518 498866 12006 26414
4792 745 496 5498 498138 10760 27957
4787 927 496 5578 498635 13666 26728
4842 798 496 5522 792369 11281 262580
4920 1022 515 5864 537361 15259 40711
5083 989 508 5890 534979 11693 38677
4510 766 510 5945 553517 15634 41181
5520 776 513 5951 690040 12383 43663
5679 765 517 6235 541176 19328 40738
5003 702 542 5954 567552 11574 36939
4990 1001 516 5058 544212 15350 36031
5051 922 516 5069 546075 12414 34903
4945 866 521 5994 527494 15536 34102
5306 1088 561 5676 528364 11822 35643
4516 763 518 5977 536591 15494 33861
5053 973 512 5831 526912 12517 27876
5074 840 515 5075 518286 16577 27820
4969 799 512 5865 538559 12626 28726
5030 779 526 5912 530641 17700 27921
5072 768 540 6000 1014189 13773 528596
5015 770 525 5092 998978 18308 411950
4496 820 520 6207 561155 15225 30719
5231 960 513 5892 751018 19434 205988
5211 963 524 5249 634287 16538 51136
4673 787 534 5562 555842 19940 29070
5261 881 701 6022 547237 17070 29912
5209 1000 519 5115 563656 19552 32538
5032 792 520 5270 614201 16124 35420
5011 1250 548 5570 661765 19862 50952
5105 794 521 5910 532429 15043 28673
4278 842 508 4948 510788 18960 28089
4879 784 500 5001 512494 15064 28206
4392 1053 511 5165 514171 19075 27985
4754 806 506 5833 521557 15374 27987
4448 785 508 5704 514828 19050 28088
4782 895 504 5075 514526 15357 30553
4286 740 508 5010 511421 19414 27365
4853 836 524 5772 512967 15610 27867
4909 852 501 5895 529047 19550 27358
4905 734 524 5762 511379 16244 27458
4665 899 525 5281 511460 19674 27591
5030 706 513 5848 512320 15741 27602
5082 746 511 5840 526272 19814 38172
4837 889 512 5780 546700 16309 36990
5355 1113 532 5342 539257 20676 28784
5204 907 539 6177 544908 16443 33396
5131 1032 529 5399 538689 21034 36509
5240 810 527 5930 542336 16729 28707
5136 747 533 5275 542243 20947 29112
4435 774 532 5311 536072 17006 28598
5120 853 531 5921 539868 24280 28963
5208 762 539 6064 537425 23906 28692
5116 773 547 5293 543253 24342 33591
5093 827 536 5151 552012 20688 32845
4556 921 537 6244 536619 34314 33795
5043 1001 580 6090 543032 25341 28506
5179 883 753 5311 546973 31115 32458
4555 892 536 5343 532059 27547 28342
5107 811 538 5482 550298 31356 28578
4454 791 559 5387 533565 24868 28673
4990 771 540 5356 530066 32155 28546
4560 746 536 6167 531471 24072 28926
5243 907 540 6296 537504 30585 35375
5431 944 533 6054 535949 24109 28796
5003 712 535 5310 533555 27995 28843
5296 1001 533 6119 536824 25947 33792
5104 852 541 6048 534654 28042 30933
4976 759 546 6048 533352 26752 34283
5011 842 545 5359 530610 28077 28657
4435 848 537 5369 533301 28939 31398
5106 803 533 6189 530808 32040 28504
5138 799 539 6035 531093 27912 28759
5069 865 539 6073 533779 30154 28788
5181 758 537 6108 535175 28068 31704
5082 781 550 6418 530955 31246 30617
4556 847 547 6139 531017 27288 29484
5223 888 539 6218 530708 32284 28415
5189 1027 542 6086 533515 30128 29118
5143 802 548 6018 530438 22373 28280
4473 849 538 5353 533766 18117 31573
5143 778 543 6185 529922 22546 28781
5295 712 545 6167 558521 19792 29462
5242 864 545 6117 541779 24165 32649
5153 765 552 6058 530149 19959 29009
5288 981 537 6172 530597 25943 28360
5125 1003 551 6222 529849 20156 28588
4510 782 542 5457 531865 26118 28495
5049 847 548 5367 538945 21602 28904
4967 834 539 6120 531247 25393 28727
4596 931 545 6228 537960 23411 29935
4318 1009 544 6202 532399 26294 29148
5240 732 551 5321 535280 21648 32220
5199 756 539 6327 534041 26510 29299
4677 814 563 6186 530036 22397 28366
4567 750 542 5357 530735 28786 28494
4648 736 547 5431 529641 22583 28286
5358 939 550 7246 544279 26881 36727
5141 761 555 6182 533839 22257 28665
5252 954 542 6123 534876 27111 30066
4351 951 546 5362 537356 22758 37125
4802 765 546 6164 533055 28952 29619
4637 870 563 9771 534369 24014 28710
5313 772 540 6172 539199 43735 31691
5987 1268 827 11637 766697 36551 68117
6229 807 572 6318 620164 50017 33920
7780 1428 658 7659 862003 26437 506648
5563 743 588 5560 501113 29530 30995
5157 994 574 5528 410932 34526 43278
5228 885 552 5565 394171 33732 32793
5590 867 560 5704 390591 26474 31547
5257 788 560 6331 388375 31248 28852
4481 811 557 6467 397558 28805 38431
5755 936 573 5590 445237 33486 29033
5250 904 578 6646 412718 30246 35325
5018 872 579 6875 431097 32661 30762
4472 789 557 6195 397721 24590 31091
5044 721 554 5632 413665 35350 34365
5096 814 569 6722 413631 30134 33718
5219 831 587 6776 565292 57536 53655
5446 766 557 5777 408464 28632 30507
5328 828 544 6454 402432 33583 36287
4571 781 573 6447 444102 28839 30458
5437 896 548 6461 391325 32294 33542
4764 1000 560 8433 416025 26531 34376
5007 780 557 6439 388098 31725 32316
5195 772 559 6434 391789 26557 30145
5036 859 560 6354 392481 32466 36190
4572 834 557 5393 391182 27703 28790
4983 950 562 5463 401308 32626 49492
4569 762 557 5409 391129 27846 29195
5132 751 555 6384 388922 33026 31356
5296 957 559 6474 1149726 28040 809607
4552 768 558 5618 703549 33172 298774
5248 702 553 6312 745935 28247 330644
5216 760 555 6207 864474 35073 491935
5347 916 578 6294 404729 30355 36057
5487 809 554 6531 417951 35256 41593
5407 871 565 6467 395943 31547 33172
5256 809 563 6330 397689 35346 33559
4583 890 562 6439 392064 32189 30413
5189 939 557 5470 394728 35924 29969
5018 774 564 6311 390630 33853 29883
5337 897 563 6225 390349 39145 28893
5430 779 556 5641 891572 34809 508783
5355 966 565 6447 686498 41655 310148
5200 819 563 6332 664273 34418 292591
5057 777 558 5520 401287 42840 31391
4618 942 560 5642 446209 38899 38844
6262 820 705 8877 484657 42130 48712
5378 770 562 5458 397560 36774 32576
5233 946 564 5755 412609 54998 49714
7816 835 613 5724 488376 37302 37746
5452 856 596 8976 1286933 42229 884048
5344 816 564 6300 710571 36960 339531
5324 810 589 6618 718445 41927 331036
5081 862 564 5851 726248 36567 330491
4603 915 567 5715 407382 41929 30754
4689 872 558 5715 402779 36627 32221
5243 754 565 5808 408410 43090 37383
4502 828 574 6637 410728 39287 34226
4621 940 600 6592 410753 44651 34568
5058 962 569 6701 402764 39846 31735
4618 830 568 6833 401508 44087 31293
5386 774 567 6423 403632 41670 31693
5405 836 579 6141 1331310 46176 941532
5107 794 610 6643 407572 41614 30492
5258 824 568 6452 409476 51796 38298
4701 849 581 6615 416145 38597 33436
5210 1131 588 6734 410451 44165 31238
4450 809 599 5702 2353988 38891 1966591
5550 683 575 6425 835556 45262 412474
4675 863 571 6571 760766 38989 355104
4575 966 583 6920 434866 47046 34480
6006 833 580 7359 466213 39224 50378
5476 1030 603 6496 1142060 48809 675424
5405 888 571 6709 942613 41235 504246
4546 1880 612 12231 443416 47786 35015
5253 1061 603 6825 432994 42024 35864
5401 930 599 6372 437151 50103 39640
4778 907 596 6680 484920 43574 43923
4616 978 578 6517 1053128 49456 624479
5433 766 610 5803 450679 43465 51699
4900 904 577 6605 766005 50014 358091
6093 761 577 6618 789017 44644 370954
5128 941 576 6620 432393 51341 38336
4651 790 581 6492 430765 45188 36510
5313 890 581 6556 425951 52657 32553
5190 775 575 6758 439324 46376 35143
5318 1056 607 6577 433168 53327 33420
5435 794 580 6684 498134 51929 45648
5979 922 630 7801 462121 55874 33671
4794 915 657 6716 439653 47315 42090
5462 777 584 6711 456973 54961 38632
4847 994 588 7013 446072 46120 35692
4892 879 585 6963 437484 54092 33222
5257 1012 588 6569 434588 48012 36494
5371 821 602 6688 438507 54596 33181
5197 796 588 6814 430802 47189 36612
5273 965 579 6540 442658 55705 33806
5383 818 604 6562 442338 49063 33350
5376 710 585 6715 433607 54360 33310
5245 774 590 7011 429940 47511 33608
5193 1005 584 6579 424662 54399 32609
5410 790 599 6685 428039 50696 37073
4439 911 612 6590 436958 57004 39663
5555 805 587 6617 432462 51533 33192
5471 762 586 6432 470094 56920 36104
5326 1066 590 6619 435819 50976 36053
4587 858 588 6894 432811 55634 33407
4684 778 588 6725 435649 49021 34414
4546 1026 592 7066 429337 56217 32633
5458 844 607 6577 471432 51670 35655
5642 1080 619 7115 454861 57783 33507
5304 823 588 6825 440219 50299 40332
5271 944 601 6727 478795 58893 37333
4563 926 590 6621 428479 51127 35096
5162 853 593 6686 438379 57147 33558
5390 905 592 6759 440095 54585 38066
5132 1073 587 5897 498205 65324 40293
6060 1105 634 7625 472404 54312 36870
5543 1040 628 6345 442219 58759 34180
5291 841 611 6700 439222 53752 35991
5469 1027 626 6638 436111 58945 36673
5344 891 589 6674 1795407 54423 1355303
4670 1014 632 7139 922656 60991 446986
5347 948 618 6943 851230 55419 440340
5522 763 590 6861 893827 61865 450238
5502 1108 612 7085 453359 55196 37853
5140 1151 592 6819 1375787 62342 930417
5480 1079 618 6984 450067 55753 36882
4536 855 594 6852 448921 61320 38597
5608 849 621 6740 5340175 57240 4833016
4949 875 615 6777 530388 64568 48117
5289 961 639 6900 485394 57040 41702
5355 1005 618 7269 486858 62707 41517
5674 833 648 6957 1648147 59002 1229620
5091 926 591 6709 3418649 72794 2885094
5867 895 669 6183 6328608 59317 5643971
5877 919 663 6479 749551 66420 175015
4855 965 688 6103 619080 60212 86769
5286 933 685 6763 987030 67398 455481
5569 792 670 6903 555394 67637 56230
5875 1242 736 6776 592566 67967 65050
5943 963 688 5706 556395 64588 54069
5559 894 636 6898 6402618 70099 6415272
5615 929 648 7422 699047 79303 166330
6213 1342 662 7168 709918 92071 177252
4870 842 672 6774 653242 65759 68217
5703 1056 648 5830 680315 77258 98929
6092 1216 679 9874 763404 64734 116021
4533 846 636 6291 1726039 72339 802487
4608 956 652 6405 1198167 74073 670780
5826 1069 658 7189 1261846 76853 691570
5856 1057 681 7347 774481 67597 118687
6719 980 770 14260 645630 72683 58271
5989 779 718 6181 1131818 65487 511491
