RIndependent Gonzalez BaselineGreedy Bottleneck Dynamic FullyDynamic ModifiedIncremental
44 104 55 39 98 54 54
43 103 55 41 98 54 43
45 66 55 39 98 53 50
38 101 55 38 98 53 58
44 64 55 40 98 53 54
45 132 55 45 98 53 55
42 89 55 39 98 53 48
41 89 55 35 98 53 61
38 69 53 44 98 53 47
44 104 55 46 98 53 62
45 91 55 50 98 53 49
36 94 55 43 98 53 46
43 85 55 42 98 53 61
46 73 53 46 98 53 63
37 110 53 39 98 53 62
35 181 55 41 98 53 63
46 77 53 45 98 52 63
48 114 52 45 98 52 47
45 58 52 42 98 52 49
44 111 52 43 98 52 49
43 103 52 38 98 52 62
42 136 52 41 98 52 51
39 80 52 36 98 52 57
44 76 52 43 98 52 51
45 222 52 40 98 52 52
35 57 52 39 98 52 55
43 65 52 46 98 52 54
39 103 52 38 98 52 56
46 70 52 38 98 52 49
40 51 52 39 98 52 51
41 64 52 43 98 52 58
43 164 52 39 98 52 45
35 84 50 40 98 50 56
39 79 50 41 98 50 62
48 215 50 47 98 50 44
41 76 50 39 98 50 48
45 71 50 42 98 50 59
41 51 50 47 98 50 49
42 74 50 40 98 50 63
36 60 49 41 98 49 57
44 140 49 36 98 49 48
41 68 49 47 98 49 44
42 74 49 46 98 49 54
36 110 49 37 98 49 54
40 74 49 42 98 49 61
44 95 49 42 98 49 60
39 80 49 41 98 49 55
37 101 49 40 98 49 53
37 113 49 43 98 49 52
39 113 49 37 98 49 56
38 64 49 36 98 49 55
37 184 49 41 98 49 56
36 185 49 39 98 49 47
34 56 49 44 98 49 60
40 137 49 38 98 49 56
36 70 48 38 98 47 58
42 135 47 38 98 47 55
33 141 47 36 98 47 48
35 106 47 39 98 47 40
40 126 47 35 98 47 57
38 81 47 37 98 47 44
33 58 47 40 98 47 55
41 74 47 41 98 47 55
38 62 47 41 98 47 37
39 63 47 35 98 47 59
34 61 47 39 98 47 51
40 70 47 41 98 47 60
36 54 47 39 98 47 47
35 78 47 38 98 47 44
37 112 47 45 98 47 61
42 64 47 33 98 47 54
36 151 47 41 98 47 61
39 75 47 40 98 47 59
41 79 47 39 98 47 60
36 58 47 41 98 47 61
43 68 47 32 98 47 54
37 90 47 40 98 47 58
39 66 47 39 98 47 54
40 95 47 36 98 47 52
35 77 47 38 98 47 37
36 121 47 37 98 47 54
38 174 47 39 98 47 48
37 104 47 40 98 47 61
37 59 47 43 98 47 58
34 68 47 36 98 47 53
41 99 47 37 98 47 54
40 76 47 42 98 47 60
39 57 47 37 98 47 63
39 99 47 35 98 47 59
38 119 47 36 98 47 60
42 105 47 35 98 47 55
36 72 47 40 98 47 57
39 73 47 40 98 47 62
40 120 47 40 98 47 62
38 95 47 37 98 47 62
41 85 47 39 98 47 47
39 56 47 41 98 47 53
37 66 47 35 98 47 48
35 104 47 33 98 47 58
36 103 47 35 98 47 63
39 79 47 37 98 47 54
36 63 47 37 98 47 40
38 61 47 36 98 47 61
35 67 47 44 98 47 47
40 72 47 40 98 47 59
42 89 47 40 98 47 63
34 58 47 36 98 47 51
40 106 47 37 98 47 50
34 77 47 36 98 47 62
41 55 47 36 98 47 59
34 48 47 40 98 47 46
37 74 47 36 98 47 46
41 109 47 38 98 47 58
38 72 47 33 98 47 53
39 62 47 39 98 47 60
32 117 47 41 98 47 56
35 94 47 36 98 47 44
34 80 47 39 98 47 45
36 98 47 33 98 47 48
38 78 47 37 98 47 48
43 53 47 38 98 47 62
38 73 47 37 98 47 57
35 78 47 35 98 47 49
36 145 47 39 98 47 50
37 75 47 39 98 47 63
38 60 47 37 98 47 47
39 85 47 36 98 47 63
38 95 47 38 98 47 58
34 142 47 38 98 47 56
36 96 47 37 98 47 56
40 92 47 35 98 47 62
45 57 47 38 98 47 58
38 70 47 39 98 47 50
38 107 47 39 98 47 44
37 118 47 41 98 47 46
42 68 47 34 98 47 61
37 57 47 37 98 47 43
42 69 47 33 98 47 46
43 57 47 33 98 47 61
34 48 47 39 98 47 41
41 53 47 42 98 47 62
41 51 46 35 364 46 51
34 56 46 36 364 46 59
36 176 46 40 364 46 61
34 182 46 37 364 46 59
35 77 46 41 364 46 58
33 51 46 34 364 46 58
38 53 46 37 364 46 46
36 75 46 40 364 46 63
39 62 46 39 364 46 51
34 63 46 36 364 46 50
34 157 46 42 364 46 63
35 76 46 38 364 46 60
38 65 46 40 364 46 45
35 146 46 36 364 46 50
37 78 46 37 364 46 56
41 84 46 38 364 46 58
38 103 46 39 364 46 61
37 47 46 42 364 46 47
34 107 46 36 364 46 53
37 111 46 36 364 46 40
39 69 46 37 364 46 59
40 73 46 39 364 46 49
42 88 46 38 364 46 62
39 55 46 33 364 46 62
38 77 46 37 364 46 44
36 175 46 37 364 46 63
40 97 46 32 359 46 52
35 62 46 37 358 46 61
35 76 45 39 357 45 48
35 72 45 36 355 45 47
34 47 45 40 355 45 56
39 78 45 38 355 45 58
38 125 45 39 355 45 59
38 107 45 41 355 45 53
35 90 45 34 355 45 38
33 60 45 34 355 45 57
37 93 45 36 355 45 60
40 64 45 35 355 45 55
39 103 45 36 353 45 59
33 60 45 38 352 45 61
37 76 45 41 351 45 57
33 74 45 38 351 45 51
31 79 45 38 351 45 43
35 56 45 35 351 45 46
34 48 45 37 351 45 51
35 108 45 37 351 45 57
35 78 45 38 351 45 42
35 54 44 37 346 44 34
41 70 44 34 345 44 51
33 80 44 32 344 44 49
36 56 44 36 343 44 55
40 67 44 41 343 44 44
41 107 44 41 343 44 52
37 96 44 39 343 44 46
34 74 44 34 343 44 59
35 60 44 35 343 44 56
34 114 44 37 343 44 54
37 76 44 36 343 44 43
35 94 44 35 343 44 50
32 64 43 41 339 43 56
33 117 43 35 339 43 50
32 173 43 39 339 43 63
35 87 43 37 339 43 62
34 48 43 34 339 43 55
34 97 42 41 328 42 53
34 65 42 33 327 42 58
35 57 42 26 326 42 48
35 62 42 33 326 42 60
36 55 42 28 326 42 44
33 184 41 31 324 41 44
35 60 41 35 323 41 60
34 105 41 35 323 41 50
33 92 41 31 323 41 56
31 89 41 35 323 41 54
29 80 41 31 323 41 57
31 57 41 37 321 41 52
32 67 41 40 321 41 52
35 36 41 36 320 41 61
33 139 41 32 319 41 54
32 55 41 38 319 41 39
30 119 41 35 319 41 56
34 71 41 36 319 41 45
34 80 41 32 319 41 43
32 73 41 33 319 41 55
31 69 41 33 319 41 59
36 60 41 31 319 41 62
31 40 41 30 319 41 48
27 70 41 34 319 41 56
34 45 41 33 319 41 46
31 85 41 30 319 41 58
33 77 41 34 319 41 60
33 95 41 28 319 41 41
30 89 41 32 319 41 59
31 151 41 31 319 41 56
30 64 41 34 319 41 49
30 84 41 30 319 41 53
32 75 41 32 319 41 44
32 53 41 33 319 41 47
35 169 41 36 319 41 54
35 84 41 32 319 41 61
34 43 41 32 319 41 58
34 90 41 33 319 41 57
30 59 41 34 319 41 53
32 71 41 31 319 41 48
34 115 41 35 319 41 63
33 59 41 34 319 41 43
37 59 41 37 319 41 45
33 71 41 30 319 41 63
30 98 41 37 319 41 53
31 46 41 30 319 41 59
31 63 41 38 319 41 44
33 95 41 35 319 41 45
31 53 41 31 319 41 47
33 51 41 31 319 41 57
28 71 41 38 319 41 49
29 35 41 34 319 41 42
32 55 41 37 319 41 38
33 63 41 33 319 41 51
32 77 40 35 314 40 43
32 87 40 31 313 40 47
34 71 40 32 312 40 62
33 69 40 31 311 40 55
31 49 40 34 311 40 49
31 60 40 28 308 40 53
32 151 40 32 308 40 52
32 76 40 31 308 40 55
27 64 37 30 288 37 58
33 85 37 35 288 37 58
28 83 37 30 288 37 35
27 46 37 31 288 37 40
30 61 37 32 284 36 63
28 55 38 30 271 35 63
25 119 31 25 241 31 57
27 64 31 32 241 31 35
25 44 31 24 241 31 61
26 64 31 27 240 31 46
24 134 31 30 240 31 53
28 48 31 22 240 31 35
25 32 31 27 240 31 63
24 66 27 23 201 27 60
22 133 32 25 201 27 43
26 101 35 23 201 27 50
28 43 27 24 201 27 48
23 72 27 25 201 27 46
24 38 35 22 201 27 48
24 63 31 26 200 27 62
26 28 28 26 199 26 56
27 128 35 22 198 26 43
24 31 30 27 198 26 55
22 39 35 20 198 26 52
23 178 35 21 197 26 43
