RIndependent Gonzalez BaselineGreedy Bottleneck FullyDynamic
52508 2310 1575 27571 1285
54544 2252 1761 30100 1073
48197 2140 1541 30643 667
53250 1867 1752 23656 975
52176 2289 1863 29614 643
50460 2555 1719 26581 1201
50865 1802 2213 27834 1020
39787 1931 1417 28150 661
44184 955 1775 26712 722
56694 1866 1461 28724 791
54845 2555 2235 26552 1104
43813 2707 1548 29804 685
41083 1875 2068 22759 916
45139 2083 1808 27355 805
47302 2484 1751 25867 817
50534 2783 1672 27418 680
50533 2801 1594 29307 695
38270 2085 1533 21365 843
55140 2608 1788 27456 694
44853 2138 1599 26080 867
39696 2352 1633 26117 694
41552 2099 2164 26301 1040
39180 2128 1735 22417 796
47051 1811 1750 22770 899
46491 2150 1824 24504 867
45257 1945 1632 25389 794
46853 2231 1838 24047 924
46755 2734 1879 25017 942
44375 1881 1627 24965 823
48363 2124 1895 27466 821
43799 2015 1784 21555 891
45210 2108 1911 25933 950
38423 1998 1731 28563 881
47544 2058 1934 26300 904
44855 2036 1932 26892 840
47211 2128 1696 23793 819
46279 2053 1701 26118 901
44197 2307 1858 26054 949
42268 2045 1952 27274 792
48028 2097 1871 25970 822
45379 2525 1898 25056 917
47792 1461 1746 26038 844
40914 2114 1720 25236 870
42954 1998 1703 24387 893
43594 2715 1945 29079 802
42570 1808 1611 27617 795
44113 2167 1805 25662 1145
47622 2092 1877 25983 961
45499 1608 1653 26396 865
42595 2619 1924 28319 864
48763 2624 1853 23500 885
49751 3460 2590 29703 1134
57261 3531 1841 30716 969
46687 3302 1753 29085 1051
46148 2531 1871 27159 929
46349 2438 2078 28403 1039
47890 2059 1685 30041 1140
47030 3338 1969 44996 961
56122 3099 1661 31889 1886
49965 3643 2126 31689 1197
50409 2475 1866 32203 1192
41562 2908 1973 29942 1088
46378 4713 1938 29979 1024
47710 3914 2145 29860 1230
48974 3422 2155 28951 1091
42664 4408 2098 30476 1079
50220 2476 1832 30916 1199
46378 3550 2115 30188 1029
49147 3780 2143 27240 1274
48329 5047 1948 27575 1219
47497 2334 2168 30899 1136
49787 4147 2219 30827 1129
42046 3808 2213 29513 1062
48515 3774 1854 34508 1278
47607 2015 2332 28354 1403
47643 3516 1914 28183 1363
56786 5123 2275 31293 1114
49873 3445 2819 30237 1631
52839 4003 2262 28438 1296
48022 2363 2256 32294 1344
46616 2306 1977 31414 1153
52455 3519 2331 30034 1464
49579 2403 2436 30619 1391
52979 2175 2352 29841 1400
51888 3405 2389 33298 1379
50337 3570 2174 32048 1507
53950 4338 2442 32482 1370
43897 3463 2292 30816 1207
50578 5885 2291 32480 1379
46867 2122 1916 31273 1326
42748 3988 2374 33020 1133
46184 3967 2486 28577 1309
48779 4108 2421 29541 1280
52906 2319 2407 36205 1637
55242 4046 2412 29849 1436
44141 2202 1956 25005 1429
51838 4232 2488 32745 1256
46246 2361 2892 31388 1417
48908 3723 2395 33172 1321
56199 3771 2412 30514 1238
44207 3438 2120 30894 1453
53276 6053 2095 29420 1423
51367 5339 2008 31441 1290
52313 4650 2535 33208 1222
49717 5970 2707 31845 1252
50364 3978 2305 35442 1251
50765 5760 2139 33119 1416
49002 3935 2279 33070 1310
52609 4186 2362 34394 1421
49254 5625 2053 26349 1448
46266 2577 2313 33436 1211
52328 4118 2165 32797 1436
52259 3665 2063 31234 1287
53400 6074 2596 33546 1517
59804 3966 2492 33419 1351
61982 4234 3814 45686 1269
52860 3888 2116 31645 1554
52466 2534 2278 37342 1402
49609 4698 2276 31509 1847
52497 2481 2159 32536 1288
50297 3163 2205 33730 1379
46440 3793 2408 31904 1181
53856 5802 2551 34070 1431
51859 2509 2501 30545 1231
48534 3901 2216 30601 1195
54535 4802 2109 31065 1449
48623 2522 2251 34262 1256
53579 2272 2374 30691 1508
50885 3927 2176 30947 1344
47410 3017 2022 27896 1244
41812 2062 2043 30912 1233
45635 3572 2288 31897 1230
49493 2191 2298 33967 1552
46528 2190 2338 31468 1512
44904 3584 2143 30935 1462
55262 4715 2412 31856 1358
48077 4260 2350 29817 1207
54863 3487 2466 32222 1345
54302 1990 2033 29792 1493
49562 3795 2362 29740 1202
54113 4391 2434 33656 1297
48775 4970 2232 30402 1379
50121 4295 2512 33603 2220
52996 2425 2446 27485 1523
43553 2161 2022 28092 1400
57667 5943 2271 33638 1428
50229 3767 1968 28199 1517
51702 2442 2565 29219 1520
51788 4103 2197 31999 1412
46279 3982 2091 33059 1672
52096 5909 2137 34998 1533
49830 2501 2464 31305 1318
47760 4875 2327 33775 1461
51080 2178 2320 30319 1486
48566 5013 2432 27232 1306
51416 5215 2433 32159 1481
45879 3906 2187 27762 1462
47905 2455 2101 29112 1249
45214 2504 2762 33424 1480
50227 2211 2173 30136 1237
46826 2255 2321 32413 1952
50612 3835 2008 31407 1625
46210 4253 2518 32826 1403
52845 4033 2510 27038 1366
48375 3702 2176 33190 1298
52275 2219 2261 31126 1386
53348 3601 2123 32029 1365
46360 2307 2406 30188 1433
53944 4529 2488 31897 1357
44395 3629 2175 26941 1320
51563 3968 2469 32525 1378
44954 2712 2295 32753 1410
43283 2412 2406 33469 1353
55192 4171 2429 32713 1499
48912 3985 2299 31279 1177
53832 3868 2300 34087 1509
51069 3835 2450 31048 1476
49126 2281 2380 33106 1323
55284 2392 2505 32435 1510
48838 2123 2700 27854 1466
48738 4702 2381 32862 1370
52121 2257 2486 33030 1542
45422 3241 2298 33737 1343
53360 2527 2493 34402 1557
47807 3417 2023 32487 1329
49669 3962 2263 33235 1497
54276 3571 2073 29286 1495
50961 6271 2517 33907 1547
49197 2530 2143 32119 1344
44537 4139 2262 31189 1376
55632 4236 2663 34559 1488
46718 4516 2157 31752 1556
50844 4196 2339 34190 1258
52747 2881 2386 26555 1548
49688 4058 2527 33358 1414
46002 6206 2291 32312 1482
50363 4633 2314 30428 1427
47252 6970 3087 37507 1397
57178 5754 2037 33152 1458
51374 2342 2236 30836 1481
53316 5845 2384 30329 1477
43415 4688 2113 33644 1471
45154 2226 2241 33149 1496
45681 4123 2301 30144 1363
49474 4193 2410 33678 1518
51095 2582 2492 32578 1786
47802 5802 2173 30568 1331
54793 3905 2564 33835 1380
52342 3916 2020 32725 1435
46785 4150 2426 29842 1489
51889 3274 2511 31935 1482
50917 3541 2080 32370 1519
47968 4007 2470 30431 1514
48474 3664 2278 30553 1432
44825 3772 2110 30719 1296
48773 2886 2859 31637 1387
44304 3817 2157 32189 1519
52607 3076 2573 32818 1576
50035 2194 2362 32299 1457
47343 3973 2371 32204 1341
47388 3586 2450 33661 1348
44448 2892 2489 32700 1291
51677 4255 2382 34545 1345
52295 2131 2503 32238 1469
50996 2387 2532 34619 1539
52172 3915 3161 33449 1527
49584 2663 2425 31968 1278
53059 2307 2713 34571 1334
52852 2021 2059 31141 1527
50573 4059 2439 33278 1210
52187 2523 2512 34407 1729
51043 2476 2360 31707 1440
51612 5030 2594 32055 1513
53043 3682 2224 32156 1427
49021 4634 3704 34775 1432
48016 3976 2521 32506 1523
49262 2263 2284 29220 1325
50670 2488 2363 33194 1378
46612 2390 2536 30153 1510
48596 2320 2615 31844 1567
51564 4645 2375 32774 1560
51056 3660 2155 32804 1529
47984 3729 2115 28489 1382
51796 5526 2053 31819 1580
51718 5638 2556 34313 1422
53506 5744 2548 31419 1571
48749 3893 2098 35591 1463
56463 4052 2196 31702 1219
48354 4300 3103 30889 1415
49242 2385 2587 35281 1558
46073 4044 2211 31773 1514
51555 3894 2402 34383 1268
52165 3545 2311 31349 1512
49902 4244 2423 32759 2180
52761 4311 2498 33182 1510
50549 2444 2656 33053 1342
51868 4325 2635 34018 1473
52233 3930 2355 31171 1486
51868 5309 2409 33848 1491
47267 2444 2419 30621 1518
51154 4121 2395 29882 1232
55103 4362 2331 33316 1426
49419 3480 2566 28531 1475
49928 4265 2569 30137 1413
52236 5170 2573 31507 1496
50187 4429 2454 31089 1400
51161 5855 2431 34639 1326
50204 3937 2276 32266 1395
47357 4156 2408 38475 1567
47513 2457 2106 30160 1390
52346 2320 2373 31616 1238
51375 2375 2443 31089 1387
50145 3862 2271 33015 1551
47221 4284 2509 31982 1401
51101 5846 2519 30477 1490
53921 2523 2555 34977 1370
55502 2127 2223 34964 1529
47543 2385 2293 35363 1317
47240 4538 2596 33135 1549
49420 2441 2325 33824 1412
51431 2235 2579 35085 1336
48820 1985 2315 35403 1360
47448 3430 2292 30502 1475
48767 2406 2254 31761 1333
50382 4420 2539 31215 1558
49694 3619 2624 34187 1483
50896 4332 2416 37615 1378
52068 2447 2587 33579 1296
51780 2464 2577 32479 1579
50285 3810 2207 35676 1373
51355 3702 2376 30307 1346
47301 2433 2545 31783 1377
50327 2479 2380 33660 1442
54185 2238 2573 33686 1415
52160 4055 2584 32600 1287
50052 5020 2651 35661 1307
46149 3228 2133 29612 1353
51817 5518 3111 34903 1294
49761 2604 2660 29839 1461
50259 4046 2478 34356 1300
51118 2278 2345 30665 1452
49174 2474 2078 31783 1546
50954 4522 2539 33089 1311
47708 2453 2448 31766 1518
50151 4398 2606 36071 1375
52504 4220 2643 32432 1476
52018 2393 2960 31493 1520
50152 2330 2353 30882 1540
49541 3074 2538 32819 1403
48723 5296 2549 29847 1560
49484 3488 2402 31804 1322
50164 4443 2277 35798 1373
46969 2344 2712 38332 1521
44560 2174 2584 31923 1289
57848 2602 2682 35150 1314
47488 4363 2173 33921 1354
54545 2298 2457 30994 1463
52112 2595 2406 33426 1427
49233 2405 2581 34271 1711
53378 3909 2580 27649 1638
48402 4369 2520 33742 1406
50495 2595 2291 33502 1554
49222 5724 2243 31077 1581
55313 4474 2437 31209 1323
51405 3701 2613 31487 1515
44491 4321 2520 34544 1568
51074 2843 2556 32119 1396
48929 3503 3256 34198 1531
52321 2537 2298 34033 1535
49137 3003 2245 33674 1467
43952 4521 2406 36515 1562
56055 2019 2372 35825 1621
43547 4155 2560 33518 1462
47981 4175 2360 34820 1484
42371 2910 2317 30137 1340
49643 3007 2325 31694 1574
52327 2382 2399 28745 1478
48328 4352 2466 32379 1552
52334 4376 2603 34546 1543
46293 4077 2539 31520 1337
49283 2466 2317 34279 1395
52336 3908 2600 28538 1559
50292 2039 2416 32333 1467
47736 4190 2649 34260 1550
44627 2664 2584 31672 1480
48450 3545 2688 35976 1379
47238 2564 2612 35436 1477
51247 4242 2143 33274 1316
52395 4496 2494 32019 1511
49098 2432 2245 31239 1441
40946 2117 2251 33740 1299
51864 3667 2753 30365 1659
57182 4491 2617 36288 1302
46072 2429 2246 32726 1436
50577 4213 2308 35221 1300
53011 2548 2623 34408 1513
49739 3988 3637 29052 1499
45925 4130 2659 35964 1265
46278 3878 2298 31594 1433
50679 2269 2315 31200 1514
51210 3591 2590 32330 1579
44765 4660 2178 28803 1539
49453 2475 2570 35515 1570
50757 4490 2406 32279 1404
48604 4236 2373 31662 1368
51829 4392 3813 35481 1546
45973 2533 2613 32223 1567
52490 2758 2706 36780 1537
50110 3087 2637 32139 1344
49308 4404 2239 34772 1469
51387 3419 2393 34474 1513
48676 5498 2273 34971 1560
50165 4328 3602 34533 1523
47709 6290 2297 35374 1665
51644 2299 2306 34319 1401
53662 4611 2569 34950 1488
49548 5981 2431 31457 1405
52184 3041 2616 38693 1427
48131 4050 2778 33751 1337
52039 4705 2683 33878 1579
51250 3699 2617 33317 1565
51322 2554 2576 36809 1557
50635 6131 2362 33061 1597
45639 4214 3283 34192 1486
46868 4523 2544 34472 1616
49029 4392 2422 30296 1411
49057 3358 2672 33073 1298
45492 2431 2341 34123 1388
50424 3193 2582 33184 1278
52597 3498 2439 36502 1426
45078 2449 2436 34894 1505
50410 3834 2435 37317 1542
54864 4456 2518 33518 1498
47166 4599 2420 31828 1509
53178 6356 2658 36187 1614
49410 4692 2197 33949 1577
48678 3391 2369 32915 1586
52448 2556 2296 32491 1457
49122 2276 2384 33940 1406
51976 2389 2894 36243 1488
44925 5019 2431 29830 1275
51942 2596 2665 33828 1353
46068 2218 2222 34800 1581
49202 2135 2407 32337 1602
45302 2761 2262 29801 1296
40866 5452 2241 32374 1313
52125 3553 2492 36120 1892
50323 2412 2160 32960 1274
51413 4267 2557 34995 1578
49980 3730 2599 33282 1585
44155 4000 2529 35472 1271
51443 3922 2562 33312 1557
45758 2233 2144 34288 1554
52061 4270 2554 34601 1609
51722 2741 2611 33558 1401
48188 2299 2484 33800 1475
50859 5468 2643 33955 1458
47975 4448 2673 32558 1401
53331 3231 2717 35589 1559
45058 5808 2489 33394 1602
50131 3338 2679 34800 1567
52117 2412 2488 28924 1397
49216 2485 2664 33458 1452
53257 4035 2417 37333 1428
52484 2135 2698 29459 1588
43519 4891 2559 33730 1411
48952 3836 2493 32645 1401
48202 2465 2521 34506 1576
52935 4858 2754 33007 1394
48623 2978 2206 32789 1539
47071 5989 2390 33690 1447
44605 2248 2459 34408 1456
45550 2484 2278 29790 1325
54403 4753 2410 33868 1318
44123 2611 2513 37407 1317
49147 4538 2706 32907 1382
48301 3308 2420 33045 1568
50697 2682 2612 34742 1469
48981 3849 2285 32307 1556
50617 3263 2597 35535 1517
52954 4632 2699 33389 1420
45212 3223 2256 33350 1385
53919 2547 2663 35407 1598
53193 3849 2552 31127 1591
50827 4076 2472 30185 1293
52912 3586 2571 34180 1570
48900 2624 2672 35842 1519
52987 2767 2697 33451 1615
52578 2131 2555 34492 1618
54624 6697 2748 35735 1556
51637 4508 2404 30993 1460
48525 3883 2662 36602 1569
52003 4854 2337 33061 1401
47920 4004 2688 33237 1379
51256 4340 2586 35512 1522
48495 4623 2402 32676 1560
45192 4198 2620 34554 1376
48221 3813 2179 33171 1591
48734 3114 2870 35753 1329
47873 2409 2322 32794 1674
48451 4518 2385 32034 1399
49547 2613 2647 35613 1540
48236 4052 2386 32836 1481
48066 6044 2501 34256 1395
51881 5099 3915 34278 1514
48133 2567 2724 34056 1405
45872 2267 2369 33360 1579
49715 3834 2200 32383 1341
51024 2602 2692 35808 1479
49085 2367 2690 34190 1581
50157 5869 2550 35273 1437
47874 4289 2764 34809 1523
45835 4142 2675 33633 1600
53183 2352 2636 35101 1452
48357 2408 2369 33097 1480
45577 2587 2439 35197 1496
48420 2472 2356 33616 1527
49353 2733 2626 32632 1399
47440 2280 2370 34116 1553
46883 2559 2639 33870 1434
57155 5120 2863 36212 1381
47755 2395 2937 33437 1765
51831 4642 2709 37311 1363
53171 2212 2575 36797 1665
44869 2608 2438 32215 1407
45418 3876 2252 34081 1343
47930 2127 2259 39005 1345
57845 4238 2268 36184 2068
48884 4317 2471 30302 1464
54609 2539 2627 34307 1664
51704 3902 2766 33901 1652
46675 3556 2773 34193 1491
49687 4346 2649 34460 1612
45614 4672 2561 35362 1375
55877 4749 2722 34260 1634
47576 2298 2668 34063 1655
47750 4010 2435 34742 1434
51869 3050 2598 35014 1603
52379 2828 2846 36282 1608
53997 3923 2311 38131 1695
44515 2631 3026 38582 1503
46770 2567 2448 34091 1501
51373 2078 2604 33722 1614
52530 4452 2687 36091 1447
51904 2619 2321 34226 1586
53416 6092 2529 32909 1577
55979 4739 2396 31174 1461
50340 3100 2305 36745 1421
46819 4892 2857 35088 1607
52918 4148 2688 33170 1693
52478 3874 2441 35825 1467
52239 5446 2300 32628 1436
53056 2413 2610 34910 1861
50264 3917 2518 34267 1608
53668 4553 2782 35332 1598
56144 3731 2293 36269 1630
50032 2524 2769 39028 1667
48520 2263 2526 39047 1463
52068 3687 2321 35566 1454
51149 2627 2576 40160 1441
50740 5090 2409 34279 1676
46153 5096 2700 37716 1643
55107 2845 2397 38336 1527
51977 4927 2510 36751 1655
48403 4893 2618 36570 1721
50368 4674 2425 34186 1323
54021 4180 2829 35590 1391
52665 4430 2530 34278 1658
49732 2845 2656 35725 1330
50153 4482 2783 33319 1624
50783 6348 2813 37308 1596
54291 2277 2597 31828 1564
51475 2305 2817 35257 1532
51491 3052 2804 40339 1392
49966 2127 2188 33753 1613
50338 3420 2441 35212 1385
54373 3093 2465 35161 1665
48017 2192 2332 28684 1396
56586 4509 2537 35989 1617
52525 2495 2421 37569 1513
47329 3656 2842 32209 1625
55420 6409 2770 33562 1668
47641 4605 2757 35888 1490
52466 3721 2629 34605 1433
49976 2615 2538 34080 1595
55421 4393 2820 35688 1546
52268 4445 2356 33946 1650
50504 2802 2807 37916 1445
48030 3133 2275 37336 1486
51390 3449 2652 38752 1549
54493 6688 2769 36534 1682
51012 3836 2231 36142 1334
51781 3250 2618 36476 1465
46934 4777 2712 36535 1566
52031 2989 2873 37672 1421
53211 4293 2509 34153 1520
49256 2699 3074 38208 1574
56114 6861 2561 37733 1647
50826 3942 2652 33586 1479
52382 4665 2990 37007 1550
54476 3686 2336 34827 1748
52311 2959 2669 37243 1537
52546 6299 2748 34510 1656
47713 5282 2369 28042 1505
57046 4123 2581 34506 1401
48520 4181 2489 41826 1491
57357 2242 2241 35573 1716
49235 5727 2736 37210 1661
53428 2531 2755 35859 1568
51708 3824 2621 34216 1491
47824 2820 2848 38487 1468
53417 2278 2688 34377 1558
56059 4960 2638 37468 1370
52938 2560 2327 29811 1639
53789 2651 2764 33022 1603
53250 2601 2467 33964 1682
51436 2136 2414 36153 1362
50608 2658 2744 36855 1653
45180 2662 2755 33407 1419
53113 5791 2679 35007 1447
50730 3936 3025 36458 1560
51725 3258 2521 36840 1687
56136 5094 2725 33339 1809
45206 3349 2414 35324 1550
53391 3214 2769 38242 1653
46888 2554 2564 34364 1603
51562 2792 2797 35623 1616
54447 3731 2521 36134 1450
53123 2205 2352 34216 1433
48286 2303 2615 37924 1833
49525 4145 2525 33548 1758
51563 4721 2539 38306 1642
42881 2338 2415 34103 1637
53926 6197 2996 47266 1726
54081 2700 2810 35060 1974
49417 3938 2895 41620 1584
60448 6562 2694 38195 1726
46945 2598 2900 33424 1445
48197 4359 2527 38429 1384
48601 2162 2750 34614 1457
53096 3254 2872 35520 1328
50002 2399 2755 34709 1431
49169 4325 2614 35219 1367
54571 2386 2785 34956 1484
51861 3946 2207 31965 1433
62035 3748 2620 36057 1991
45193 2637 2833 32928 1461
51334 2609 2813 36858 1505
55770 2469 2694 34301 1592
44453 2374 2743 36908 1636
50355 3897 2618 35073 1485
49289 3360 2777 35055 1510
52916 3169 2882 35280 1380
51563 6192 2552 32852 1561
54454 4721 2849 38486 1663
49344 3897 2369 34906 1716
53571 6443 2790 37027 1310
53266 4172 2311 34975 1450
49234 2247 3752 35873 1628
54661 4027 2613 33896 1701
49995 4466 2396 34397 1592
53714 2675 2526 36650 1625
49112 4410 2723 33519 1336
51766 2506 2515 35128 1435
49419 6533 2764 36278 1475
53161 5181 2989 39086 1567
52167 5050 2674 34511 1449
43969 2592 2505 38274 1321
52890 4138 2646 34100 1644
51749 2249 2640 34202 1542
47933 5166 2882 36518 1485
51200 4711 2576 34272 1694
52706 3903 3052 34633 1336
53242 3439 2692 36013 1656
52169 3768 2886 37156 1326
46491 5408 3006 34653 1668
48989 4187 2329 35707 1422
55212 2901 2507 34875 1473
54166 2296 2308 34423 1309
52232 2738 2753 36190 1445
50022 2418 2395 32026 1530
52095 5196 3022 41289 2023
44614 2293 2897 30834 1436
52510 3643 2826 36609 1465
50971 3967 2592 34804 1440
50265 4576 2659 36103 1334
48946 2412 2841 33326 1537
48072 3264 2926 40073 1513
46451 3905 2381 34747 1740
48835 2488 2369 36560 1377
49279 6846 2771 36800 1797
52592 3290 2655 34354 1617
50489 2524 2596 35926 1645
52288 2665 2790 36491 1603
43853 3358 2861 35009 1657
49612 4065 2519 33456 1333
52365 4158 2670 34139 1449
49246 2403 2539 34266 1535
51998 2246 2724 38498 1684
48802 3113 2467 30731 1419
51949 2948 2894 35781 1383
51742 4019 2366 35091 1652
45998 4134 2582 36487 1629
51379 3610 2607 33102 1651
49439 2625 2646 33200 1327
51348 2394 2337 31745 1509
45458 2195 2394 31657 1382
42304 3816 2379 45455 1420
53771 3683 2696 34531 1870
48044 6632 2251 36344 1542
54334 3905 2877 35522 1502
46810 2574 2517 33614 1495
51960 3678 2742 37143 1638
51416 2179 2339 30793 1555
51050 2410 2823 34289 1728
53835 3786 2907 36912 1561
49668 4809 2801 33556 1328
51850 4145 2763 34386 1563
47251 3612 2869 34836 1588
52432 2297 2656 37378 1648
52461 2218 2782 35399 1498
52823 2685 2907 37089 1410
51508 3135 2918 35591 1672
52751 2291 2504 32827 1367
50384 5304 2328 33751 1457
47223 4087 2534 35756 1446
52624 3917 2950 35478 1645
42756 4143 3783 40735 1425
55989 4941 2705 36009 2115
53435 4234 2326 34807 1346
53871 3162 2528 35608 1439
