RIndependent Gonzalez BaselineGreedy Bottleneck Dynamic FullyDynamic
7309 1164 1514 11040 23 796
5964 900 1272 9919 11 728
5958 831 1282 9589 41 739
5679 1185 1283 9771 23 730
5760 1448 1285 9671 6 727
5441 1129 1276 9776 6 732
5914 802 1279 9846 8 733
6137 868 1285 9873 10 732
5916 820 1282 9686 27 734
5754 838 1295 9924 15 729
5934 1059 1274 9891 6 730
5694 900 1237 10001 62 698
5607 860 1229 9578 8 692
6085 1147 1259 10405 11 716
5824 844 1239 9826 18 705
5596 1053 1261 9580 6 693
5715 806 1219 9472 6 679
6143 1207 1313 10062 6 770
6011 1082 1286 9403 6 745
5912 1168 1280 10032 6 755
6048 1076 1288 9416 6 757
5788 1049 1332 9628 6 740
5406 824 1272 7823 18 748
5917 1243 1282 9842 19 719
5771 930 1254 9534 6 721
5796 1078 1254 9775 12 728
5734 1045 1261 9666 6 714
5677 1022 1258 8003 6 720
5486 870 1254 9813 6 717
6003 1525 1258 8025 14 719
5953 927 1258 9627 7 735
5842 960 1285 8500 6 716
6463 1100 1248 8078 21 724
6179 994 1254 9430 7 718
6242 1034 1256 9572 6 718
5663 650 1255 9865 7 720
5836 987 1252 9477 6 810
5703 953 1249 9619 6 732
5963 847 1264 9484 31 717
6171 1177 1260 9497 6 724
5869 799 1261 8121 10 726
5785 810 1260 9517 9 724
6431 1028 1255 9437 10 722
5868 1392 1257 8330 6 722
5844 997 1270 8098 6 759
6615 1035 1352 9660 8 730
6320 879 1264 9719 8 723
6267 846 1260 9659 6 722
5640 984 1260 9232 109 719
5835 785 1257 9956 7 733
5552 1180 1257 9901 13 721
5638 866 1296 8000 6 732
5872 1251 1256 9473 6 725
5857 1183 1263 9541 14 727
5743 872 1259 9586 6 720
5704 1128 1263 7855 5 724
5873 877 1268 7921 19 718
5820 1017 1256 7817 6 725
5901 934 1274 7987 6 726
5919 1043 1258 9841 16 729
6162 1207 1261 9676 6 722
5830 781 1257 9565 7 723
5693 792 1254 9869 6 725
5963 736 1275 9869 13 724
5975 1065 1261 9693 6 725
5829 1435 1261 9759 5 726
6146 1360 1248 9757 6 724
6068 1150 1265 9420 6 720
5964 953 1307 9321 5 806
5741 1068 1315 9493 6 780
6048 1085 1326 9758 6 784
5723 917 1348 7966 6 789
5986 1127 1316 9414 5 783
5935 881 1305 9368 6 781
5927 1222 1314 10400 6 875
6183 1210 1351 10126 6 783
5949 1063 1352 10497 9 873
6660 1237 1410 10224 22 859
6506 984 1415 9922 8 811
5615 1081 1304 8028 7 802
5886 1057 1336 9821 6 813
6090 1011 1356 8266 7 809
6133 1212 1281 9685 6 761
6155 1086 1296 9611 7 784
6043 875 1272 10067 6 750
5922 1212 1201 9834 6 704
6017 1173 1184 7868 6 653
6187 1020 1257 9585 6 726
5734 865 1405 10208 6 748
5643 921 1247 9659 7 736
6134 926 1247 9418 6 743
6031 1088 1289 8099 6 728
6216 951 1238 9642 6 728
5897 1363 1251 9507 8 726
5567 1342 1237 9382 6 730
6044 1353 1241 9501 17 725
6411 851 1240 9430 6 725
6020 1041 1248 9298 6 732
6005 997 1254 9386 6 725
6074 1334 1251 9445 5 727
5573 842 1248 9424 6 725
5881 914 1240 7927 6 743
5977 711 1245 9239 6 727
6020 981 1242 9261 6 743
5659 971 1239 9414 21 728
5907 1026 1243 9220 12 722
5423 1354 1245 8006 6 731
5639 1211 1248 9271 5 735
5857 991 1269 9366 6 744
5738 796 1241 9426 6 727
5863 910 1242 9499 6 751
5644 846 1241 9437 6 724
5710 1293 1239 9154 6 727
6027 900 1260 7726 6 728
5766 914 1253 9282 6 725
5592 728 1238 7799 8 727
5926 1051 1160 9373 11 651
5719 670 1182 9337 6 670
5841 945 1165 9398 6 651
5517 1032 1164 7816 5 654
5879 1021 1169 9461 9 674
5990 1361 1167 9994 7 655
5763 908 1167 9306 13 655
5736 1372 1163 9163 6 661
5407 905 1157 9313 5 657
5659 988 1167 9631 6 651
5848 924 1166 9304 6 652
5776 1008 1154 7841 6 652
5403 678 1179 9387 11 653
6016 803 1161 7492 5 653
5755 819 1163 7915 9 657
6276 1296 1168 7808 6 650
5770 742 1169 7763 5 654
5889 991 1178 9423 18 670
5890 955 1180 7483 6 669
5731 943 1178 9669 6 668
5380 873 1176 7679 14 683
5749 832 1180 7387 5 672
5562 1365 1171 9464 6 674
6141 837 1178 9282 10 677
5832 823 1171 7461 14 682
6442 1107 1185 7825 38 681
5508 767 1185 9255 11 683
5823 1049 1182 7476 37 754
5642 1059 1183 7669 15 679
5628 1012 1191 9344 13 676
5862 1179 1187 7724 32 681
6111 1103 1164 7650 6 669
5920 962 1167 8742 17 669
5963 848 1167 9282 5 669
4514 1017 1169 8516 6 669
5591 1052 1164 7438 6 909
5800 1287 1573 9009 25 695
5439 1527 1166 7464 377 664
5295 1101 1167 7636 67 672
5636 914 1099 8562 2020 594
5074 1132 1094 8834 8 598
4654 820 1092 9313 9 597
4898 1204 1112 9042 12 616
5258 971 1171 7993 9 612
5642 785 1124 9182 13 632
6023 696 1165 8940 78 618
6102 869 1118 7963 6 641
6107 1103 1164 10619 14 640
4748 1294 1182 8908 14 658
5921 1004 1187 8523 12 633
6227 898 1143 7834 11 632
4668 1072 1148 8909 9 627
5511 926 1165 8103 10 617
4478 1333 1154 9621 6 633
5642 1467 1188 9179 10 606
6108 1186 1173 9079 119 642
6047 1440 1198 8982 7 630
5463 1074 1184 7878 7 656
5223 1062 1176 9511 12 660
5212 920 1188 7786 7 651
6259 1051 1218 8173 19 623
5282 991 1131 8697 7 619
6376 1240 1146 8623 6 621
4601 882 1136 7574 6 621
6059 1357 1100 7483 22 596
5657 1133 1116 8774 13 591
5905 979 1091 7688 10 601
6272 935 1124 9058 7 594
5928 993 1110 7506 8 619
4584 1074 1075 8357 10 587
4955 757 1067 8279 7 577
5830 875 1069 8577 6 577
5912 804 1064 7218 7 576
5409 808 1066 8423 6 570
6195 612 1074 8623 6 573
5768 1037 1072 8732 32 570
5354 974 1060 8097 6 575
4828 888 1058 8891 7 597
5859 972 1059 9202 6 575
4811 1049 1064 8256 7 575
4905 682 1060 8389 7 573
4493 965 1060 8124 5 572
4339 863 1092 8639 6 589
4882 1349 1123 9024 10 589
5332 879 1107 9350 6 602
5051 894 1102 9139 6 593
4778 742 1133 8669 10 604
5210 842 1088 8812 7 587
5576 1109 1091 7343 6 586
5933 714 1084 7557 6 571
4527 1034 1058 8196 6 575
5376 941 1074 8186 6 574
5283 1180 1119 8935 6 613
4968 744 1070 9000 7 584
4819 1055 1062 7658 6 575
5192 1075 1054 8800 6 572
4562 1113 1058 8579 6 575
4906 843 1057 8766 6 572
5944 932 1058 7337 6 573
6154 1587 1055 8392 6 575
5232 1486 1061 7184 6 574
5188 727 1066 7485 12 572
4654 947 1053 7719 10 573
5651 1012 1056 8489 20 580
5033 1098 1062 9127 12 570
5558 769 1056 8261 13 596
4755 1114 1053 8707 12 571
5055 1081 1062 8283 23 569
5615 925 1079 7236 14 568
5402 1299 1056 8374 32 569
4221 873 1053 8253 13 579
4959 684 1060 8374 6 576
5604 769 1053 8540 6 576
5501 782 1070 9189 6 578
5131 1088 1072 8213 35 584
5108 756 1067 8517 6 574
4933 992 1049 8804 6 569
5295 992 1045 8415 62 570
5458 1134 1107 8488 35 623
5390 1077 1129 8539 6 625
5214 851 1112 8636 6 621
4789 1183 1127 8116 7 629
5356 949 1105 8492 8 625
5196 1034 1100 8382 54 624
5837 1580 1098 8609 8 641
5103 942 1102 8925 10 622
5505 1086 1102 8564 301 621
5070 1103 1100 8375 208 620
5420 674 1091 8178 6 613
5546 1406 1095 8126 34 618
6122 1050 1082 8207 109 612
5454 795 1094 8331 18 608
5371 836 1091 8319 6 614
5390 993 1088 8629 6 609
5182 1046 1082 8345 6 620
5335 765 1087 8394 6 605
5213 1005 1081 8625 95 614
5015 684 1083 8146 6 611
5319 1114 1077 9052 6 648
6095 805 1098 8368 7 621
5817 950 1080 8381 14 611
4936 994 1083 8101 13 609
5282 670 1075 8337 11 609
5034 1186 1079 8563 6 606
5404 924 1116 8241 6 609
5196 1110 1073 8097 6 623
5410 1068 1078 8127 6 610
4972 1019 1081 8416 8 616
5408 1503 1078 8190 8 603
5581 881 1075 8683 7 604
5518 1298 1076 8089 6 601
5406 1326 1123 8431 6 605
5140 639 1078 8177 6 606
4942 1188 1080 8132 5 608
5239 926 1074 8199 6 608
5160 1060 1075 8602 6 611
5474 747 1082 8186 6 605
5155 1094 1067 8401 6 614
5197 929 1092 8907 6 612
5519 940 1076 8458 6 623
5263 860 1076 7883 11 608
5336 1109 1069 8192 11 612
5245 882 1072 7866 6 611
5584 1152 1094 8042 6 628
5201 951 1077 8109 6 614
5465 1412 1204 8454 6 665
5011 1102 1141 8614 6 628
5145 996 1066 8444 9 610
5611 1136 1065 8148 6 616
5520 751 1070 8215 6 609
5351 1126 1070 8515 6 609
5899 1154 1071 8499 6 609
5118 1154 1068 7734 6 608
5254 1053 1066 8803 11 616
5206 844 1066 8368 15 613
5255 1025 1071 8047 6 604
5302 1115 1062 8072 6 604
5538 867 1069 8049 6 635
5083 829 1072 8253 5 603
5486 1328 1073 8139 5 608
5478 1289 1070 8265 11 605
5329 1015 1070 8276 5 605
5059 1008 1068 8262 6 609
5729 1144 1067 8176 11 602
5204 1132 1061 7974 6 605
5437 659 1062 8040 6 603
5730 745 1069 8102 6 608
5447 1042 1062 8369 6 605
5230 594 1066 8782 6 604
5486 808 1069 8436 6 601
5501 1199 1063 8016 5 625
5467 851 1065 7955 6 606
5447 810 1097 8061 12 604
5738 942 1057 8177 6 608
5468 991 1078 8167 6 609
5477 793 1072 8361 10 609
5332 1023 1061 7812 32 605
5494 975 1066 8161 18 607
5163 1049 1087 8412 5 607
5439 822 1060 8336 8 605
5128 1144 1070 7973 6 603
5484 647 1051 8290 6 610
5573 921 1078 8005 6 605
5141 709 1058 7945 5 605
5299 712 1060 7992 6 599
5418 920 1059 8337 6 601
5238 1222 1061 8097 5 603
5501 979 1061 8099 5 604
5196 1070 1059 7943 6 618
5442 1364 1114 8343 6 617
5186 837 1108 8826 7 636
5237 1086 1093 8936 8 651
6102 1069 1120 8715 8 654
5576 1236 1100 8498 12 625
5273 1114 1110 8260 11 648
5725 1325 1094 8626 6 636
5302 774 1119 8506 7 600
5167 1104 1054 8522 38 603
5842 1500 1052 8424 6 618
5548 1000 1082 8467 8 620
5624 835 1156 8452 6 607
5492 853 1054 7969 5 601
5300 866 1090 7761 6 600
5262 891 1064 8318 6 601
5472 843 1050 7843 6 602
4993 793 994 7602 25 545
5427 806 987 8058 6 542
5158 941 986 8455 10 545
5054 783 991 8481 6 566
5530 1099 995 8161 18 604
5759 1001 993 9307 11 545
5222 1264 989 7988 11 544
4999 874 986 7949 6 547
5272 920 994 8133 17 546
5814 722 997 8230 5 546
4953 1230 996 7947 8 545
5367 937 991 8525 29 543
5144 1543 987 7921 5 542
5400 847 1005 8324 5 542
5556 956 990 8151 44 546
5432 922 986 7985 6 538
4885 906 986 8094 44 539
5106 838 988 7998 6 542
5390 1122 986 8240 6 537
5533 1043 985 7906 25 539
4633 1213 990 8486 6 541
4834 669 979 8039 6 542
5792 676 989 7978 6 557
5617 1046 985 8090 6 540
4950 1059 1001 8278 6 540
5363 1147 987 7995 6 542
4468 840 986 7740 9 539
4611 840 978 8176 18 539
5351 820 994 7843 6 537
4765 1130 982 9541 7 547
5415 777 983 8185 6 541
5076 774 977 8115 9 537
5522 966 977 8016 7 537
4624 1004 975 7898 9 540
5909 1504 978 8126 10 545
4807 1083 981 8379 7 541
5326 836 977 8058 14 538
5564 638 1062 7898 14 537
5158 700 973 8409 20 536
5523 965 978 7823 9 532
5597 1147 1020 7925 7 534
5734 907 975 7912 16 535
5650 753 1010 7969 31 534
5071 1065 975 8073 15 536
5120 1060 972 7969 6 543
5711 1071 999 7980 7 535
5176 936 975 7876 12 537
5670 958 972 8447 6 534
5056 720 971 8082 9 539
5287 1188 977 7939 6 538
4970 1112 968 7862 16 537
5218 1215 972 7645 6 533
5323 824 973 7812 6 536
5236 712 968 7974 8 536
5082 1072 968 8025 6 532
5287 876 970 7624 6 537
5684 1288 968 8063 7 530
5177 968 967 8223 6 534
5642 976 974 7980 8 531
4558 793 966 8053 6 535
5640 982 977 8086 10 535
5343 1002 964 7858 14 537
5069 645 965 7973 23 532
5423 969 970 8095 20 536
4746 923 964 8034 23 533
5699 906 968 8302 7 535
5347 1206 981 8044 9 537
5738 1107 966 7802 17 538
5466 813 962 8101 6 539
4996 786 969 8332 6 535
5232 1718 985 7649 6 539
4912 918 968 8161 6 534
5909 1188 968 7918 11 534
5146 1007 965 7824 10 538
5428 1118 973 7520 61 537
5818 1143 970 8111 9 532
4858 798 961 7828 6 537
5511 837 965 7668 205 534
5537 706 966 7775 5 536
5316 1072 965 8135 31 550
5413 1213 966 8137 6 536
5345 983 963 8092 5 555
5982 893 968 8456 6 539
5191 866 976 7699 6 535
5418 856 960 8166 6 538
5267 1000 956 7677 6 539
5717 756 971 7619 6 543
5538 1016 1068 8133 6 540
5394 785 961 8320 6 541
5390 834 978 7674 6 537
5555 1240 962 7988 6 534
5046 857 961 7828 14 537
5554 660 958 8015 11 543
5399 1440 955 8003 12 540
4443 1006 961 7820 17 537
5691 863 969 7778 177 545
5415 878 959 7786 14 543
5291 1201 958 8486 10 572
5694 1177 964 7592 17 543
5564 872 964 8194 5 558
5128 719 965 8125 5 541
5119 772 960 7915 14 542
5241 1368 961 7848 5 544
4410 837 964 7987 6 557
5245 906 974 7679 16 547
5289 929 967 7925 6 549
4580 742 963 7921 6 550
5645 740 962 8037 13 546
5508 750 960 7960 6 546
4627 760 977 8081 22 548
4873 855 962 8146 6 546
5433 1024 965 7933 10 549
5259 668 984 7789 6 548
5359 1207 966 7920 9 547
5738 872 960 7791 6 559
5401 904 996 8087 5 562
5720 892 1013 8167 6 556
5502 922 986 8010 16 559
5654 1169 1010 8456 6 567
5623 667 992 8304 6 564
5809 1069 990 8332 10 590
6005 951 1020 8514 6 570
5801 1170 1004 8291 6 548
5003 876 960 7822 5 546
5279 1010 957 8077 44 554
5215 937 956 7887 11 543
4704 800 954 8045 38 544
5254 1019 962 8207 15 547
5119 978 992 7552 61 577
5393 840 973 7999 24 572
5582 1041 980 8415 16 574
5703 719 976 7941 22 564
5664 1003 976 7561 22 594
4512 731 971 8186 6 567
5538 1127 977 7554 23 571
5734 864 972 7828 22 575
5405 983 980 7756 12 567
5655 718 974 8293 20 576
5034 1190 1025 7345 6 570
5779 1195 981 7836 11 591
6101 987 972 7665 15 572
5295 1032 975 7370 5 562
5407 830 1121 7767 76 703
4537 791 1093 7545 6 690
4915 914 1135 7755 8 704
5350 805 1105 7587 6 690
5244 1135 1100 7822 6 694
5661 785 1097 8341 11 687
5218 739 1112 8188 50 723
4382 919 1115 7782 31 717
5788 1261 1147 7583 6 716
4485 1112 1109 8043 8 713
5387 1064 1114 7986 8 705
5477 1159 1115 7602 11 706
5186 1090 1111 7834 5 710
4693 735 1114 7788 6 712
5362 897 1115 7512 5 710
4580 960 1101 7518 186 717
5348 1203 1114 8305 56 707
6376 1003 1136 7984 133 700
5020 760 1100 7747 6 714
4640 913 1104 7517 22 709
5263 979 1111 7932 11 709
5605 1061 1100 7766 22 707
5121 695 1099 8231 6 705
4621 954 1099 7804 6 705
5679 1410 1109 7850 6 705
5540 612 1103 7527 14 702
5317 1171 1103 7576 6 702
5171 861 1105 8162 6 706
5415 1174 1098 7951 16 701
5299 1181 1100 7977 5 707
5520 779 1095 7693 6 886
5431 833 1124 8332 13 771
4901 905 1172 7817 6 713
5562 1091 1099 7868 23 706
5495 1118 1093 7908 39 711
5091 974 1095 7925 6 698
5528 1177 1097 8100 6 704
4435 1176 1096 7335 9 703
4893 891 1097 7361 11 701
4831 632 1094 7559 14 699
5520 763 1096 7958 31 708
5085 734 1104 7480 26 715
5610 1036 1096 7608 10 713
4506 727 1095 7741 5 748
5148 1058 1099 8088 33 700
5663 751 1129 7948 14 700
5214 1198 1096 7628 11 703
5263 817 1095 7821 34 707
5483 914 1088 8188 14 703
5480 1097 1094 7769 5 701
5261 1187 1091 7524 6 706
4550 1016 1092 8025 6 706
5181 1099 1108 8233 6 698
5553 1098 1093 7369 11 699
4707 1107 1094 8592 5 700
5159 1438 1092 7589 13 702
5498 1020 1088 7475 5 701
5565 1031 1094 7428 11 702
5243 1163 1092 7711 6 704
4839 897 1095 7702 12 703
5412 955 1091 7619 24 700
4415 1161 1091 7542 6 704
5441 724 1089 7317 6 700
5719 1105 1091 7449 11 706
5279 854 1095 7523 11 704
5563 757 1084 7200 6 703
4870 1029 1089 7459 5 702
5663 1002 1088 7714 23 707
5537 652 1084 7738 14 698
5464 1109 1087 7977 9 701
5329 739 1088 7987 5 706
5471 1223 1094 7649 5 700
5773 547 1084 7566 6 701
5708 896 1089 7629 5 697
5313 1792 1088 7806 6 702
4990 1073 1084 7703 6 695
4870 1078 1080 7632 6 722
6589 928 1115 9492 9 831
6226 829 1147 7860 11 748
5557 1168 1157 7763 6 708
4639 958 1086 7595 24 726
5394 1278 1084 7218 11 705
5301 1015 1086 7155 6 710
5608 1186 1084 7487 48 700
4638 970 1080 7718 6 699
5494 936 1093 7315 12 710
5370 1164 1094 7480 34 695
4984 971 1084 7799 22 698
5531 1362 1085 7832 5 696
4331 1041 1082 7698 6 702
5391 954 1073 7974 5 696
5385 838 1088 7521 29 703
4415 919 1093 7361 24 698
5357 1016 1076 7523 32 705
4530 657 1074 7815 5 703
5511 1108 1080 7254 24 700
5385 879 1082 7648 5 701
5269 823 1075 7491 6 697
4439 664 1079 7837 6 694
5582 732 1076 7546 5 700
6005 1200 1074 7427 27 700
5015 802 1078 7794 12 700
5256 820 1081 7426 5 701
5316 1186 1079 7487 11 701
5458 887 1080 7238 5 699
5554 672 1073 7498 45 696
5297 1019 1079 7353 18 694
4640 1043 1074 7489 13 715
4633 1031 1116 8098 14 716
5699 630 1105 7612 6 724
5781 1061 1129 7741 12 737
5534 1112 1128 7819 7 753
5878 1025 1116 7965 12 716
5491 1271 1114 7954 13 725
5919 1177 1123 8244 6 725
5528 1116 1125 7692 6 722
5490 984 1081 7292 22 700
5257 1151 1089 6583 30 699
5400 777 1068 7651 23 711
5376 1167 1062 7476 44 695
4711 788 1073 7977 49 701
4895 1204 1069 7622 80 698
5380 1092 1065 7705 26 704
5227 958 1080 7302 25 700
5808 1261 1025 7410 280 668
4628 849 1021 7428 6 652
5117 1023 1021 7587 14 672
4700 1006 1024 8003 23 650
5509 766 1025 7538 23 650
4485 738 1014 7363 11 657
5403 859 1018 7197 10 657
5486 848 1033 7792 6 646
5504 809 1013 7325 5 648
5319 1416 1020 7305 6 642
5410 1014 1020 7389 14 650
5706 992 1020 7531 6 646
5357 753 1016 7629 15 663
4579 806 1014 7715 23 646
5202 834 1019 7463 33 652
5607 752 1046 7255 5 647
5328 1021 1024 7529 6 682
4586 1020 1014 7520 6 648
5321 867 1018 7595 6 648
5486 614 1017 7192 6 647
4604 1325 1017 7387 6 645
5536 955 1026 7198 5 649
5411 966 1010 7412 7 649
4898 1215 1022 7462 22 644
5046 884 1012 7688 6 665
5506 944 1084 7478 7 652
6051 737 1012 7493 6 645
5613 715 1011 7238 6 650
5137 997 1010 7559 6 711
4894 965 1010 7689 22 658
5335 644 1010 7278 5 644
5506 1107 1017 6453 38 659
4436 785 1007 7659 22 647
5242 839 1011 7176 10 643
4900 840 1008 7165 5 639
5204 1235 1010 7370 5 656
5003 1241 1007 7644 11 649
5800 1039 1024 7290 31 649
5399 689 1009 7220 22 649
5574 877 1005 7268 31 649
5780 652 1005 7627 49 647
6145 851 1005 7024 14 650
5442 950 1010 7675 6 646
4728 1054 1007 7403 33 650
4960 762 1008 7531 11 659
5149 1301 1021 6926 5 649
5114 964 1010 7866 12 649
5556 1076 999 7043 5 648
4536 1152 1003 7187 5 650
5155 1048 1006 7267 5 651
5296 830 1002 7070 5 646
4642 672 1012 7256 6 642
4708 1147 1002 7258 9 648
5505 585 1005 7213 14 643
5193 914 1003 7506 183 657
5561 858 999 7674 6 640
5387 941 1003 7073 9 643
5423 858 999 7236 6 642
4459 778 1002 6920 9 643
6159 953 995 6974 6 669
5146 930 1004 7892 6 643
5142 835 995 7378 12 637
5449 738 1003 7278 6 645
5310 892 997 6936 12 645
5409 1281 1002 7280 9 650
5799 1076 1010 7737 5 646
4559 705 1012 7293 10 637
5179 959 998 7823 5 648
5498 994 996 7185 5 648
5436 992 1003 7116 126 644
5446 880 1000 7459 8 638
5454 1082 999 7229 6 645
5604 800 993 7681 10 643
4954 729 989 7110 9 643
5428 984 1007 7667 14 639
5358 1185 996 7173 72 641
5272 1092 992 6191 8 641
5487 1028 1002 7398 11 657
5310 753 994 7114 9 639
5478 1018 991 7045 10 642
4653 1157 993 7029 27 646
5520 697 992 7259 7 641
5898 900 1021 6230 6 639
5566 913 990 7120 6 637
5664 871 991 7082 6 640
4771 748 986 7153 6 641
5796 867 992 7435 39 649
5757 1177 991 6215 6 643
5303 945 982 5957 43 638
4495 747 1001 7137 12 673
5511 1173 987 7752 6 649
5383 882 990 6681 8 639
4841 907 984 5928 14 641
5126 734 983 7209 6 638
5695 862 982 7299 6 640
5314 609 983 7717 9 637
5118 906 978 7170 5 636
5197 1099 982 7185 6 638
5109 672 981 7378 14 638
5439 1012 967 8004 349 613
5735 1096 926 6202 5 583
5278 1071 925 7384 19 585
4847 815 929 7316 8 596
5329 735 966 7332 10 589
4774 951 939 7576 10 591
5842 1097 932 7363 13 587
5494 619 930 7308 9 585
4961 1124 929 7389 10 583
4378 1119 927 7044 13 587
6333 608 927 7576 9 584
5388 915 926 7039 6 583
5393 1038 921 7021 6 583
5216 1224 924 7162 6 582
5637 787 930 7443 6 590
4560 715 926 7171 6 585
5121 1044 927 7217 5 585
5564 1001 924 7190 14 591
4781 1342 927 7137 6 588
5240 1080 954 7239 6 581
5052 711 944 7265 6 589
4085 888 932 7156 10 585
4986 1289 933 7133 6 591
5411 861 923 7176 6 584
5526 792 923 7578 12 600
5708 998 981 8170 8 683
5382 1036 950 7155 6 609
5539 1408 947 7611 17 615
5778 1210 989 5932 18 618
5702 681 939 7585 6 606
5550 754 941 7227 9 599
5629 815 1001 7437 15 643
5623 1431 944 7591 18 617
5309 1166 1014 7861 9 592
5380 1196 965 7140 12 584
5540 1010 929 5822 11 583
5963 1337 924 7508 6 585
4966 808 926 6964 6 591
5620 941 922 7500 6 603
5642 1048 953 7604 9 587
5654 783 946 7519 8 582
5390 865 913 7078 10 600
5342 787 921 6606 7 604
5684 738 914 6924 12 580
5686 1240 936 6850 6 587
5297 806 910 7299 6 583
5161 1422 929 5854 6 583
5010 869 912 7442 6 580
5496 846 932 7069 6 580
5423 821 904 6999 10 577
5241 745 916 7347 6 589
5541 1356 910 7265 6 582
5380 913 905 7912 5 582
5608 707 912 7492 10 590
5648 771 916 7310 14 581
5500 888 914 7227 6 580
5317 1013 919 7488 8 580
5036 682 915 7021 6 587
5541 1308 908 7292 14 580
5706 659 912 7322 8 590
5291 783 922 7661 6 580
4995 849 909 7351 25 587
5672 928 921 5684 11 581
5549 839 919 6826 24 603
5964 1029 927 5790 9 602
5112 942 929 7379 40 615
5081 728 916 7119 12 597
5114 843 948 5667 7 600
5777 1121 922 6979 5 613
5355 1003 924 7245 10 597
5499 980 920 6978 6 599
5381 611 920 7176 5 599
4520 1091 921 6884 6 597
5486 653 920 5961 6 597
5471 621 915 7330 11 595
5545 898 920 7011 8 596
5859 738 923 6950 11 596
5281 982 917 7056 14 599
5747 803 921 7289 6 596
5194 1097 919 7226 18 601
5463 995 913 6897 6 596
5524 792 919 6037 5 594
4842 1004 920 6898 11 596
5412 938 916 7245 11 598
5736 1216 915 7321 6 597
5295 922 915 7033 11 598
5139 721 912 7261 9 598
5280 948 920 6917 11 609
5772 993 916 6808 5 597
5108 806 913 5961 5 596
4896 966 916 6699 5 596
5459 824 907 7472 14 599
5624 830 919 7196 5 595
5635 1033 907 6917 6 597
4315 1151 911 5915 14 601
5308 849 911 7275 16 595
5320 777 912 6692 6 593
4994 1003 913 6920 22 598
5283 918 909 6847 5 594
5436 1257 907 6821 14 593
5779 831 904 7101 5 597
4916 753 903 7419 16 594
5644 1003 910 7054 6 590
4444 801 908 6912 58 600
5186 816 916 6934 14 593
5260 935 906 7275 15 595
5345 1179 907 6901 11 598
5503 1089 910 6051 6 593
5192 1017 907 6783 6 596
4869 690 906 7023 6 601
5325 696 906 7005 8 595
5444 768 907 7186 6 591
5114 752 899 6835 10 687
5355 901 901 7151 5 593
4432 1078 903 6874 6 593
5147 964 899 6946 6 596
5859 854 902 6788 6 592
5093 1173 904 6789 12 593
5426 821 901 7125 8 595
5562 992 894 6977 6 593
5415 780 902 7020 6 590
5361 997 899 6943 6 593
5026 783 894 6757 42 589
5384 1035 897 5889 6 593
5639 997 897 7139 5 586
5567 1017 893 6825 5 594
5686 718 891 6726 81 594
5599 955 897 7245 26 587
5352 1057 894 6892 10 594
5637 818 892 6918 15 590
4966 931 891 7027 69 600
5361 1209 890 6755 12 600
5316 1060 897 6806 10 593
5242 1063 890 6550 14 588
5463 961 892 6874 31 580
5063 810 887 6874 6 584
5485 1030 890 6756 6 581
5503 1005 887 6022 16 579
5635 801 885 6786 8 586
5088 655 892 6974 9 582
5340 869 890 6850 5 584
5250 589 888 6795 6 589
5554 950 886 6821 8 583
5404 733 886 6977 18 589
5180 674 884 7023 23 587
5102 930 884 6843 6 585
5255 1213 881 7417 8 585
5285 910 887 5591 10 586
5693 938 888 6933 8 587
5144 897 886 6718 6 583
5174 818 880 6991 6 583
5007 1283 884 6068 29 583
5606 628 883 6850 6 580
5116 949 883 5935 12 582
5443 829 875 6966 5 581
5528 964 878 6874 6 585
4772 956 882 6722 5 587
5201 609 876 6941 6 586
5352 1020 884 6630 6 586
5362 770 880 5483 6 582
5405 901 877 6904 8 586
5377 1040 881 5850 199 587
5565 1058 881 6738 6 584
5591 1082 880 6843 5 582
5308 986 879 6930 6 583
5598 861 877 7119 5 580
5796 1067 875 7197 8 586
5499 925 873 5460 6 584
5317 1010 877 6789 9 582
5538 1160 878 5444 6 584
5465 1190 869 7049 6 580
5361 1034 875 5684 6 582
5470 948 873 5811 6 588
5398 993 876 6984 11 581
5445 992 871 6627 20 586
5410 763 870 7076 5 592
5447 954 867 7341 29 674
5871 1124 945 7357 14 639
5933 962 975 7683 31 627
5556 807 933 7160 7 622
6014 952 942 7289 11 623
5983 1154 929 7360 20 625
5650 933 929 5736 25 629
6226 900 893 7242 813 582
5820 993 878 6403 62 579
6166 811 885 5804 7 585
5845 862 868 7372 14 625
5895 785 934 7511 6 561
5270 784 855 7389 23 552
5872 808 844 6144 6 574
6045 1041 890 6172 6 593
6111 891 892 7471 25 600
5759 1222 807 6684 2861 505
5913 1155 854 6369 24 562
6043 727 878 7294 39 514
4894 967 845 7105 12 572
5932 836 853 7213 115 527
5987 929 801 7250 76 526
6068 649 766 6227 535 425
5839 923 723 6751 140 425
6247 796 707 6832 33 407
5078 973 735 5976 569 394
5552 1116 710 6683 61 390
5276 763 677 7205 15 399
5453 886 681 6794 8 394
4451 775 676 6365 6 388
4918 704 672 6334 65 383
5534 880 667 6488 95 379
4542 787 675 5753 6 384
5099 935 667 5681 9 391
5831 876 672 6549 14 373
5578 797 663 5917 9 388
4757 846 668 6791 8 389
5574 1043 651 6169 23 367
4908 816 647 6260 6 390
5216 633 650 5324 6 391
5522 963 640 6068 22 378
4994 748 642 5652 36 374
4866 693 651 6476 6 369
5366 767 638 6324 6 414
4979 617 675 6112 10 368
5107 888 645 6516 6 369
5344 725 644 5444 6 367
4909 816 641 6241 6 374
5241 823 636 6235 6 383
4914 734 640 6357 5 372
5034 1024 640 6118 6 375
4941 1213 686 6215 22 371
4267 806 643 5995 14 368
5029 857 645 6373 6 360
4986 746 638 6573 6 364
5597 866 639 6096 6 365
5466 898 643 6211 5 365
5118 968 636 6399 31 367
5259 938 680 6402 6 365
4966 994 641 6409 5 368
5170 749 645 6069 5 366
4648 957 640 6422 6 364
4958 946 633 6065 6 364
5002 917 630 6252 5 365
4965 674 634 6127 5 361
5180 975 636 5907 6 366
5058 837 638 6310 5 365
5260 736 633 6251 6 361
4903 607 648 6207 27 362
4303 838 664 6226 5 365
4501 1192 637 6329 8 365
5127 943 636 5514 6 365
5360 1030 675 6071 5 370
5506 969 632 6134 76 362
5137 971 633 6319 47 370
5223 835 634 6188 9 360
5272 895 634 6228 369 368
4649 1168 640 6185 9 366
5006 893 636 6371 11 382
4824 870 636 5477 5 362
4851 906 629 6112 12 368
4593 1132 626 5526 5 361
5960 745 631 6519 5 363
5007 780 634 6345 12 365
5225 1020 629 6267 6 368
5572 921 636 5271 5 362
5431 748 641 6006 14 363
4881 592 631 6121 6 364
5117 910 672 6266 3373 424
4267 888 671 5976 5 408
5067 838 671 6047 11 406
5137 900 669 6353 5 413
5348 625 673 6192 6 405
4952 675 665 6283 134 404
5353 701 770 5843 143 511
5444 1160 780 6088 6 506
5400 969 763 6163 6 516
4900 591 774 6180 6 513
5585 707 767 5895 5 539
4288 910 774 6395 6 513
4931 688 766 6431 25 510
5157 851 776 6098 6 514
5024 801 764 6013 6 512
4900 916 768 6477 5 502
5089 617 764 6305 6 505
5505 783 768 5355 6 506
4740 969 771 6336 6 513
5090 980 762 5982 6 507
5098 748 767 5921 6 512
4808 729 765 5921 5 506
5211 815 769 6099 6 510
4794 890 763 6303 6 509
5046 939 762 6279 6 509
5009 745 759 5459 6 503
5061 1095 763 6460 5 507
4988 778 764 6065 6 508
5084 952 765 5912 5 508
5052 1166 764 6146 6 503
4750 1088 764 5968 24 530
4387 915 774 6095 11 516
4557 976 759 6230 5 556
4840 839 768 6135 6 508
4513 742 763 6397 6 511
5478 1046 758 6471 5 513
4428 770 761 6190 6 504
5007 707 760 5042 5 508
5111 708 763 6131 48 544
5053 716 768 5919 7 508
5430 774 759 6134 6 511
5012 812 761 5985 5 507
4474 661 764 6082 5 508
4385 698 775 6289 6 509
5217 856 753 5828 5 508
5218 722 749 6198 5 511
4747 719 754 5347 6 503
5276 888 749 6115 197 533
4582 1060 746 6061 8 497
5282 773 752 6428 8 492
4381 995 746 5859 9 492
4606 768 759 5319 12 495
5083 924 736 5870 35 489
4473 719 738 5793 5 494
5062 807 733 5373 6 485
5195 1153 747 6210 9 489
5150 612 740 5938 5 484
5012 981 754 6112 11 487
5006 985 747 6020 13 499
5255 1053 746 6222 27 501
5156 885 739 6176 26 486
4965 953 742 5961 59 487
4280 716 735 5289 16 488
4990 883 738 5826 31 485
4944 928 683 5976 2373 430
5233 860 674 6019 50 435
5255 767 675 6079 6 433
5043 890 673 6065 5 429
4423 835 681 5319 10 430
5178 1061 677 6188 6 451
4899 916 727 6235 5 434
4486 628 678 5332 6 433
4397 887 675 5906 6 430
4360 670 680 5971 6 429
4995 949 677 5927 33 433
5150 962 678 6030 6 429
5223 1252 678 6174 6 436
5338 1228 692 6361 6 459
5544 846 733 6312 6 464
5420 984 697 6436 6 463
5390 1155 695 6295 6 445
5222 998 690 6289 6 449
4721 846 694 5498 6 440
5327 808 710 6430 6 451
4665 734 698 5372 6 442
5615 829 697 6272 6 442
5306 775 686 6120 6 442
5172 972 681 5987 13 441
5080 938 667 6250 128 428
5137 955 666 5849 11 434
5146 979 665 5857 8 428
5335 915 671 6108 5 430
5179 836 669 6157 6 424
5029 1156 668 5773 138 423
5166 655 661 5900 6 424
4688 1050 671 5944 6 435
5257 729 710 6204 6 430
5315 614 648 6074 1583 420
4564 703 651 5973 20 423
5056 677 662 5995 6 417
5079 748 654 5040 11 414
4992 660 652 5893 6 419
4301 763 651 5957 6 414
5007 1051 646 6095 6 418
5257 926 658 6134 5 411
5036 736 649 5878 6 424
4509 764 618 5857 200 389
4467 837 625 5716 46 390
5193 972 625 5933 23 381
5152 769 622 6012 835 393
5143 888 617 5401 59 393
4995 833 622 6282 9 388
4306 1008 621 5828 6 383
5064 635 625 5876 37 389
4391 851 617 5900 8 391
5039 842 617 5137 9 388
4325 736 616 5760 6 389
4935 1130 627 6001 6 386
5086 863 620 5899 6 400
5156 737 618 5087 5 387
4371 868 625 5927 6 384
5042 756 616 5938 6 397
5076 936 618 5949 10 393
4385 987 618 5025 142 395
4538 737 618 5748 21 394
5027 1154 622 6022 12 380
5031 835 610 5731 6 385
4614 748 614 5848 62 393
4930 727 608 5989 6 380
5038 799 612 5698 6 379
4910 757 610 5790 6 383
5253 730 611 5853 6 389
5186 753 610 5886 6 380
5046 1013 612 5836 5 378
4469 740 613 5921 31 388
5003 653 602 5923 10 380
4892 1139 610 5827 6 378
4879 663 601 5140 5 377
4923 725 608 6092 5 378
5264 648 608 5805 19 373
4341 766 600 4920 39 384
5000 688 601 5806 29 377
5098 698 591 5285 294 366
4828 799 595 5068 9 373
4027 578 570 5625 249 364
