RIndependent Gonzalez BaselineGreedy Bottleneck Dynamic FullyDynamic
3371 422 3687 28493 6 18
3988 391 3695 29987 6 23
2974 417 3958 28388 5 20
2849 415 4371 27835 4 14
2982 452 3654 30521 12 25
3389 595 4209 29647 6 19
2853 380 3638 30283 48 22
3296 608 4791 29438 5 26
2742 449 3742 29034 6 20
2847 422 4197 32805 6 23
3417 440 4111 30448 5 18
2701 359 3837 27343 5 17
3075 453 3987 28659 5 16
3259 408 4026 28842 3 28
2646 418 4836 28815 6 25
3440 388 4325 27639 5 20
3231 565 4643 33109 4 25
2615 611 4291 27909 4 20
4192 469 4064 28656 3 16
3190 403 4317 27990 4 16
2900 404 3608 25706 7 19
2723 602 5073 31464 4 25
3057 421 4358 28735 5 27
3215 520 3735 29218 6 21
4191 513 4211 29757 5 17
3125 390 3591 27463 6 20
2975 363 3364 27950 5 16
2666 397 3585 25300 5 16
2714 392 4107 25088 4 17
2773 388 3475 25568 4 18
2685 380 3552 25514 4 20
2851 379 3560 25791 4 19
2764 382 3617 26351 3 16
2712 394 3741 27424 5 36
3604 388 3932 26455 6 16
3205 448 3537 27567 7 24
3675 472 4331 28973 7 25
3070 361 3791 26538 5 19
3008 370 4105 27022 3 16
3221 410 3967 27919 3 21
2874 393 3758 26817 6 23
2629 403 3797 26164 3 15
2697 388 3767 27169 3 16
3089 386 3716 26915 5 15
2802 350 3805 26072 5 14
2698 406 3583 26582 3 19
2815 397 3754 26842 6 22
3006 404 3781 26241 5 16
2820 418 3564 26456 4 19
2863 408 3743 26881 3 17
2805 403 3907 27868 4 19
2591 398 3739 25812 3 19
2568 408 3661 27126 4 18
2851 395 3740 28636 5 19
2753 391 3651 27012 4 15
2793 412 3454 26959 4 15
2825 392 4272 28651 5 42
2906 477 3650 27121 6 27
3270 365 4043 26617 3 22
3071 423 3869 30298 3 17
2886 375 4402 29097 5 15
3286 455 4068 27339 14 18
3133 434 4163 29438 3 18
2886 392 3837 28250 3 18
2608 412 4450 26843 5 18
3075 391 3814 27247 4 22
3450 380 4536 25737 4 17
3604 384 4998 25586 5 20
2677 455 5425 35276 5 16
2838 361 4126 27817 4 17
2715 450 4034 28452 4 18
3014 450 4375 29613 5 15
3310 358 4009 27555 4 19
2595 403 4791 30673 5 19
3273 390 3991 28782 4 18
2738 402 3752 29327 4 15
3124 418 3631 26137 13 20
2935 410 4477 30011 4 20
2621 392 4121 27993 3 18
2994 450 3540 34696 4 17
3329 446 4162 29602 4 16
3186 393 3506 28624 3 17
3198 364 3881 29004 6 40
2776 451 4395 38220 4 19
2593 355 7695 31144 55 20
2679 381 3346 24992 4 16
2743 401 4714 27221 5 18
3837 370 3980 26059 4 16
2679 482 4311 28477 4 29
2864 455 5134 29581 4 18
2851 475 4447 27465 4 20
3317 438 3566 27707 15 21
3058 436 4162 29278 10 29
3182 436 3962 28491 11 18
2604 446 4260 26864 5 16
2818 434 4193 29452 16 21
3082 413 4375 29556 3 15
2590 408 3407 29722 4 15
3288 403 3665 28648 4 20
2952 420 4190 29678 3 18
3188 476 3634 27566 11 17
2831 354 3681 28232 5 20
2726 451 4052 27493 5 17
2652 370 3575 26467 5 18
2967 498 3608 30997 5 17
3037 465 4347 29634 3 26
3486 410 4352 27749 4 18
3112 441 3398 28186 5 17
2824 439 4290 28941 11 26
3128 403 3896 29252 4 17
2557 456 3827 27699 4 14
2621 523 4101 29214 4 16
2837 393 4213 28564 4 16
2933 390 3500 28256 3 14
3036 458 3655 27369 4 17
3085 444 4282 29434 10 26
3198 416 4002 27688 11 16
2579 405 4277 28202 4 17
3061 420 4309 29448 10 23
3163 378 4108 27119 3 15
3223 400 4110 27948 4 15
3006 396 4162 28398 4 20
3255 466 4226 29541 3 28
3130 358 3960 27236 3 25
2907 375 3763 29806 10 18
2811 458 4120 29059 3 15
3037 381 3877 27570 4 15
2576 461 4029 27411 5 22
3512 400 4104 28310 4 28
3900 486 3678 30824 4 19
2717 391 3859 29819 5 19
3021 428 4144 29863 3 25
2867 439 4148 28277 11 15
3046 456 3644 29606 4 18
3089 458 4053 29411 3 17
2794 430 3990 27286 5 15
3095 360 3609 27808 5 17
3159 456 3981 28134 3 20
2933 480 4121 28826 4 16
3436 509 3490 25812 4 15
2969 450 3939 30588 16 19
4491 377 4232 25870 7 18
2696 392 4050 30344 5 18
2809 402 3671 27369 6 22
2768 397 3720 27904 7 18
2830 441 4904 26451 6 18
2812 400 4005 26200 4 23
3015 379 4732 30620 6 20
3380 485 3972 28639 4 26
3480 363 4306 27395 4 21
3081 431 4761 31497 4 22
2568 436 3612 29942 3 16
3510 456 3710 29431 3 17
2781 397 3733 28695 3 15
2983 407 4240 28393 3 15
3138 443 3650 29400 5 15
2964 458 4093 29600 4 14
2935 462 3742 27530 9346 15
2575 411 3899 27296 4 19
3230 399 4168 29077 4 27
3212 406 4241 27819 4 19
2555 399 3691 29530 5 14
2703 380 3589 32597 5 23
4290 368 4754 29001 4 16
3664 358 4270 29529 5 18
3332 391 3866 27944 3 15
2682 447 3409 29298 3 15
2841 477 3655 28601 4 17
2808 829 4001 27792 3 17
3025 449 3941 27743 4 19
3001 378 4587 27664 5 18
3333 427 3977 29033 4 19
3105 502 3950 28342 4 14
3249 403 3569 28493 4 15
2952 387 3437 25788 5 17
2669 387 3507 25216 4 17
2618 371 3505 25254 5 18
2608 472 4127 31641 5 26
2770 432 3913 29741 3 16
2890 414 3565 26318 4 24
2842 378 4432 27602 4 19
3206 473 4148 29564 4 16
3230 454 4036 28502 3 15
3239 450 3669 27785 5 15
3213 396 4245 29024 5 22
3144 434 4092 30055 3 16
3203 398 3430 27693 3 22
3261 355 3835 29236 4 17
2616 441 4205 29348 4 15
3027 400 4039 30858 5 19
2695 403 3967 27824 5 17
3522 394 3973 29292 4 15
2793 408 3946 28149 4 17
2812 449 3771 28352 4 15
2603 347 3478 25778 6 20
2826 396 3662 26369 5 19
2810 509 3517 26292 13 31
3667 487 4112 28019 4 22
3122 598 6355 28938 9 28
3637 386 5274 26932 5 20
2702 420 3726 26011 7 28
2833 418 6213 26695 6 32
3351 467 3648 39111 7 33
3974 422 4371 31482 4 19
3387 377 3595 27964 5 18
3044 456 4128 29541 6 15
3184 434 3399 28538 5 20
3160 410 3547 28334 6 25
3690 480 4827 25885 12 17
2742 365 4329 29716 5 20
3657 430 3964 31197 6 22
2705 375 3536 26135 5 22
3386 399 3541 25599 8 18
4245 377 4418 33706 5 15
3158 400 3905 26638 4 16
3130 388 4089 28847 4 19
3071 395 4330 29358 6 17
2654 395 6878 28164 5 32
2818 365 4051 33126 4 14
2819 424 4182 28969 8 15
3308 395 3347 28142 4 20
2580 385 3724 25788 12 21
2683 379 3459 25102 5 16
2906 391 6770 25101 11 21
2593 365 3462 25035 4 17
2647 376 3437 25170 9 16
2651 372 3463 25033 4 15
2663 362 3547 25291 5 20
3197 476 4273 29280 13 27
3434 415 3500 27197 4 21
2903 353 4005 29668 6 41
3226 404 4411 28447 6 19
2582 542 3506 28685 12 29
2984 447 4169 28602 3 20
2883 401 3734 27010 3 17
3003 374 3613 26490 18 19
3213 446 4234 28188 4 26
2865 482 4207 28294 4 16
3236 444 4226 27281 4 15
3108 683 3873 28968 10 18
3314 394 4267 29453 5 17
3195 368 4111 26908 4 18
2876 360 4136 28115 13 16
2973 455 4301 27670 4 17
3048 377 3923 28385 4 14
3191 456 3428 28851 12 18
3206 401 4296 28439 4 14
3278 460 3623 25952 4 14
2686 437 3522 27864 5 29
3049 430 3966 26275 10 17
2688 370 3540 30159 5 15
2809 447 3339 25536 5 19
3037 407 3995 27672 11 17
2873 424 3287 29330 4 17
2884 355 3858 27268 4 19
2782 351 4211 28396 11 16
3044 461 3975 29317 9 16
2761 423 3407 27405 4 18
3046 423 3930 28452 4 15
2878 362 4065 29734 20 21
2652 378 3457 28258 5 16
3173 408 4619 30730 4 23
2999 460 3780 30352 4 16
2875 350 3990 26921 9 15
2838 368 4392 25996 5 21
3032 432 4207 28955 3 22
2831 383 3979 27020 10 20
2862 391 3682 25982 4 16
3165 477 3946 29273 3 13
2844 450 4120 27988 3 14
2826 341 3770 28762 7 15
2877 352 3394 26406 5 20
2636 487 5052 26867 4 15
3967 524 4257 26433 10 14
3276 442 3370 27477 5 19
3169 435 4027 29321 4 19
2979 382 4092 29521 3 17
2551 354 4240 25732 9 15
2638 346 3644 26174 3 16
3256 410 3808 28071 15 32
2906 588 4203 30013 10 22
2749 373 4228 26647 3 15
3098 365 3313 29101 5 24
3160 421 3695 26787 5 19
2745 411 3269 23408 9 14
2504 345 3287 23956 3 15
2780 339 3304 24958 4 16
2864 365 3353 25706 10 16
2598 376 3475 24840 4 16
2611 378 4508 27071 4 15
2485 368 3646 27170 4 19
3398 454 3600 27176 10 21
2864 376 4129 26972 3 15
3429 448 4191 28925 4 19
3295 466 4190 28507 9 15
3240 450 4138 26614 3 14
3236 467 4104 28613 4 17
3100 383 3689 27699 30 13
3210 357 3447 28054 11 15
3192 392 3618 28374 16 18
3016 390 4160 29421 7 18
2953 464 3436 27622 4 17
3105 376 4099 27056 8 25
3146 843 3987 27868 4 14
2938 386 4231 27968 8 13
2949 445 3701 28269 4 16
2811 414 3494 26132 5 25
3285 464 4293 26331 41 19
3331 402 3625 30833 13 70
3899 413 3599 41132 5 17
3034 383 3348 28945 5 16
6150 408 4783 31038 5 24
3607 574 4111 28730 6 16
2600 344 3857 24852 15 19
2613 425 3711 31502 8 20
2766 392 3750 28858 10 17
2907 345 3467 26412 6 18
2642 470 3750 27546 6 17
4076 395 3947 30397 21 19
2799 401 3485 28448 13 53
2801 455 4444 27842 12 17
2772 447 4165 28553 7 18
2671 425 3646 27134 7 19
3250 589 3825 28500 6 22
2642 469 3790 28576 13 16
2924 537 3599 32023 5 17
3771 547 5516 32369 5 21
2568 472 5206 28682 4 18
3303 476 3824 29592 10 15
2660 495 5044 29228 5 16
3145 397 3616 26653 5 19
3083 394 4613 29150 17 18
3801 429 4064 28327 12 23
2644 397 5114 29801 6 21
3728 623 3581 29455 10 25
2732 388 3976 26952 10 18
3188 399 3481 28197 6 26
3991 392 3666 27514 5 17
3717 407 3354 28758 14 17
3274 467 4215 29733 4 17
3238 396 4089 27285 11 15
3244 443 3661 27142 6 17
3273 445 3747 34542 6 18
3275 448 3902 27345 8 15
2886 465 3702 26446 6 18
2666 557 4158 32377 8 21
2698 480 4297 29236 7 25
2782 370 3954 31891 6 26
3166 494 3992 27405 9 21
2568 419 3942 26216 4 18
2801 387 4181 28848 4 17
3251 404 3677 27177 12 16
2760 441 4084 26869 4 14
2700 437 4099 28129 5 17
2663 456 4320 28262 3 18
3166 451 3693 27029 21 20
3194 377 3334 26932 16 16
3014 400 4210 28553 4 19
2895 408 3492 25012 10 17
3798 376 3463 28854 6 22
2992 418 3782 26017 5 16
2651 368 3718 25648 15 29
2618 348 4403 28642 8 20
2557 358 3496 34310 11 29
6251 432 4280 36253 23 24
3310 671 4609 28085 12 19
2924 381 5109 32611 12 22
4120 405 3660 27269 6 18
2853 362 4797 27466 6 19
3081 368 3435 31606 4 20
2992 390 3427 26621 14 16
2636 390 4400 30058 6 16
2574 457 4095 29674 6 16
2810 395 3638 28617 7 18
3456 659 3934 27181 10 15
2975 470 3999 28058 12 25
3118 399 3969 24601 4 15
2782 372 3504 30033 89 78
2818 616 3803 36006 6 31
4133 1025 3873 28014 7 21
3453 379 3437 29057 7 17
3263 518 3705 31177 10 21
2951 420 3536 27162 6 20
2551 354 3990 26504 9 17
3089 439 4372 27831 4 17
3302 457 3988 27076 5 24
2670 353 3999 26862 9 25
2893 444 3727 27731 5 20
3313 428 4141 27675 7 23
3487 384 4475 30878 15 24
3121 494 4779 30196 5 18
3008 361 3500 25331 7 25
2919 458 4475 31841 7 28
3470 422 4400 34283 9 21
2674 400 3834 26282 11 18
2650 364 3527 25010 9 21
2581 378 3426 24885 6 22
2726 490 3555 26351 7 17
3182 419 3633 42507 10 18
2788 407 3470 64351 6 51
7855 1871 8932 83185 6 20
