EStree DecrementalDynamicSSSP Dijkstra ScaledEStree
2561 156021 153 1705
7 8521 157 3
1 8431 151 2
1 4215991 151 13
4 8958 157 10
0 8364 153 5
1 8362 151 3
3 8331 151 35
0 8224 149 2
0 8430 153 2
0 8294 169 2
0 8324 170 2
0 8362 167 2
16 8426 149 2
0 8408 151 2
0 8426 151 2
1 8431 150 2
1 8248 149 2
0 8259 149 2
1 8379 149 2
0 8305 149 2
7 8400 149 2
2 8389 148 2
0 8388 148 2
0 8372 151 2
0 8405 147 2
1 8287 148 5
0 8393 148 2
8 8429 149 4
1 8401 149 2
1 8338 149 3
1 8305 148 2
0 8362 146 2
1 8303 147 2
5 8331 146 2
6 8337 146 2
1 8354 146 2
1 8325 151 2
0 8435 147 2
1 8316 147 8
0 8385 146 2
1 8290 149 2
0 8396 147 2
0 8229 148 18
1 8322 149 2
0 8208 166 2
1 8433 145 2
1 8333 145 8
54 35127 145 150
33 8463 147 9
0 8294 144 2
0 8370 144 8
0 8480 145 2
0 8509 146 8
0 8428 150 2
0 8505 144 2
0 8284 144 2
0 8231 144 8
0 8283 145 2
0 8278 144 8
0 8241 145 8
0 8315 144 2
8 8356 145 2
0 8461 147 8
0 8451 143 2
0 8387 146 8
0 8389 153 8
0 8395 146 7
0 8449 146 7
0 8404 145 13
0 8330 145 3
0 8447 144 3
0 8395 148 2
0 8401 146 8
0 8400 145 7
0 8351 145 8
0 8428 147 8
0 8246 149 8
0 8547 144 2
0 8354 143 2
0 8477 143 8
0 8382 144 6
0 8530 143 2
0 8335 143 2
0 8443 143 2
0 8433 144 8
0 8404 144 2
0 8375 142 8
0 8451 142 2
0 8452 142 2
0 8595 145 2
0 8403 143 2
0 8417 142 8
0 8398 142 7
0 8448 141 2
0 8444 145 8
0 8431 142 2
0 8446 141 2
0 8422 146 324
18 8314 176 8
26 8394 141 10
9 8280 142 2
2 8515 140 11
0 8237 142 10
1 8358 143 6
0 8392 142 4
0 8482 141 3
20 8331 141 34
0 8366 145 10
0 8377 142 2
0 8335 145 2
0 8424 140 2
0 8276 141 2
0 8324 141 2
0 8339 141 2
0 8318 140 2
0 8429 143 2
0 8383 141 2
0 8312 142 2
0 8448 141 9
0 8320 144 10
0 8369 141 2
0 8289 141 9
0 8471 140 2
0 8341 152 2
0 8385 140 2
0 8348 141 2
0 8361 138 160
8 8526 136 10
0 8506 136 5
0 8291 137 9
2 8488 135 2
0 8328 137 9
0 8319 137 2
0 8514 137 2
0 8414 137 2
0 8375 136 2
0 8398 136 2
0 8328 140 2
0 8467 137 10
0 8371 137 10
0 8354 136 10
0 8353 137 10
0 8373 136 2
0 8288 140 2
1 8345 135 2
0 8414 137 2
0 8322 137 9
0 8348 136 10
0 8353 136 2
0 8386 136 10
0 8358 139 2
0 8382 137 9
0 8260 139 2
0 8325 140 2
0 8252 135 9
0 8491 137 10
0 8295 137 2
0 8214 136 2
0 8239 136 10
0 8219 135 2
0 8255 134 9
0 8265 136 2
0 8221 139 9
42 8189 136 9
37 8231 135 10
0 8289 137 10
0 8355 136 2
0 8343 136 10
0 8296 135 2
0 8391 136 10
0 8308 135 9
0 8423 135 2
0 8317 136 2
0 8323 136 10
0 8309 159 10
0 8450 138 9
0 8336 137 10
0 8385 137 2
0 8328 137 10
0 8203 137 9
0 8226 137 2
0 8217 136 2
0 8278 136 2
0 8236 138 10
1 8265 136 3
0 8427 137 9
0 8391 136 9
0 8340 137 10
0 8404 137 9
0 8468 137 10
0 8325 136 2
0 8420 135 10
0 8346 136 2
0 8412 136 2
0 8312 136 10
0 8386 136 2
0 8402 135 2
0 8400 134 10
0 8340 135 10
0 8307 135 9
0 8393 134 2
1 8463 135 3
0 8286 134 2
0 8320 135 9
0 8214 135 10
0 8285 135 2
0 8293 135 2
0 8286 135 2
0 8222 136 206
0 8221 138 10
0 8290 137 10
0 9357 139 11
0 8362 144 9
0 8378 136 10
0 8341 135 2
0 8277 136 10
0 8386 135 9
0 8304 151 2
0 8457 134 10
0 8352 134 9
0 8485 135 10
0 8356 135 10
0 8385 135 9
0 8430 136 10
0 8400 134 10
0 8376 134 2
0 8430 137 9
0 8459 135 212
0 8368 135 11
