EStree DecrementalDynamicSSSP Dijkstra ScaledEStree
2173 743158 207 2142
37 83201 209 7
12 80831 202 2
0 80987 202 2
0 80601 201 2
0 80601 204 1
1 80315 200 1
9 80551 204 2
0 80257 200 2
0 80310 201 2
1 80350 202 2
7 80691 204 3
1 82946 206 3
0 80410 204 2
0 80689 203 2
1 80161 200 2
1 80814 202 2
0 80306 202 1
7 80662 201 2
8 80205 202 1
4 82611 210 2
1 84451 221 2
7 84266 204 7
6 80528 203 2
1 80788 204 2
51 81581 212 2
59 81235 214 2
25 80563 206 2
39 80865 203 2
0 80579 205 1
0 81116 202 2
0 80436 200 1
35 81192 203 1
6 84849 229 2
10 86854 214 2
737 86003 231 3
5 87812 218 2
56 87714 222 4
5 84931 214 2
8 83885 217 2
252 84951 214 2
249 82497 211 4
229 81732 210 3
29 81279 200 3
97 80977 199 3
15 80576 198 2
0 80858 197 2
0 80468 198 3
0 85178 261 6
2 82761 212 3
94 80904 205 6
1 80939 202 3
1 80969 200 2
1 81092 202 2
9 80990 202 2
7 81011 198 3
7 83199 221 3
1 83975 207 2
1 83275 205 3
1 81001 201 3
1 80673 197 3
1 80641 200 3
1 80625 199 3
0 80822 199 2
1 80626 201 2
0 80911 199 2
1 80872 199 2
1 80863 198 2
1 80792 198 2
1 80979 198 3
1 80818 200 2
0 80691 199 2
0 80757 200 1
1 80862 203 2
8 80537 197 2
8 80928 198 2
0 80716 197 2
0 80670 199 2
0 80955 199 2
0 80483 198 2
0 80605 196 2
1 80871 197 3
0 80600 196 10
0 80605 201 2
1 80590 197 2
1 80198 207 2
0 80636 197 2
7 80555 199 2
12 80612 200 3
0 80857 197 3
0 80479 200 2
0 80682 196 2
0 80516 196 2
0 81403 220 4
0 84400 205 3
1 83493 213 3
1 80950 198 6
9 80711 198 6
1 80644 197 3
0 80508 199 1
0 80604 201 2
0 80669 198 2
0 80375 197 2
1 80537 197 2
1 81078 198 2
1 80740 197 2
5 80801 197 2
0 80866 197 2
1 80536 197 2
6 80555 198 2
13 80506 196 2
13 80516 196 2
0 80976 197 3
4 80732 196 3
1 80937 198 3
0 80759 198 2
0 80577 198 2
0 80897 195 2
0 80620 197 3
1 80676 197 2
0 80385 196 2
0 80923 197 2
0 80322 198 2
0 80630 198 2
1 80408 197 3
0 80593 198 2
1 80828 201 3
5 81046 196 2
5 80927 196 2
0 80865 196 2
1 82924 207 3
32 83706 217 3
1 82978 200 3
1 80650 199 3
0 80757 198 3
0 80814 199 2
0 80694 209 2
1 80882 196 2
1 82134 222 7
20 86086 221 4
1 82021 202 4
13 80800 199 3
1 80676 199 3
9 80767 196 3
5 80650 198 2
6 80793 199 2
1 80674 198 2
11 80637 197 3
0 80643 196 3
4 80540 194 2
23 80849 197 2
0 80832 198 3
1 81048 201 3
36 80948 198 2
1 80871 198 2
7 80948 197 2
0 80846 197 2
0 81445 203 6
1 81152 199 2
1 80695 198 2
0 80741 199 2
1 80551 196 2
0 80785 198 2
1 80872 203 2
1 80822 195 2
5 81082 197 2
7 80832 197 1
0 82782 207 3
1 84720 209 3
1 84590 199 2
1 80808 199 2
0 80507 195 2
5 80827 199 2
0 80510 196 2
1 80585 197 2
10 80827 200 2
7 80643 196 1
16 80621 197 2
4 80756 198 2
0 80615 194 2
0 81059 195 2
6 80630 202 2
5 80597 196 2
1 81313 197 7
4 80892 196 2
8 80366 195 2
4 80784 194 2
1 80559 193 1
5 80508 198 1
5 81134 198 2
0 80583 194 2
4 80701 197 2
0 80448 199 2
6 80370 198 2
15 80293 195 1
1 80266 195 3
1 80463 195 2
5 80330 194 2
5 80631 195 1
0 85178 211 4
1 81079 198 2
1 80941 198 2
7 81494 213 4
8 91396 219 4
2 84540 207 4
7 95430 223 4
65 86506 211 3
7 82444 203 3
2 81537 210 3
1 82237 200 3
10 82081 202 3
1 81252 198 3
1 82808 207 4
1 89459 202 4
2 82147 202 3
1 83612 215 3
275 82925 205 3
8 81876 202 3
1 81417 200 3
1 80944 193 3
7 81347 208 2
0 81144 210 2
1 81074 215 3
1 81148 195 2
8 81320 198 2
7 80936 195 2
0 81077 211 2
0 81026 196 3
1 83384 211 3
1 85944 215 4
2 85692 214 4
1 85413 208 4
1 85913 223 4
1 88036 218 4
261 86143 209 3
7 83707 228 4
1 85267 214 5
2 81651 198 3
7 82187 201 2
10 82242 198 3
1 83946 213 4
1 84610 217 3
13 82349 197 3
260 80822 196 3
1 80565 192 2
0 80601 190 2
1 80857 193 2
0 81043 192 2
0 81024 215 2
0 81090 190 2
0 81270 192 2
6 81173 192 2
8 81377 204 4
1 81068 194 3
0 81191 193 3
1 81118 193 3
0 80969 193 3
12 80704 191 2
0 80602 192 2
1 81100 195 3
9 80759 192 1
5 80987 193 2
0 81522 199 3
9 80862 194 2
13 80947 192 2
16 82598 197 2
13 82140 200 3
25 81419 194 2
10 81078 196 2
4 81129 191 2
0 81179 192 3
1 81264 201 3
2 81111 193 2
1 81037 192 3
1 81291 192 3
1 83025 212 4
11 87536 218 4
1 86562 210 4
17 87411 207 4
10 82694 197 3
9 81232 193 2
2859 80824 187 2
1 90356 221 5
9 105927 208 5
11 82706 195 3
1 82836 190 3
2 81188 190 3
927 80813 189 2
767 82609 197 3
1 81109 185 2
6 80932 187 2
5 80947 184 2
8 80483 186 2
1 80780 184 2
0 80706 182 2
0 80885 181 2
1489 80530 184 2
13 80975 186 2
0 81138 184 2
30 80466 182 3
81 80784 191 3
7 88854 192 4
92 81027 189 3
198 80703 186 2
1 80972 183 2
1 80734 187 2
1 80600 181 2
0 81138 183 2
1 81083 179 2
6 80632 181 2
1 80755 184 3
1 80591 180 2
7 80858 186 2
0 84201 184 2
1 84263 190 3
1 81201 185 2
0 80708 183 2
0 80626 182 2
6 80758 182 2
1 80794 183 3
1 80659 181 2
1 80679 182 2
7 80583 184 2
0 80828 180 2
0 81019 182 2
6 81745 189 2
1 80762 183 2
1 80796 182 3
6 80717 183 3
0 80879 180 2
0 80821 179 2
1 80777 184 3
1 81062 180 2
1 80893 178 2
1 81107 181 3
1 80499 182 3
15 81000 180 3
0 81092 182 2
1 80590 191 2
1 80908 180 2
1 81089 184 3
7 80973 181 2
1 81090 181 2
1 82867 186 4
1 81132 181 3
1 80661 189 2
1 80997 180 2
1 81283 183 3
1 83579 195 4
1 87923 203 3
9 90984 198 4
1 88232 287 4
1 86715 267 5
5 84390 189 4
1 81254 182 3
2 80779 182 3
1 81545 182 3
1 81037 183 3
2 81010 179 3
1 80546 179 2
0 80740 180 2
1 80926 180 2
1 80551 179 2
1 80523 180 4
11 80733 182 2
1 81139 177 2
1 81504 180 3
6 80945 182 2
0 81118 180 3
0 80914 181 3
1 80878 178 2
0 80813 181 7
10 81196 184 2
20 81061 178 2
16 80497 183 2
0 80888 178 3
5 80857 178 2
0 80868 178 3
0 80993 179 2
0 80512 181 1
0 80622 179 2
7 80489 180 2
0 80811 179 2
0 80579 182 2
0 80920 177 3
0 82316 210 5
36 88523 199 13
25 88489 198 5
13 87643 188 6
14 84760 245 8
3 82618 215 4
11 83646 187 4
2 85127 186 4
9 83363 199 5
11 83774 192 4
1 85578 186 4
1 82263 185 4
1 83504 188 4
13 83120 188 4
1 82338 183 14
9 82526 189 3
53 82343 186 5
46 82476 190 3
18 82809 189 7
8 81536 183 8
274 80665 181 2
1 81027 179 2
6 83428 201 4
8 87819 186 4
3 85034 185 4
2 86036 192 4
3 84106 193 5
2 81565 181 4
2 81786 181 3
2 81676 179 3
1 81272 187 3
1 81404 183 3
1 80852 178 2
1 81225 182 3
7 81192 177 3
1 81076 200 3
1 80927 175 3
1 88519 193 13
2 88251 214 3
1 87521 203 3
2 86718 193 3
23 88388 214 5
2 88130 196 3
2 84925 186 3
2 83414 188 2
1 84981 181 3
12 81633 185 4
1 81124 178 3
1 80830 177 2
0 80839 176 3
0 80503 177 2
1 80991 175 3
0 80604 175 3
1 80682 177 3
0 80662 175 3
0 80590 177 2
0 80999 176 2
0 80977 175 2
1 80786 174 2
1 81330 178 2
10 81184 178 2
1 83152 189 3
1 86883 183 6
1 81279 183 3
0 80608 177 2
1 80650 179 3
1 80741 175 2
1 80693 176 2
0 80691 182 2
1 80784 176 3
0 80825 175 3
1 80954 177 3
1 80875 180 3
6 84298 189 3
16 85235 185 4
1 83050 182 5
1 85151 186 4
8 84850 182 3
1 82578 179 3
1 81795 189 3
4 81305 176 5
1 80878 179 2
0 80701 176 2
11 82082 182 3
8 81010 177 5
1 81228 182 3
10 86872 180 4
1 81321 178 3
1 81403 177 3
139 81295 174 3
5 80718 176 3
1 80691 172 3
8 81069 176 3
5 81398 215 4
13 82487 182 3
43 81882 181 4
7 86962 194 3
1 87410 196 4
9 88159 201 5
10 92109 188 5
7 92864 257 3
6 97267 198 3
2 94443 193 5
1 90234 194 5
2 83274 183 5
1 82508 185 3
349 83693 188 8
17 83706 187 5
11 84498 194 4
1 87197 187 3
2 85018 184 3
7 82135 189 2
2 84216 187 3
1 82994 183 3
2 82593 181 3
8 81052 177 2
1 80648 176 3
1 82160 176 5
9 81000 174 3
1045 82278 186 7
1 91752 181 3
10 81370 174 3
6 80726 173 2
7 80563 171 2
6 80788 169 2
5 80627 172 2
4 80449 169 2
6 80477 169 2
9 80453 170 2
5 80404 172 1
0 80712 172 2
0 87264 187 3
2 86190 192 3
2 87080 178 3
1 88507 192 3
1 85486 174 3
12 81566 172 3
1 80800 173 2
1 80994 178 2
1 86246 177 3
10 82957 177 3
2 81055 179 2
1 80503 172 2
9 80566 172 2
0 83323 181 3
2 84750 190 4
14 91575 189 4
16 89503 194 6
2 88555 190 3
7 86641 185 3
16 86314 179 3
19 83641 177 3
6 84415 181 3
12 85340 181 3
10 82058 174 2
1 80864 170 8
1 80675 170 2
1 81110 175 2
6 80897 168 2
5 81019 173 2
6 80813 170 2
4 80421 168 1
8 80692 169 2
0 80630 170 2
0 86056 184 3
1 99657 182 3
1 85902 198 3
2 83911 182 3
12 82396 171 2
1 80663 173 2
0 81019 175 3
1 80627 170 2
9 80669 172 2
10 80607 171 2
0 80612 167 2
5 80919 173 2
0 80940 167 2
10 80740 169 2
4 80820 170 2
0 80707 172 1
25 80799 167 3
7 84409 179 2
21 83851 173 2
9 83023 172 2
40 81903 174 2
7 82179 173 4
1 83662 171 3
1 83557 172 4
9 81984 176 3
1 80742 170 3
1 85996 176 3
1 81872 170 2
1 81148 175 4
1 86278 197 9
7 82684 171 3
7 80611 170 3
1 81237 171 5
1 82333 170 3
8 81948 175 4
1 83946 172 3
1 81827 169 3
11 81475 172 3
1 81169 168 3
1 81199 170 3
1 80582 164 3
8 81975 172 3
1 80809 168 2
1 80749 167 4
0 80622 169 2
0 80679 165 2
1 81118 168 2
1 80645 168 2
1 81510 191 3
0 80936 170 2
6 80906 168 2
0 81626 174 3
1 82714 190 3
1 84631 190 3
2 85435 176 3
1 84661 175 4
2 81896 171 4
1 81210 170 2
32 80986 169 2
1 80639 166 2
1 80655 168 2
5 80898 167 2
1 81184 174 4
1 82109 173 4
2 81281 166 3
7 80928 169 3
1 85072 181 3
10 86062 179 4
1 85668 178 3
1 86269 196 3
1 87472 186 3
1 85038 176 4
14 88074 185 5
9 85279 171 4
1 81364 170 3
1 80988 168 3
1 81393 171 3
37 80887 167 3
1 80485 166 2
1 83133 185 3
1 86959 176 6
61 81877 172 5
8 80832 170 3
8 80798 167 2
7 80580 169 2
205 80936 170 3
9 80712 168 2
7 80567 169 2
10 80669 169 2
173 81870 173 3
1 83842 174 3
1 83484 169 2
15 81085 169 2
6 80947 167 3
6 80694 165 2
0 80991 165 2
0 80739 166 2
4 81089 167 2
18 80546 165 1
20 80721 165 2
0 80736 165 2
4 80660 166 2
6 80577 166 13
5 80818 165 3
0 80671 168 4
0 80921 166 3
28 80920 168 3
0 80916 169 2
11 80343 165 2
0 80582 164 2
0 80319 166 2
0 80970 166 2
1 80675 168 2
1 80582 166 4
1 80181 166 2
6 80606 165 2
204 80422 171 2
1 80488 167 2
0 80749 171 3
1 80765 168 2
0 80415 167 4
5 80628 168 3
1 80624 166 2
6 80687 167 2
0 80862 167 4
1 80984 168 2
1 81906 177 3
1 84400 172 3
9 83022 170 3
18 80817 165 2
1 80900 166 2
19 80905 167 3
5 80575 164 2
20 80552 169 2
1 80679 168 2
4 80762 166 1
11 81052 164 2
17 82682 168 3
1776 84240 166 3
55 83371 168 5
1 82671 162 3
6 81301 163 3
1 81068 163 2
18 81386 163 3
0 81097 166 2
1 80604 160 2
21 80916 160 2
2960 80693 153 2
1 80793 156 2
19 82682 160 3
37 83087 157 3
1097 82413 168 3
84 82891 156 3
3682 82716 153 3
1047 82620 171 3
257 82630 152 3
2175 81918 152 2
14 83501 153 3
6 83577 159 4
2 82778 151 14
9 81126 144 2
7 81152 144 2
1 81310 146 3
6 84196 148 3
9 84655 152 3
5 83815 150 2
11 82506 147 4
2 82393 146 3
1 82313 147 4
1 83014 146 3
1 80944 143 3
1 81257 139 3
1 81865 147 3
1 83709 146 4
1 82530 146 4
1 81729 143 3
25 80743 148 3
1 82679 147 3
1 81276 141 2
1 80824 148 3
1 80775 143 2
0 80874 141 3
1 80862 169 2
0 80628 143 2
21 80609 138 3
0 80762 143 2
0 80729 141 2
1 81197 147 3
1 81207 141 3
1 80873 141 3
1 80676 142 2
0 80991 142 3
1 81053 141 2
0 82957 149 4
1 81831 145 3
2 82817 146 3
25 81034 143 3
1 81077 143 2
1 81671 146 3
1 81519 147 2
1 84159 148 3
5 83930 146 4
0 81373 144 3
39 81365 147 3
1 81363 140 4
1 80852 141 2
11 80681 141 2
0 80636 139 2
16 80528 142 2
0 81354 144 3
1 81266 140 3
1 80749 142 3
1 80726 141 2
7 80882 143 2
1 80731 139 2
0 80527 141 2
6 80995 144 3
1 80601 141 3
697 80747 142 3
0 81486 142 4
8 84537 185 28
27 83015 146 4
11 81291 143 3
45 80629 139 2
151 80261 137 2
1 80985 139 3
1 80381 135 10
1 80456 137 2
1 81241 139 3
1 80567 134 3
12 81303 137 3
1 80466 139 2
1 83259 137 3
1 81169 136 3
2 80306 136 3
1 80657 135 2
1 82106 140 2
1 85096 152 5
2 83817 145 3
2 80801 137 3
1 80367 132 3
1 81579 138 3
1 80496 138 2
1 81408 138 3
1 80530 135 2
1 80592 133 2
1 80221 135 2
1 80609 139 2
19 81637 134 3
1 80659 137 2
1 81002 138 2
1 80651 131 2
0 80302 133 2
1 80589 134 3
1 80507 136 2
1 80630 135 2
20 82183 150 4
2 85368 141 5
1 81032 140 2
1 80599 136 2
0 80842 135 2
1 83227 152 3
1 86883 152 4
2 87590 146 4
1 87179 144 4
183 87399 152 5
7 87033 148 4
7 84548 150 3
8 83478 140 4
14 84494 142 4
34 80913 135 3
1 81448 135 3
1 82863 143 3
1 84461 136 3
1 84252 136 4
11 80685 137 3
10 80439 132 2
26 80542 132 2
26 80574 143 2
58 80590 131 2
14 80525 135 2
26 80429 134 3
2357 80406 132 2
16 81186 131 3
0 80696 133 2
0 80398 131 3
9 80606 130 3
0 80864 166 2
0 80801 132 2
1 80780 131 3
1 80394 136 2
1 80801 130 2
14 80913 130 3
0 80538 129 2
0 81323 133 2
0 80272 128 2
0 80458 131 2
0 80751 132 2
1 80441 131 2
1 80441 129 2
1 80501 130 1
1 80465 136 2
1 80443 133 2
0 80328 135 2
1 80397 130 1
0 80792 131 2
110 80674 130 3
0 80709 128 2
5 80535 128 2
0 80914 131 2
1 83928 143 3
152 84136 136 3
0 81287 131 2
1 80596 131 2
0 80360 130 2
170 80481 131 2
0 80418 129 2
0 80329 129 2
0 80309 128 1
19 80478 129 3
0 80648 130 2
0 80824 133 2
138 80639 128 2
0 107189 158 6
228 127355 147 3
28 101280 147 6
2 98173 141 8
840 81530 129 3
51 82107 129 13
5 80724 129 2
0 80645 129 4
37 80607 129 3
3 80516 126 2
1 81017 127 8
1 80577 127 2
1 80536 126 2
0 86138 142 3
1 84128 137 3
1 81548 129 3
1 80969 149 4
6 80510 127 3
138 81666 134 2
13 81125 131 3
11 81211 129 3
1 80915 130 2
65 83331 137 4
1 84950 135 3
1 83576 130 4
1 80961 127 3
1 80653 127 2
0 94198 139 5
1 93265 131 4
31 81395 130 3
8 81002 125 2
0 81664 126 3
1 80776 125 2
0 80737 122 2
19 80745 128 2
37 80557 121 2
27 81188 124 2
288 81217 125 2
6 80689 119 2
239 80826 118 2
