EStree DecrementalDynamicSSSP Dijkstra ScaledEStree
1468 913220 259 3406
20 71163 240 12
11 67725 242 18
7 66350 242 16
26 66297 243 71
17 67138 246 49
1 75134 247 4
1 69391 247 4
7 67432 242 17
6 66371 243 18
3704 67113 244 14436
1705 66267 241 8176
1 66680 242 3
1766 66337 256 8440
5 66750 253 14
5 66687 246 13
1 67411 256 6
1 66832 243 4
7 66727 239 13
3374 66403 241 15163
6636 72139 260 31151
9 68243 240 16
7 75490 260 16
9 73455 255 16
16 77425 259 16
1810 86243 263 9968
3566 79541 285 15860
7 86657 261 16
8 76805 271 24
14 68493 249 18
6 67574 255 18
1 67025 245 2
6 75677 258 16
10 78637 269 28
72 71847 258 288
17 72945 256 64
13 73688 255 45
25 71506 258 93
22 76888 252 109
10 76348 260 34
18 69238 240 64
10 66991 239 41
1523 67018 235 7364
17 66076 237 81
23 66323 238 82
1 66002 236 4
1 67804 252 5
2 70104 251 5
2 82424 257 6
1 74220 247 5
13 66868 238 27
9 66630 240 27
1500 68071 243 7247
1 69213 253 5
2 67063 239 4
10 68475 256 34
1 66466 238 3
1 66436 240 2
1 66396 239 5
1 66146 237 3
1 66705 246 4
1 69865 260 5
2 67654 242 5
2 68874 250 5
7 68740 251 22
2 69321 252 6
2 66899 238 3
1 69560 252 5
1 67436 249 4
2 67136 238 5
2 65990 241 3
22 66149 234 73
6 66114 237 16
5 73887 450 23
4 92012 244 10
3 87792 278 11
4 68922 253 5
3 67388 244 4
1 68083 243 4
1 66425 233 4
11 65727 237 44
0 68884 251 8
17 67714 253 24
2 67219 245 6
2 65796 239 3
1 68258 261 4
35 66881 248 185
6 66433 237 38
22 66151 234 138
12 68287 253 91
16 71030 265 124
16 67565 243 79
1 66538 235 5
1 65945 233 5
9 66448 236 33
0 65963 244 3
1 70119 256 5
1 67664 240 4
1 66507 239 3
1 66354 239 6
0 66059 236 5
12 67268 241 62
1 66216 239 3
1 66322 236 5
0 66079 234 5
9 66760 247 49
1 67245 249 4
1 68919 246 4
2 68817 247 4
1 68567 235 7
1 65951 234 5
10 66405 234 57
1 66263 232 5
6 66894 247 34
1 66889 237 5
33 66029 235 121
1 66114 237 3
7 66204 234 23
5 66268 239 15
5 73674 254 18
19 71849 253 142
25 66976 237 208
181 69681 250 1428
20 69228 247 179
11 69629 250 39
2 74735 262 9
2 71512 262 4
1 71396 256 5
1 70835 259 8
3 69999 244 3
2 68865 253 4
2 69371 252 5
1 70200 248 5
1 68908 247 3
7 70126 252 43
2 68053 243 4
1 66468 237 6
8 66075 236 70
1 66356 238 2
1 66692 241 4
10 68553 237 50
1 67701 242 7
1 68299 243 5
14 67138 231 48
1 66162 236 4
12 66325 236 112
5 65809 236 35
19 66739 234 84
1 72941 267 13
24 74349 242 88
1558 67390 242 7761
53 68929 244 454
19 68713 247 104
2 67785 232 3
20 68997 255 143
18 67245 255 108
1 67759 237 3
23952 66211 228 109242
7 66234 228 23
2932 66068 228 13479
22356 71040 242 102397
11 66739 233 10
7 73753 238 19
9 132744 252 67
9 94482 245 15
11 112403 246 30
1629 69129 225 7079
1 66141 223 3
1 65748 223 2
8 76413 416 34
18 66947 238 25
6 74033 250 19
10 79256 242 16
6 67345 224 9
6 66852 223 16
1 66277 222 2
6 65833 223 17
4260 68587 238 21159
10 68239 235 20
7 66601 230 12
1403 66725 227 6870
1 65817 219 3
6 66814 222 20
2 66032 228 4
8 66545 219 15
13 72942 259 42
34 77302 240 86
6001 75916 233 27056
1 69452 233 4
1 68863 221 4
7 82208 240 19
10 68946 229 17
2 67951 223 4
1406 66491 218 6892
8 67955 219 30
70 72369 221 311
1 70820 227 7
23 66246 222 84
23 87345 351 108
14 73976 227 33
1 67133 223 4
14 65899 219 27
8 66332 218 20
5 65936 223 17
1 67532 250 4
1 68582 225 4
1 67269 226 5
1 66378 221 3
7 65930 219 22
1 66061 224 3
1 65879 219 3
5 66216 219 18
1 65752 217 3
1 72237 259 5
3 69088 220 4
2 68252 221 3
1 66282 224 3
1 66009 218 3
1 66070 216 3
1 71706 259 8
5 68723 227 4
1 67314 227 4
1 66356 216 3
1 66017 216 3
1 66213 220 2
1 65805 219 2
8 66402 220 20
6 66636 227 16
10 74400 229 41
12 72630 237 69
13 68835 232 79
10 69115 227 87
24 69105 221 111
11 66391 216 104
30 70790 222 227
11 66963 223 103
2 67309 220 4
38 66746 219 306
1 66195 218 3
33 66571 223 293
1 65941 221 2
5 66401 221 19
2667 68734 233 13424
50 69870 225 300
7 66710 214 15
5 66310 218 13
633 65855 215 3053
4 66431 216 12
50 74246 233 215
8 69235 225 14
9 67504 223 18
238 66945 228 1176
238 66305 214 1213
215 66473 213 955
30 67480 214 127
84 66203 214 430
106 67992 229 553
28 75634 237 80
2 72515 229 6
2 72542 228 5
2 73343 234 8
1 68612 216 4
91 68016 228 457
2 73247 226 4
1 67579 214 5
1 67006 211 9
10 66225 213 38
10 66377 216 35
9 66082 212 34
1 72541 219 5
1 66512 213 4
1 69895 240 5
3 76575 244 8
2 74588 228 7
3 69302 226 4
1 69235 229 9
1 67418 215 3
1 66479 217 5
1 95703 245 7
2 77496 334 8
38 89855 237 10
4 81581 230 4
6 104306 229 8
3 78759 229 8
6 68058 225 10
1 67649 222 5
10 69288 217 65
11 67520 217 29
1 66810 214 3
1 66614 213 3
1 65760 213 3
0 66566 226 4
1 66945 218 4
2 66355 214 4
1 67291 215 8
1 66920 219 3
1 66601 214 4
1 66658 213 3
1 70597 242 5
13 73193 237 46
17 68957 223 73
1 67184 234 7
2 67073 217 4
1 66410 210 3
0 65978 214 3
1 71634 238 6
1 68243 220 6
2 66145 215 3
2 66192 219 3
14 66364 226 44
1 66731 210 3
1 66322 214 3
1 66305 210 3
1 71711 231 6
1 77797 231 6
5 70073 225 6
2 69422 221 5
2 69135 225 8
7 68820 217 20
1 69127 224 6
3 68514 213 4
9 67621 217 36
17 67178 215 83
17 67292 212 89
1 66707 211 7
6 66081 212 30
1 66098 217 3
1 68457 238 6
2 67376 230 12
3 67801 214 4
2 66837 219 7
2 66240 212 3
0 65898 211 3
0 66230 214 3
1 65935 212 4
1 65978 216 3
1 65762 210 3
1 66740 210 5
1 65946 214 3
6 65916 211 38
7 65762 210 35
1 65894 208 3
1 67157 224 5
42 74909 229 392
1 68335 217 7
1 67821 219 5
0 69330 226 6
1 69174 222 5
1 69173 239 6
3 70602 229 4
1 70591 230 7
25 70997 229 131
1 73667 231 8
10 69741 233 83
2 68985 220 4
13 69502 226 102
9 68362 223 72
9 72698 240 84
3 71167 215 6
18 73111 228 115
0 69613 225 7
7 68300 218 39
30 65932 211 254
0 68401 222 8
1 67737 269 13
43 67716 217 359
1 66035 217 7
9 67505 216 24
1 70376 212 3
0 66153 213 2
1 65790 220 7
1 67911 228 5
2 72449 219 8
5 66595 218 3
1 66883 225 7
2 66615 211 3
1 65994 210 3
7 68713 221 27
9 68864 217 39
1 68165 227 3
1 67037 213 5
1 66101 210 3
1 66256 227 4
1 66382 209 4
7 65952 210 24
1 65937 211 4
1 73766 246 6
17 71585 223 59
11 67920 212 29
19 67191 213 76
11 71268 221 24
3 66238 208 3
1 71882 225 6
9 68429 212 48
13 67279 215 42
1 66992 217 15
10 66705 214 16
14 66026 212 28
5 66015 212 10
1 65971 219 3
7 67140 223 14
6 74833 225 37
1 67667 211 4
8 71001 330 24
2 75251 239 7
10 69687 221 27
20 72565 222 68
1 69443 215 5
1 109751 277 12
19 70900 223 38
10 66117 212 19
1 66382 205 4
1 69630 210 4
1 65848 209 2
6 68291 235 15
16 85884 226 23
1 67771 212 4
7 66344 211 10
64 66169 214 241
6 65759 221 14
1 67413 218 4
1 70610 245 6
13 98336 220 62
2 68249 221 5
2 67846 220 5
1 68554 229 7
2 67059 215 4
1 65995 214 3
261 67014 221 1329
8 73008 210 41
2 76556 217 4
3 69435 220 4
7 70494 241 20
1 67918 211 4
2 67101 231 4
1 68086 216 5
9 69101 219 25
8 66928 211 21
1 66186 209 4
1 65990 210 4
1 66176 207 3
1 65896 208 3
1 66157 207 3
1 68881 235 6
2 71031 229 6
2 69360 225 6
262 70697 226 1338
9 69094 220 42
1 68224 209 6
2 67179 223 4
7 68581 219 31
13 68160 211 50
2 66650 207 4
1 66112 209 4
15 65842 208 52
270 70279 205 1454
1 65557 210 3
1 67184 217 5
1 74179 230 5
4 68358 210 5
1 66348 213 5
1 73070 210 5
3 66994 210 4
8 66141 214 30
11 71929 226 71
2 67850 206 4
0 66876 207 5
1 66159 206 6
1 65871 205 5
13 65840 204 47
1 66465 213 4
1 66000 211 3
15 67851 214 76
15 71495 226 72
0 74314 223 6
13 67290 208 38
18 66598 210 98
21 67107 208 88
15 79345 242 68
29 68174 209 59
11 67930 208 24
7 66457 207 22
1 66937 207 8
2 66291 228 6
1 66302 207 3
1 66673 207 3
1 66864 214 5
1 71365 220 8
13 68387 215 29
1 69095 215 5
18 69017 217 90
10 68733 206 39
9 66471 205 50
2937 70870 203 14274
2 68180 210 4
11 66754 203 44
13 66192 202 37
0 66291 200 3
1 66242 200 2
944 68915 201 4404
774 67125 205 4041
2 66034 198 3
10 67537 207 39
7 66247 200 41
9 66096 199 41
1 66131 198 4
1 66143 203 3
1 65899 200 3
1532 66266 195 7041
17 68189 212 56
0 67713 202 7
36 66182 198 143
85 66498 195 448
6 65977 195 20
92 66242 196 407
199 66504 205 1047
2 80545 220 4
2 67698 200 4
1 66639 194 4
1 66937 191 4
0 66407 196 4
7 65862 194 26
0 68134 196 5
1 66982 204 4
8 69168 203 32
1 66125 196 4
2 66137 200 2
1 67532 207 5
1 77306 216 6
2 69948 210 7
7 76164 219 31
2 69908 204 6
2 70031 211 5
2 81600 229 7
11 84294 211 41
6 67182 193 3
0 66050 196 3
7 66145 194 17
1 66447 205 4
2 68873 202 6
11 67544 205 43
1 67345 198 5
1 66085 196 5
1 66794 199 4
2 68495 221 5
1 79215 211 8
3 69982 203 6
1 67618 205 7
16 69013 195 86
1 66917 197 4
3 67249 210 5
2 71614 199 5
1 67313 198 4
9 66549 193 46
1 66066 196 3
1 67032 198 5
3 67984 198 8
1 66298 192 3
2 66293 195 4
1 70686 200 6
1 68481 196 5
1 67210 194 3
9 66008 196 23
1 65899 194 3
0 65930 197 2
1 66793 203 4
1 66206 192 3
1 66105 197 4
1 67080 213 4
1 72091 212 7
2 78948 208 5
1 85815 290 5
2 75371 201 5
2 83105 446 11
2 89138 211 10
3 77500 209 10
13 75035 207 38
2 71235 207 5
2 70153 214 6
7 74100 217 28
0 74524 258 11
1 69492 209 6
1 70906 214 8
0 69701 202 5
12 68919 206 28
38 69765 205 154
23 67756 203 83
1 70659 215 7
8 68628 207 60
0 67091 200 3
1 66972 190 7
2 66181 193 3
0 66032 195 3
14 69556 213 53
3 67610 193 3
0 67116 204 4
0 68905 193 5
0 66308 195 5
32 65884 190 187
17 65815 191 121
10 65893 195 72
10 66892 204 100
2 69856 207 4
10 67505 201 50
1 66334 191 4
8 66311 190 75
7 66351 187 35
0 66029 189 3
0 69530 213 7
2 68004 206 8
13 67161 191 71
1 65972 192 3
7 65932 191 65
49 65984 192 400
45 66336 194 374
16 66137 190 160
5 70433 208 27
298 72184 221 2209
2 74741 210 5
11 69336 202 19
6 71031 201 5
6 67683 194 4
1 67452 205 7
2 67828 198 9
2 67683 196 4
2 66446 193 3
1 65936 189 3
1 65741 190 3
1 66114 185 3
1 65816 189 3
1 66430 189 3
10 73869 218 98
3 70220 200 5
2 66403 192 4
1 65956 192 3
1 66522 195 3
1 66204 187 3
1 69508 207 5
16 69360 197 61
2 68146 216 4
1 67789 200 8
3 66400 192 3
1 66142 189 4
13 65915 190 41
1 66082 192 3
1 66448 196 4
1 71609 205 7
2 68151 195 4
2 67676 195 7
1 66389 188 5
1 65959 190 3
1 66444 186 3
1 67873 204 4
2 66903 187 3
1 68497 191 4
1 66603 186 3
4 66242 186 3
9 66075 195 61
1 65726 189 3
1 66042 187 3
1 66820 200 9
1 70987 209 6
1 68452 201 4
2 68935 200 3
1 68823 199 3
1 68141 194 4
1 69945 406 5
2 70435 194 4
2 68017 199 6
1 67240 191 4
6 66502 193 59
12 66689 191 54
1 65952 189 3
1 65975 189 3
6 65820 189 46
1 69761 206 5
1 72362 199 6
1 67457 192 4
2 66394 191 3
1 66037 190 3
14 66013 190 85
7 66722 201 47
1 69362 205 6
18 68311 197 61
1 66585 194 5
1 66070 193 4
143 66116 188 563
6 65844 193 41
1 65916 194 4
8 66183 197 86
8 73465 202 80
13 71028 213 117
49 66939 188 347
7 66980 193 23
1 66220 192 3
7 67666 218 32
15 69586 197 26
7 67673 191 12
9 68362 195 10
2 67123 194 6
1 66159 194 4
1 66099 189 4
1 65973 188 3
323 65885 186 2045
15 110517 732 342
50 195508 202 39
3 121091 611 8
2 101276 208 6
16 88355 193 29
1 71415 195 6
1 67425 195 5
2 67568 208 4
9 67160 184 27
1 66662 192 4
1 66742 189 4
9 69386 195 82
1055 66906 187 6587
1 69503 187 5
12 67260 182 39
7 66189 183 16
8 65775 184 24
11 65979 182 25
10 66254 183 24
6 66050 182 18
11 67009 184 38
14 67234 181 41
10 67339 195 28
1 69369 196 4
1 67287 183 3
3 66972 184 3
1 69299 207 5
2 74040 187 4
1 67288 186 3
7 67347 183 29
1 66643 182 2
1 65939 181 3
1 72572 197 3
11 69013 201 58
2 71645 188 4
1 66965 182 3
15 66534 183 70
1 66112 181 2
1 65819 179 3
11 65792 183 86
12 66130 192 99
1 70516 191 4
8 69905 194 34
16 73017 194 110
19 73753 193 173
7 73006 196 15
11 69782 202 30
12 80846 187 33
1 70945 205 4
2 72760 194 4
2 71137 201 3
9 70837 210 17
6 71164 195 12
8 70860 196 14
6 67753 191 14
16 67090 194 28
1 75448 203 7
3 105066 201 7
1 73583 195 5
1 68630 187 5
2 67361 184 3
10 66266 180 23
1 66123 181 3
1 68446 182 3
1 68800 199 5
12 67591 183 37
14 65906 179 50
1 65864 180 2
6 66358 186 22
1 65924 178 2
12 66215 178 65
5 68836 199 33
4 75546 358 11
56 73621 191 128
14 69854 181 23
24 66662 178 63
10 68361 179 19
42 67477 181 176
8 70771 188 43
1 69154 200 15
2 67997 186 5
16 66632 181 21
1 66232 185 3
0 65933 183 4
0 65944 179 3
1 68534 188 4
1 72796 219 8
9 82020 194 23
10 75263 193 21
2 72735 194 6
7 72090 191 5
12 67196 191 36
1 70231 193 6
1 68590 189 6
15 67276 181 39
6 67484 181 4
1 66886 180 5
1 65793 179 3
8 66012 178 28
0 66034 176 3
1 72866 202 7
1 73161 191 7
1 87964 191 6
2 76312 260 5
2 69811 190 5
2 70134 193 5
1 76202 626 65
74 79501 197 26
2 71257 221 7
1 69455 187 8
2 69790 190 5
2 66835 185 3
2 66277 176 3
2 66008 176 4
1 69432 194 6
42 68956 182 151
1 67758 192 5
2 67495 182 5
11 66338 181 23
2 66330 185 4
1 68052 192 5
2 68135 181 3
7 69251 196 44
1 67192 188 4
14 66272 178 49
1 65994 179 4
1 65881 178 4
1 65969 185 3
1 70162 196 9
17 103020 194 70
8 75138 191 34
3 75195 258 6
2 97981 202 10
2 84114 300 14
129 104999 197 179
4 84474 191 8
2 76948 185 4
1 75902 205 13
118 76444 183 387
11 69943 196 46
13 72504 193 36
11 74263 194 39
251 80714 192 2073
16 67483 182 42
10 66444 180 58
14 66790 177 84
184 66920 179 1722
1 72787 199 6
1 70032 189 5
21 68254 185 64
10 67689 183 41
8 68142 182 22
2 67586 179 3
1 65923 178 3
12 66115 178 19
22 68942 197 142
28 79069 181 151
1 67570 180 3
7 66945 180 23
9 68554 183 79
13 67487 186 45
1 68354 192 8
1 69073 190 8
40 68130 181 230
1 67060 179 3
12 66859 177 75
1 66619 177 5
1 66368 174 3
0 66222 185 4
1 69759 191 5
2 75967 198 10
2 71571 196 6
10 69484 183 38
211 66365 184 1650
1 65967 182 3
1 65954 182 3
2 68477 188 6
2 68612 195 8
10 67918 183 32
1 66064 180 3
8 66184 180 73
1 66116 182 7
2 66177 182 3
1 65760 178 3
0 66236 178 4
10 66562 199 86
21 67643 188 86
1 66166 180 3
23 66251 175 235
7 65764 176 51
22 66125 177 114
1 65895 178 4
5 65820 176 19
12 72304 196 53
32 72134 187 144
1857 68922 177 13476
65 69071 177 512
1 67375 173 4
6 66299 176 21
1 74318 187 5
24 71716 185 173
1 67559 167 3
1 66302 172 3
24 65754 173 149
3056 65900 166 20081
1 69966 171 4
26 67855 169 122
39 72323 177 197
1144 66746 165 8051
71 66664 163 488
3806 66625 160 24388
1042 67521 164 7300
262 70554 175 3083
2261 76102 164 15221
1069 70076 161 6960
14 69717 166 47
6 74433 166 13
1 75730 170 5
70 75963 177 213
108 80104 163 320
1 78503 183 5
10 76303 167 30
15 77429 162 41
8 72622 164 12
18 78125 172 54
2 73334 166 6
1 80418 166 6
2 75140 163 5
2 73348 165 4
2 71635 164 7
1 69992 169 6
2 67859 154 4
1 67483 156 4
1 66408 152 3
17 68658 157 83
1 67446 163 4
1 69297 162 4
2 69497 171 5
2 75255 163 5
2 76743 173 5
3 75255 155 5
1 70247 154 5
25 67814 153 137
1 66330 151 3
1 66221 149 4
1 66188 152 3
1 68599 160 5
3 68156 193 6
2 73707 168 9
3 73753 165 15
4 77034 172 7
2 74349 158 5
2 67928 169 10
2 73778 163 5
32 85439 204 426
2 70669 154 7
1 66868 153 4
1 66221 151 3
1 66551 151 4
6 66681 157 26
0 67711 156 4
49 68911 165 408
1 71154 199 7
3 72176 163 6
17 71114 175 121
1 68837 156 5
20 67666 157 159
0 67874 160 6
1 72200 160 7
2 68727 152 6
1 66887 151 3
6 66597 150 38
1 66533 150 3
1 66349 151 4
7 71264 154 36
3 68272 155 4
765 72335 181 7734
1 77105 159 5
12 75681 172 122
25 68848 152 188
12 67010 151 84
45 66646 162 456
166 72999 164 1185
2 71572 161 20
2 83044 163 9
3 83965 160 6
2 85186 162 7
2 152481 739 107
63 295807 733 421
21 166465 800 43
62 274642 245 12
9 122938 167 10
2 102741 182 6
4 99092 158 5
28 91082 180 8
2 87819 179 7
3 84618 159 10
3 85264 151 7
2 67684 146 4
1 69240 160 6
2 75050 154 4
2 67796 146 3
1 66324 142 5
1 66282 143 3
1 67907 144 6
1 66447 143 3
31 67285 144 234
1 66579 145 3
1 71918 152 4
3 66930 146 3
1 65897 144 3
1 66250 144 3
3 69571 155 7
1 79682 166 5
35 94706 168 157
2 69410 160 5
1 69792 154 5
1 69218 153 4
1 70151 156 5
2 75632 154 4
2 71695 156 5
1 87915 717 9
6 116343 180 14
213 80340 163 1728
9 71817 159 37
6 69950 154 42
12 87203 160 71
13 84791 149 191
37 67769 147 236
1 66085 141 4
2 66253 142 3
1 66638 154 4
1 73103 151 5
15 69491 158 43
19 72805 156 64
36 75553 154 193
27 77785 153 122
71 76900 149 525
22 67957 143 258
30 71721 160 469
2579 74748 155 15535
28 69484 150 227
2 69698 143 9
2 66292 142 4
10 66120 141 47
1 67689 140 5
1 67951 148 4
1 69817 150 6
2 71525 145 4
2 76921 150 6
20 77004 155 87
2 68184 143 4
1 66569 140 4
2 70911 158 5
2 71167 150 7
5 69861 150 4
2 73485 156 6
2 72020 145 5
2 68038 141 3
2 66498 146 3
1 66392 142 7
1 66143 142 4
1 68507 143 5
1 66942 141 4
135 66452 139 1152
1 66302 147 5
7 69055 153 44
1 69566 148 4
2 73256 149 8
159 70818 149 891
2 77732 151 9
2 76121 153 6
3 67448 142 4
176 66235 141 1164
1 66802 143 4
1 68041 149 4
2 67229 140 4
22 70960 148 290
3 76704 232 9
4 77076 156 7
161 76925 144 809
2 71683 147 5
202 73557 146 1310
26 68695 142 306
5 76494 146 5
844 66577 139 4989
49 70632 137 400
5 66560 136 20
1 71268 139 5
34 66449 134 188
10 66248 131 30
1 70851 151 6
2 71757 141 7
2 70545 153 6
2 70512 150 5
1 72839 150 8
1 92262 316 10
6 84668 151 11
10 73419 138 49
147 73914 145 1071
18 67142 134 119
11 71688 201 183
36 72231 140 6
75 75301 161 761
1 81284 150 11
4 79410 398 15
6 83249 148 5
1 75520 148 7
4 84924 148 7
1 94631 143 5
39 69856 143 201
12 76324 135 66
1 68578 138 6
1 67019 134 7
1 67848 140 9
35 68360 149 173
47 71723 140 312
34 73523 154 494
323 70835 139 2080
9 76673 136 67
260 70531 134 1681
