RIndependent Gonzalez BaselineGreedy Bottleneck Dynamic FullyDynamic ModifiedIncremental
4800 782 500 5574 214575 3155 38166
5227 911 493 5884 187948 3144 31150
4776 741 499 5864 208340 5579 59861
5467 869 494 7408 204607 4109 34497
5202 765 507 6552 205373 4007 34053
4963 843 521 5842 190636 4982 32311
4896 752 504 5610 184634 4079 33839
7826 1073 502 6704 249384 4007 28418
5198 807 508 5835 187362 4664 28836
4330 782 504 6726 191399 6912 28497
4941 910 517 5671 185593 6944 29346
5311 981 509 8530 188638 4944 27774
4264 891 497 5687 183401 6676 30980
4957 674 507 6271 200421 7641 38849
5279 770 572 5531 200363 8532 32103
4849 824 509 5858 183174 7580 27059
4984 901 505 5720 212739 9278 57594
4946 733 511 5576 315645 9950 138529
9249 753 511 7380 214934 9380 34245
4994 879 510 5794 191945 8549 37317
4978 865 507 5682 184353 11163 28093
4350 832 513 5602 177163 9744 26289
4827 803 488 5528 180034 9008 32691
4763 747 491 5580 187523 5771 39808
4181 725 495 4768 276352 9953 127795
4874 777 512 5788 233996 5809 84914
4696 801 495 5551 236131 9958 81857
4862 773 495 5394 173763 7374 26378
4807 772 491 5526 180764 11171 27508
4241 736 512 5784 176366 8215 26845
4068 739 500 5399 174677 10828 26486
4208 717 493 5546 173545 8322 25906
5170 746 488 5691 416950 11913 278983
4848 677 489 5565 233859 8302 103821
4949 713 489 4990 232025 11761 101479
4887 779 495 5609 234425 8333 101841
4846 787 490 5498 156413 11826 26552
4786 829 497 5491 160805 11247 29134
4515 852 518 7082 162755 13563 26811
4836 660 494 5795 378318 10785 246956
4880 764 501 4912 171680 14511 38807
4866 730 496 5684 167105 10943 36786
4811 740 499 5643 169667 14471 38939
4348 756 493 5601 166072 10934 36076
4335 830 493 5778 166887 14557 35740
4250 724 496 5640 165981 11017 35401
4282 769 496 5597 165916 14634 34227
5023 917 496 4944 163559 11874 33327
4822 872 501 5601 172552 16424 37257
5743 838 524 5212 169998 11622 32118
4420 789 513 5738 173680 15375 33242
5035 759 519 5898 166474 12479 32062
4370 801 517 5896 167587 16481 28523
5008 779 517 5802 168350 12693 29007
5112 819 520 5847 166012 16347 27983
4438 796 525 6074 652348 13437 509419
5036 797 517 5822 712532 18113 388000
5111 766 522 5961 347994 14972 30026
5210 807 522 5985 508241 19047 185526
5105 764 518 5949 363669 15760 46481
4578 936 519 5092 345464 19879 28619
4490 808 546 5227 350918 16741 29154
5009 788 519 5204 346017 18532 29229
4445 870 531 6021 346473 15407 31309
5314 806 526 5399 364091 19948 32131
5476 806 647 6044 350163 15595 28753
4576 974 527 6049 350990 19482 28969
5112 816 518 5962 344806 15645 28889
5143 778 518 5956 343917 22025 30330
4702 912 793 5274 360675 15751 28926
5122 876 524 5320 343545 19781 28765
4940 681 520 5987 347308 15808 31525
5107 859 527 5107 343147 20076 28565
5210 740 525 5220 343781 16020 28755
5139 719 530 5893 342720 20092 28376
5013 887 525 5202 342908 16018 28193
5135 810 530 6003 350486 20236 28539
5209 744 530 5161 343611 16152 28396
5136 821 532 6121 358320 20365 37800
4493 828 530 6043 345835 16147 31895
5170 824 533 6079 342174 20476 28301
5068 827 532 6047 346957 16242 32452
5078 958 535 5178 342408 20594 28664
4466 859 529 5337 347646 16533 28140
5021 908 534 5971 343499 20666 28393
4342 876 534 6082 342680 16570 28343
5213 813 537 6031 342798 23929 28541
4955 868 537 5955 343350 23518 28411
5183 746 532 5257 345815 24066 31443
5082 1010 534 6010 349199 20764 32666
5079 769 556 6151 344929 29928 28431
5155 960 554 6166 342437 24747 28054
4990 936 528 5263 346828 30814 32630
4644 840 533 5375 342615 27108 28778
5077 704 531 6110 342422 30971 28567
4621 817 533 5455 343099 24668 28799
5114 934 541 6196 342730 31891 28348
5008 801 534 5966 343208 27228 28986
4563 846 550 5301 349743 30217 35408
5050 847 538 6238 342288 23932 28806
4443 759 537 6126 342935 27713 28463
4686 835 541 5263 347138 25651 33378
4639 814 540 5973 353940 28271 31387
5260 786 575 6958 356598 25719 31634
5101 724 534 6163 344436 28116 28493
5079 970 720 7190 349365 28666 31367
5108 906 536 6001 341980 31766 28426
4950 756 542 5956 342920 27622 28629
5302 767 543 5404 341895 29861 28505
5049 747 537 6113 345587 27805 31627
5083 784 546 6099 342116 30909 28188
5079 713 535 5474 342422 27054 28568
5187 747 546 6135 349930 32005 28494
4921 821 543 6206 343875 29788 28860
4978 843 542 5991 346612 22212 28339
4451 860 545 5413 345365 17992 31430
5141 853 545 6139 343885 22551 28801
5204 936 542 5446 342290 19491 28396
4519 916 544 6032 346569 23851 32215
5024 822 537 6025 348000 19777 29003
5299 914 540 5463 342147 25717 28173
5101 786 538 5413 342829 19994 28503
5140 835 547 5294 342955 25933 28432
5190 927 567 6103 342474 21370 28783
5171 774 549 6356 343915 25283 28519
5197 765 552 6203 345860 23212 29680
5130 772 547 6177 344803 27759 30064
5125 740 546 5381 352306 21504 32505
5044 739 551 5303 342913 26557 28688
5097 864 549 6358 342593 24006 34703
5182 818 560 6368 342577 28611 28840
5285 861 560 5447 352892 22513 29370
4525 877 549 5557 351574 26743 36780
5143 931 551 6104 346307 22219 28646
4510 795 568 6444 515774 29527 61448
5087 1087 551 5413 393913 23230 66515
5193 890 622 5890 396602 32143 44515
5788 806 557 6732 422838 23709 29501
5206 876 549 6227 358109 29099 29970
5202 810 550 6368 365889 25731 42558
5575 822 635 5867 426498 54569 49395
5159 859 558 7470 803321 27685 449184
5061 878 549 6247 350548 29254 32390
5143 781 550 5476 347445 33111 30603
5326 821 551 6235 353105 31009 29568
5168 762 550 5429 404589 26561 30570
5085 858 559 6186 362659 31955 29678
4983 970 555 7350 392137 25403 43826
5155 854 568 6325 360742 33047 28720
4586 750 669 6563 354258 31192 29080
6865 1146 573 11783 388567 33130 42683
5303 881 611 5667 363606 24372 39815
5276 775 560 5734 547769 30673 44261
5211 947 606 6399 356980 28015 28823
5301 777 554 5431 353702 33085 32449
5133 777 562 6490 390699 28832 31340
5357 964 577 9776 356845 33383 35849
5175 1061 563 5459 373983 28437 29045
5035 965 554 6348 351987 31818 32891
4914 931 565 6514 357210 26341 33526
5223 979 560 6257 347147 31262 29578
5612 772 559 6369 345942 26491 29079
5083 790 575 6363 356467 32104 37305
4490 802 558 5508 348387 27518 29217
5348 788 557 5507 364919 32482 41890
4461 915 566 6233 346207 27539 28910
5151 756 556 5565 349117 32616 31491
5154 748 562 6161 1121205 33383 810440
5236 916 561 6320 623607 44370 316446
5355 915 574 6544 697237 27850 297885
5075 957 569 5624 820085 34731 488804
5102 979 571 6293 374636 29557 43391
4579 827 556 6267 363180 34845 36215
5030 770 562 6549 358611 31287 33223
5415 654 563 5565 358737 34741 33113
5236 789 557 6398 354729 31922 30116
5475 914 567 5598 356666 35716 30175
5251 838 556 6310 354083 33540 30105
5345 814 565 6274 353039 38832 28925
5174 837 560 6358 845970 34404 504034
5079 741 568 5461 638055 41340 309071
5105 899 568 6479 625985 33954 289443
4989 936 566 6334 359328 43439 30929
5087 854 615 7063 370890 37299 37131
5364 1310 688 7088 433879 52142 58768
7010 1342 631 7175 392388 36657 31868
4668 837 575 6311 361793 41827 29266
5181 828 562 5598 400351 50249 35926
12295 975 725 8120 1304579 42269 891412
4701 989 570 6222 670779 36347 328983
5142 922 564 5647 687785 41718 329825
5286 915 571 5491 680772 36760 328698
5410 845 588 6868 384356 41656 31329
5093 747 571 6544 369447 36840 32762
5260 958 576 6614 376158 42369 37050
5158 888 570 6460 368901 38741 33832
5245 870 566 6827 377827 44749 34814
5181 911 573 6496 371560 40137 31529
5562 1038 571 5773 370623 43740 31461
4495 848 566 6918 367659 38277 30255
5315 1006 576 6623 1265987 45501 934928
5395 719 569 6733 376422 41626 30927
4988 886 575 6497 382089 49027 48859
5259 927 567 6567 375775 37982 32591
5163 729 580 5783 372176 43350 30853
5389 714 569 6461 2313047 38224 1920580
5214 877 567 6500 738206 43931 374360
4539 877 574 6509 759133 39901 387246
5295 756 3181 8865 400553 44288 33290
4720 840 577 6702 412361 39449 51921
5287 831 608 6824 1009181 53568 702253
9131 1071 607 8125 805113 41041 394627
5399 828 574 6560 410336 74333 47933
7815 4040 1202 7235 460764 41114 47404
5236 897 588 6440 454404 49317 89297
7230 1564 874 9462 411417 43334 37456
5364 813 600 6510 1021747 48521 686086
4489 729 589 6734 424430 43451 52336
5319 1128 588 6095 740490 49758 362645
5172 894 601 6613 745574 44618 371948
4559 916 607 5848 406175 51071 37530
5405 766 584 7537 423732 44537 37272
5138 832 577 6849 399930 52060 32642
5249 1013 581 6360 399398 45510 35956
5639 782 583 6696 400091 51975 32843
5207 1314 579 6378 399150 46386 32241
5170 806 599 6991 400038 57579 32980
6175 996 588 6763 412346 46843 37548
5745 934 605 6924 420309 66751 42550
5890 1085 595 9443 445097 56359 42323
6181 899 601 6778 418010 54577 34100
5197 824 578 6534 410359 47657 36255
5385 1084 589 6141 432652 54683 34661
4698 821 603 6758 418174 46757 33659
4705 1135 590 6854 409660 55232 33246
5222 1004 590 6543 403446 48641 34411
5159 1096 612 5936 409100 53727 33383
5202 815 605 6771 404311 47721 33455
5394 773 585 6818 413813 55207 33689
5547 750 583 6695 415305 49409 34525
5486 901 627 6601 419742 56908 40504
5066 815 609 5919 405459 50163 32780
4928 753 583 6613 400404 56126 33916
5153 815 596 6849 401553 49608 35380
5307 808 588 7055 408632 54624 33520
5257 1094 592 6447 402541 48786 33117
5197 783 590 6494 402891 59087 35217
5800 863 666 6669 438419 49412 39909
5248 902 592 6945 404939 57958 33720
5284 863 608 6920 402541 50724 33659
6228 974 596 6830 405582 57398 33835
5144 937 605 6909 408012 51559 34693
5287 992 591 6598 442285 58834 36230
5145 1098 815 7196 425772 52485 38367
5138 825 610 6452 406235 59022 42662
5190 840 587 6768 443940 52476 35751
5698 989 610 6771 401351 58148 33166
5657 1026 591 6726 412713 52437 37318
5175 898 598 6969 407801 58803 36299
4901 807 614 6791 1839939 59487 1313743
4806 871 601 6516 819578 62609 449473
5444 810 614 6103 839484 53443 451540
5514 962 617 6671 856873 62375 454656
4824 943 639 7115 436170 54863 37351
5066 919 605 6833 1377889 72199 971522
5954 995 714 8496 458203 55383 39333
5549 849 616 6710 433429 61266 40093
5518 806 620 6639 5234527 59816 4832032
5506 937 612 6670 483632 63921 44198
5368 944 641 6918 496993 56984 42046
5294 955 642 6988 464484 62706 39929
5471 788 638 6988 1616340 59327 1228603
5366 959 619 7023 3139185 75185 2887914
5404 1016 692 7016 6488576 58376 5679490
5594 904 655 6150 711937 64319 156374
5423 770 660 6237 624893 60724 85018
5825 1094 683 7095 1005497 72546 429862
7295 802 695 6995 638268 65959 68013
7585 1278 719 6219 647111 68785 67443
5228 814 696 6309 602231 64730 52502
5713 804 655 7912 6458423 68923 5878456
4577 893 632 7946 819307 78508 152740
6690 915 692 8007 1134157 91706 108355
5659 1058 690 8635 730151 65193 63222
5851 1140 629 7008 725947 69556 71188
4496 768 639 6974 843718 68640 112468
4765 877 682 7577 1404872 75135 605127
5946 910 716 8429 1516752 83765 754572
9733 993 3496 8386 1578329 70911 616835
6271 737 638 7211 887657 67955 100307
6676 1063 1001 6960 799974 77423 80807
4301 1129 731 7365 1404262 67939 593607
5678 984 638 6440 749741 70159 61459
5344 1220 644 5925 738679 75789 76978
5378 1181 672 7448 754975 70207 80277
5635 1664 648 7719 769536 68752 54984
5507 1567 677 8196 732712 72903 54658
5512 612 659 6374 708837 75477 54298
5620 868 659 7565 717456 72536 58607
4767 746 704 6209 730193 69416 67093
5366 1082 664 6152 717022 73470 52487
4503 802 674 7371 733331 68038 59486
5406 926 648 6108 921205 79623 72985
4860 1144 712 13528 722661 76758 76449
5753 1084 671 7070 718901 74520 58637
5570 1096 649 7632 714310 69596 51475
5440 846 668 6101 706767 73500 54856
5645 847 668 7525 730166 70826 54923
5598 950 653 5718 707041 79487 57131
6450 1178 688 6112 748901 73480 71180
5908 904 670 6224 736051 74199 73630
5861 991 661 5961 795181 78449 62817
6152 1316 711 7994 780754 74416 54952
5661 975 655 7324 727065 73956 57792
5966 1294 695 7079 936752 95017 100827
8999 3602 693 7508 901588 93383 87156
10449 847 941 9053 755768 80232 63976
5400 1130 673 7416 735282 76580 54513
5168 1000 674 7451 743654 82226 75681
5857 1430 690 6409 813134 86774 63499
5074 939 702 6104 794429 86920 69010
4862 1193 706 8161 768744 88079 67211
6748 1158 1037 7426 772643 81604 77232
5643 1726 755 8762 767125 104700 76478
5942 847 688 6831 824087 80440 61027
5409 1004 679 7492 812286 79168 71180
6329 1429 755 7022 786086 82413 67881
5557 1238 657 7406 766927 91277 59326
7200 1013 1008 7707 977735 90148 77750
5473 1322 697 7317 874662 77828 106492
5749 900 659 7213 810080 81389 57863
5216 875 680 5860 712791 78338 54565
5845 853 656 7233 711447 82927 54328
5493 982 679 6154 789963 83603 108272
4868 1168 666 7157 756668 83320 54323
5659 981 688 7248 719139 80302 62198
5659 1079 682 7137 755308 117396 67933
5858 834 720 7974 756833 79594 65352
5917 1040 825 6513 738573 91263 53434
6048 889 689 7763 713129 81949 53836
5781 805 694 7400 775887 107362 71353
6736 1075 700 7248 836584 91355 71884
5289 1379 1285 8802 785865 91936 64371
8811 996 715 8369 820577 83562 64436
5618 1100 693 6358 804288 95696 79312
5912 909 715 7935 733860 83007 57005
5670 1132 670 7345 732051 87519 53587
5776 1096 698 7969 717222 83377 56696
5983 898 699 7248 716501 88945 53644
5890 832 667 7888 767701 95613 58432
5933 839 811 6883 812284 90798 88409
4621 1133 799 8948 829851 86992 71566
6628 849 695 7196 807872 101491 85662
5841 1177 696 6536 737301 99454 74790
5851 1022 686 6216 729009 95516 56887
4980 1152 767 7680 759402 130189 55941
6848 1138 1159 12234 876740 113746 79752
4964 1264 701 6654 981799 91252 147744
5708 1161 698 6239 882273 95942 64482
5703 960 685 7964 758286 82505 57052
5462 1333 692 7561 886318 130425 101539
6790 1044 783 21760 969699 102271 108503
11315 1386 803 9749 787227 91850 60004
5710 891 705 7315 754070 89220 60788
4692 857 705 7560 806223 99812 74886
5608 1019 710 7926 784579 122976 69419
5970 1212 702 7459 781052 108210 77955
5390 892 700 7709 768345 91605 98077
5877 1023 696 7513 727170 106850 70654
6595 869 704 7601 807262 104236 70837
5773 1026 703 7681 823991 111765 88189
5592 1195 1088 8558 752134 99681 63568
5810 1360 700 7813 744555 93583 56401
6335 3865 716 9380 788436 94619 56095
5762 785 728 8494 761981 112610 63406
5918 918 734 7980 773898 102426 63805
7308 950 715 7065 943367 126574 83119
12643 3549 2009 13728 826624 91734 68882
6395 974 706 5970 729663 95176 71293
5932 947 704 8097 756053 121752 58787
6170 1072 733 8514 863659 123175 74880
6304 926 769 10737 862373 94984 74547
6026 773 715 7680 939962 121623 91261
9512 2570 3029 10728 8289497 100504 6812651
6162 1150 1078 10978 1411451 168434 566597
6574 1064 795 7870 1644266 99506 542430
6212 1022 779 8836 1599611 108771 619674
5949 944 780 7727 1512137 98642 630431
6536 1015 781 8049 1024711 113862 125670
7617 1070 1165 10662 1111432 118333 105572
6373 1281 825 8644 995336 109063 71486
6349 1322 821 8873 1081863 107417 86701
6230 1229 821 8263 1025493 136473 97021
7524 1398 847 9218 1025445 102872 150429
5005 869 790 7628 1055089 105047 70077
5910 932 790 6699 961794 102987 80749
5969 1084 795 8168 970560 109726 77951
5631 1246 845 8343 963927 117197 74719
6898 1125 847 8812 979322 114703 84346
6205 1387 839 8208 1007395 120942 90376
6087 2331 856 8915 1030514 134263 165311
6071 1001 841 8787 1220105 114366 226766
6525 1242 825 8259 1011041 109333 69165
6249 1071 847 8769 1022061 139759 102149
6071 971 834 7019 936592 111085 70312
5872 1070 787 8024 956237 111922 112097
6314 1038 888 8550 6162262 126071 5309619
6229 1009 855 6937 1175889 109975 88152
6477 1123 1690 12499 1141176 107667 91623
5910 1475 864 6734 1088992 115487 81549
8034 2370 1072 8936 1172829 124630 147949
6063 859 900 8486 1317271 114119 110664
7930 2039 903 8807 1122795 120881 100877
6458 1184 849 7903 1361934 141110 318864
6423 1276 887 8315 1208981 117654 134142
6427 1177 900 8818 1306719 123124 251855
7239 1299 947 8384 1681897 129755 340339
5684 1229 1013 9402 1518709 125402 204547
6440 1081 942 8174 1160641 124071 94990
6614 1163 947 8436 1104280 122112 111072
6227 985 937 8863 1074575 123905 81406
6706 1491 984 8884 1078610 122002 75927
6419 1129 944 7913 1071801 116805 83013
6351 1012 952 8141 1094409 120055 86058
5281 1234 900 8508 1136021 142414 101872
6057 1428 979 9751 1140157 121332 80157
6048 1311 897 8076 1065714 119184 83539
6154 931 910 7840 1132259 134565 92402
7140 1183 997 9482 1293803 158027 175606
6973 1610 951 8845 1470994 138120 160940
6357 1079 946 8466 1366035 166077 128152
8202 1315 959 8735 1344876 129043 113203
6625 1242 1052 8191 6839039 126845 5403157
7546 1398 1702 11783 1460755 152157 144157
6171 1505 1053 8748 1931440 182930 651355
10045 2175 1689 10734 1522570 165266 135847
8910 2425 1024 9435 1549725 130061 210508
6244 1323 980 8429 1471213 135932 253675
6804 1019 989 9381 1353978 139017 142843
7617 1905 1079 8466 1538631 144529 133227
6490 1508 994 8644 1488288 144237 253427
6712 1480 970 9381 1460564 136242 118904
6324 933 979 8549 1464470 133505 146641
6998 1416 1253 13168 1493650 139222 155774
6845 924 976 9649 1530299 149767 176951
6785 1468 1242 10893 1430300 176614 107831
7737 895 984 8522 1529286 166698 169556
6390 2044 1061 9245 1473887 217973 132801
6844 1346 1027 9916 1485812 130776 120183
6680 1182 974 8774 1402836 152809 113762
6830 1340 1035 8940 1432690 133124 117363
6537 1328 970 8693 1454657 147046 133647
6761 1262 980 8794 1425095 138948 111517
6924 1462 1029 8815 1417536 146308 114008
10638 2607 1692 15049 1478546 156495 146850
6771 1450 1037 8642 1377209 207111 169095
7926 1661 1062 10916 1467618 132196 120821
6252 1506 975 8559 1422118 150135 97727
6764 927 980 8723 1705798 134458 132287
6864 1427 980 8611 1287455 199587 88176
12373 2927 1037 40051 1616392 136146 126222
6544 2369 973 8411 1305109 140883 95141
5530 1067 987 8664 1292490 131569 108004
6427 1158 979 8869 1324588 144990 100701
6832 1074 983 8409 1278206 131937 95767
6175 1069 978 8572 1332147 143234 108498
6312 1194 993 8357 1427234 185157 148462
12364 2474 1113 14138 1365534 146393 115798
6206 1188 984 8706 1274909 140053 91708
6293 956 981 9366 1296963 150751 92741
6587 1210 982 8479 1267081 159629 110069
7447 1255 1034 9564 1434415 159580 136852
6095 1255 989 8345 1287919 151597 100458
6780 1267 995 8718 1291673 155022 118461
5955 1208 1000 8643 1325404 147301 108002
5145 942 983 8623 1272837 153359 92099
6245 1482 983 8188 1420697 161071 163108
6627 1277 1045 9244 1322212 150897 106050
6597 1001 990 8283 1302043 141543 115145
5512 1298 1016 8633 1580167 155150 384347
6788 1255 1010 9000 1267688 141746 96469
6610 1037 981 9083 1260763 159011 107731
5550 1240 1025 8975 1270184 146151 102234
5408 1190 1013 8702 1312717 162317 166246
6372 1069 1027 9028 1292836 141567 99943
6292 1100 977 8474 1270327 154544 93845
6340 1084 1018 8530 1345017 144579 96700
6652 1302 1025 8608 1278061 156550 88741
6315 1198 984 8363 1259069 138797 98292
5943 1136 1029 8751 1268343 153510 92088
5622 1046 1027 8912 1285525 137770 88201
6505 957 984 8690 1285208 153440 91423
5328 1225 1021 9057 1236775 139247 90463
6025 1104 983 8714 1287484 152085 99614
6060 1033 1032 8608 1367195 151872 214668
6198 1200 1015 8494 1276335 155464 94279
5778 1093 1023 8290 1323022 152844 117763
5243 1355 1078 8866 1261109 154929 88323
6005 1072 1023 8479 1254311 163316 97523
6600 1258 1077 9131 1307586 160055 133863
6039 1039 1030 7293 1265368 153188 113157
6948 1168 1077 8426 1247763 164485 112938
6052 1080 1030 8750 1241403 157916 110708
6333 1495 1122 9558 1512433 163642 305281
6255 1021 1112 8901 1657218 150453 470909
6800 897 1062 7234 2198117 172450 864619
5201 994 1086 8450 1357299 158104 157155
7096 1195 1145 8974 1297537 167494 163691
6634 1197 1092 7056 1289020 252849 215577
9633 1711 1131 8460 1285109 178467 138008
6454 1099 1099 7164 1282182 156413 90219
6682 909 1148 9623 1487949 178898 115757
7042 1426 1142 8113 1301626 153576 101830
5518 996 1091 8332 1402888 180116 111893
5718 1144 1142 9692 1308951 165266 99239
6373 938 1150 8941 1261698 175005 90196
6864 1517 1207 8230 1271356 165810 106767
5359 947 1093 9593 1265639 170901 92854
6447 1505 1103 8463 1240132 155167 98605
5387 2011 2238 7266 1363687 187947 146236
7206 1485 1139 8875 1452951 198663 130610
11946 1726 1154 9387 1466841 179794 128702
5352 942 1104 8741 1389762 178497 166662
7301 917 1191 7979 1355477 233558 139348
10275 1362 1682 10234 1618359 180244 110609
6231 1041 1109 8451 1277718 182691 95362
6263 1485 1115 8752 1383538 163618 121367
6364 1155 1108 7895 1271604 174356 115635
6774 1177 1168 8836 1358389 174625 120523
6658 1547 1163 8259 1357388 255145 110186
12752 1648 1156 9787 1414550 175242 167085
7436 1148 1154 8736 1517862 214554 121000
8470 2862 1683 10668 1671079 206132 262996
8041 1875 1310 9421 1746698 242581 319969
9344 1053 1129 14921 1587150 182453 288557
5942 1031 1105 8621 1647840 255493 223098
7557 1453 1098 9258 1505814 172511 125528
6049 1090 1126 7776 1438934 188228 100911
6738 1117 1066 9040 1294701 173918 93718
5128 1137 1049 7956 1285005 220385 92130
7385 1339 1075 8895 1991012 273846 852628
10141 1405 1446 10462 2323790 204859 727850
6628 1168 1159 7796 1360594 173066 126495
6777 963 1168 7800 1463024 198133 168192
7158 1049 1116 9062 1524442 216841 137762
7309 1252 1112 12326 1605048 244299 175097
7348 1182 1112 8728 1427091 205176 136321
6833 766 1112 7863 1423402 205858 105250
7185 1119 1139 8241 1451939 198707 153337
9480 1148 1220 7949 1367937 197406 135695
7020 990 1125 9990 1431061 241278 168683
6263 1105 1180 8768 1426950 205275 133596
7073 1396 1297 9768 1339256 183675 100319
6745 1555 1106 7808 1462463 223795 122061
7163 1077 1134 7829 1798665 194663 263926
6588 1082 1124 8425 1663251 237374 119625
6900 798 1207 10102 1293438 179997 92732
6720 1577 1121 8309 1569452 210062 169778
6986 1129 1121 7926 1435549 196790 131779
8712 1349 1825 7909 2186121 259420 701983
9522 1520 3019 11887 1391761 234972 165638
5455 869 1240 7971 1565991 243116 161573
6633 960 1242 7825 1463968 232286 139904
7375 1456 1307 8359 1534891 278438 133229
7268 964 1250 11807 1423805 227671 196167
6547 1447 2181 14216 1522233 254436 110418
9677 1558 1401 13861 1432764 242082 129540
7500 1612 1345 10767 1471755 258939 130261
14149 1027 1242 10408 1382914 199586 154153
5355 1158 1245 8011 1598016 217165 208235
6993 888 1249 8034 1560893 227911 173643
7088 1399 1256 9869 1638299 243822 141366
7768 1675 1454 8814 1575583 255886 164561
13588 1848 1572 12158 1734083 320727 159587
14569 3163 3572 16134 2568797 253903 214776
7211 1415 1340 8241 2232973 228410 198348
10471 1168 1674 12597 1593780 207890 135183
7486 1073 1369 10282 1576878 244310 121283
9446 3059 2907 9311 1557235 268169 158666
10095 1677 1391 14919 1451636 241087 130370
9398 2487 2073 10430 1852143 203013 157005
6882 975 1279 9252 1392801 219706 140164
7400 1276 1398 8728 1706732 239183 370871
8913 1394 1682 9276 1626931 245486 133399
7369 960 1377 8249 1557662 218748 154198
7428 1244 1371 10255 1499464 269309 127568
8209 1407 2611 14333 1431124 198851 107585
6751 1056 1305 10027 1660187 229903 133314
6817 1444 1285 7776 1541683 215080 99293
7112 1157 1373 10220 1733723 279806 172776
10062 1197 1467 13244 1600851 245425 141029
9650 2634 1416 10746 1476985 224830 132122
7018 1002 1370 10437 1397938 229261 122204
7554 1306 1454 12021 1464662 262489 151771
7295 1327 1369 8539 1350262 200574 97227
6903 1003 1291 9804 1458002 249535 139482
11762 930 1397 9226 1559018 234424 168621
10990 2114 3323 14900 1514215 260510 142029
6876 741 1304 8230 1566230 208580 161057
7288 1080 1397 8280 1397551 292685 119248
8547 1301 1414 8656 1507806 236197 125540
7572 1226 1420 15936 1516250 227876 176995
6675 1017 1289 7813 1434850 224999 141248
8964 1291 1433 10412 1752656 261404 412733
6661 1113 1325 10014 1662371 322481 180770
9964 1026 1470 11404 1693640 377661 186314
7925 2027 1936 15159 1626901 243758 144851
7130 1082 1313 8295 1565187 235717 154877
7250 1173 1330 9881 1709021 230252 209407
7632 1320 1390 10661 1717992 335981 217969
9562 2318 1821 14531 1432785 225369 125345
7272 955 1397 8748 1358714 237596 108377
6987 1082 1390 8652 1866200 228307 157517
8093 1300 1324 10144 1492951 233785 104258
5925 877 1322 8410 1343749 219833 103038
6940 1262 1397 8601 1585755 237496 125862
7334 1185 1334 8003 1348155 320161 92111
9912 1378 1787 10915 1476989 250016 122710
6996 1176 1400 8572 1363610 207855 95613
6655 1155 1331 8424 1354417 242217 98894
7352 1334 1389 10564 1293593 231953 100791
7711 1268 1416 10863 1714647 283493 197506
6872 1393 1357 8773 1564094 274377 151726
6111 1665 3123 14734 1513114 244891 93557
7492 1174 1399 8393 1469045 216706 107403
6520 1506 1329 8021 1409749 247687 114611
6992 1087 1833 10397 1588166 224495 120720
7090 1694 1417 8730 1512451 243359 124720
6656 1174 1322 10032 1349985 216588 103235
6675 1224 1334 9969 1776683 271628 176273
7183 1253 1380 8320 1991138 238110 521455
6646 1449 1340 10081 1543631 264607 150148
7385 1940 1519 9952 1681063 237037 178655
7459 1125 1474 11086 2367015 303781 956518
7530 1473 1494 11687 1513143 263281 130435
7652 1638 1617 10910 2524571 249455 920624
7345 1621 1443 11288 1443764 217290 139677
6881 1028 1349 8174 1385773 249438 153664
6540 1191 1349 8185 1405352 257862 120514
7019 1333 1345 9912 1436310 251813 131885
6910 1273 1346 9976 1316824 220282 107797
7299 1277 1421 8758 1361846 245878 124348
6594 1133 1345 7872 1377774 232097 162809
7001 1585 1416 9936 2000302 236750 774808
6825 1186 1358 7985 1331519 221735 103846
6630 1026 1350 9967 1314667 239088 91005
6927 1377 1361 10017 1293067 221224 96409
6833 1397 1337 7899 1316411 239383 93497
7055 1005 1353 9639 1275184 220117 90405
6626 1267 1290 7756 1295012 239773 91479
7193 1363 1350 10211 1286149 230198 116527
7370 1120 1424 10369 1303113 243085 99309
6567 921 1305 9953 1331916 240942 100973
7551 1294 1433 8571 1333778 236116 102044
6759 1014 1364 8090 1318866 221467 126219
7307 1256 1298 9919 1283902 247218 103916
7267 1682 1423 8175 1878450 297379 135963
8197 1958 1900 15022 1622417 268604 113562
7498 1367 1525 11343 1476349 255357 118761
6751 995 1526 11041 1458327 245996 95914
6567 1167 1355 8535 1348312 240235 116552
6811 966 1347 10248 1981202 348651 559304
6845 1078 1382 9931 1567346 229338 123794
6393 1641 1340 7850 1318159 245004 114055
7029 1492 1363 9979 1304659 227617 92216
6721 2235 1350 10010 1300309 241409 93886
6583 1149 1308 10226 1277114 228332 94678
6744 1184 1357 10222 1286573 243539 93237
7003 1292 1317 7710 1269930 237973 95457
7146 1421 1356 8414 1353996 276278 102255
8405 1206 1661 9258 1663500 256129 107094
7202 1180 1526 11045 1690213 340947 141148
7301 1650 1556 10439 1565143 249085 127731
8490 1378 1424 11414 1566754 278127 135796
7805 1653 1522 9359 1704957 259933 150870
7595 1109 1455 8653 1339785 249592 95017
6897 1086 1305 9832 1338062 235713 120823
6536 1145 1365 7992 1288771 239957 98890
6917 1325 1355 7929 1408911 237027 97272
7154 1341 1362 10184 1541899 283377 112067
7622 1407 1479 12232 1444243 266475 126634
8074 2330 1371 10296 1444580 268831 132781
7302 1010 1459 11272 1646939 289688 202264
7811 1251 1446 8989 1406850 268660 135470
8486 2297 1378 8180 2059562 353440 615787
7074 1205 1375 10266 1483337 369664 202965
7838 2755 1909 32581 1636821 293861 153980
7711 1432 1484 10859 1350351 255885 97242
6930 1076 1368 9970 1900514 258796 653801
6924 1125 1384 10434 1348939 264072 120566
6837 1346 1372 10404 1327783 259361 106089
6938 1333 1388 10160 1297632 257839 93322
7521 1387 1388 10298 1299794 256823 93493
6695 1316 1352 9796 1331488 396660 168032
11367 2357 3259 9744 1666906 265904 125118
6885 911 1374 10260 1484829 364777 107593
7796 1214 1500 9223 1724582 283343 125279
6999 1484 1441 8707 1355162 276568 101024
6453 1867 1376 10182 1325582 262258 97596
7031 1369 1380 8048 1330872 278838 94841
6847 1220 1386 9896 1338813 282506 103190
6673 2547 1538 10837 1400984 270075 123315
6348 1028 1389 10306 1381244 314262 136546
7032 1266 1466 11652 1499310 263746 138477
6762 1053 1393 10778 1420071 301231 106451
8018 1596 1560 11618 1458813 327270 114090
7937 1464 1578 12080 1771134 328776 187058
13284 2350 3242 17927 1783732 317205 144900
7644 1706 1559 11904 1966513 298379 222330
7745 1375 1548 9117 1428578 288591 94337
6851 1275 1452 8479 1412349 277074 104379
6802 1147 1396 8309 1628207 334691 137936
6732 909 1397 10310 1447072 329369 126807
8157 1556 1734 12901 1543636 292163 122398
7222 1283 1440 10562 1668453 309060 217560
6819 1539 1450 11112 1565400 357495 212170
7216 1020 2360 15947 1520921 279487 170466
7351 1374 1678 9035 1835989 366904 167103
7344 1095 1603 13789 1624145 310490 132654
7660 1188 1504 10797 1398665 330869 100519
8420 1994 2087 12424 1558400 339931 111335
7408 1692 2391 15087 1543650 332402 128535
7761 1396 1652 11959 1511393 313739 103252
9328 1170 1609 11127 1494834 303101 137336
7409 1101 1604 9736 1508322 309707 107914
7682 1838 2139 13055 1414677 276263 97841
6751 1039 1433 10239 1927429 347189 146625
7453 1514 1502 10794 1583105 336958 120265
7136 1420 1503 11062 1367851 304206 96476
7342 1357 1536 12966 1439939 293818 98034
6694 1118 1415 10595 1518544 318364 120181
13564 1551 1834 13314 1585176 347539 144134
12564 3056 1542 10916 1644396 362850 130271
48570 3038 3725 43577 1660891 368588 138940
9634 1231 3375 13934 1594436 512346 117687
7631 1135 1601 11736 1794982 366995 141638
7781 1814 1928 12375 1704317 423372 244795
9744 2387 2444 22672 1884855 534044 158969
9955 1196 1805 12064 1577971 291484 160202
7548 1426 1519 10945 1601799 326872 171959
7168 1289 1528 8582 1472528 418091 133008
9043 1749 1634 12261 1818766 323181 149992
7320 1170 1530 11080 1548986 322969 145358
17938 2056 1957 14386 1409711 377506 126978
8404 1159 1537 8797 1452831 289163 112228
6911 1485 1521 10355 1377940 322159 131473
7713 1160 1547 10711 1421280 310545 163625
7192 1471 1821 10828 1465366 295466 96805
6828 854 1542 10515 1444798 355822 117843
8123 980 1669 12853 1580429 352881 131680
7251 965 1522 11117 1612261 300519 173572
8009 1365 1577 11323 1516479 317997 130598
7398 1191 1539 10801 1347818 289787 108084
7308 1803 1629 11922 1544805 336475 201773
6860 1468 1538 8720 1500026 353090 151594
10070 1338 1600 11220 1430072 391371 187916
7833 1059 1595 11111 1392944 319598 118144
8341 1549 3406 17049 1389472 316012 119545
8191 1390 1541 11253 1583498 326934 117126
8043 1338 1590 16957 1419407 305921 97762
7122 1016 1467 10247 1346663 294270 130511
7924 1300 1587 9067 1895172 379695 144268
7363 1271 1536 10791 1443437 288069 94261
7029 975 1453 10415 1351332 321339 112005
8331 1637 1724 11731 1430011 324522 136532
7546 1242 1670 11635 1847001 322517 133951
6778 1250 1547 11303 1367165 307241 118062
7273 1220 1596 11124 1327756 302206 91567
7077 1289 1547 11052 1354742 292462 111401
6815 1055 1512 11233 1323403 298606 103366
6693 1102 1421 10339 1709884 305212 390264
7217 1116 1507 10980 1440780 336281 111883
7180 1239 1616 11522 1455773 328158 104147
7582 1268 1588 11767 1636513 343152 102765
7269 1335 2691 11636 1415259 292660 100017
6781 1156 1427 10132 1317126 303857 106105
7389 979 1425 11183 1336698 296639 116017
6745 1266 1415 10470 1292261 322017 95061
7249 1560 1534 10955 1466127 326638 267642
6813 1346 1447 10653 1476342 332912 167386
6678 1359 1458 11083 1371818 299286 139059
7186 1144 1537 11256 1499943 350797 149944
6925 1348 1401 12201 1612602 327592 203156
6997 1292 1313 10658 1388930 346919 112576
8328 1758 2133 12139 1448921 371849 183564
7686 1198 1382 11478 1421053 331563 166699
6976 1240 1324 10693 1347245 317834 110863
6683 919 1321 12655 1440910 380385 112093
7202 1564 1393 10943 1514114 311344 126295
7174 1142 1320 10282 1762613 370087 150527
7542 1245 1481 12260 1350657 307406 95056
6449 1788 1327 10522 1644594 336032 122522
7700 1213 1301 10667 1520648 376348 175806
7221 1488 1387 11162 1435860 360583 132137
7197 1026 1432 12600 1463257 379824 161716
7721 1379 1406 11066 1459903 397700 144317
8087 1351 1394 10916 1402354 372095 131742
7438 1006 1343 10687 1569559 364999 179087
7454 1112 1383 10984 1476465 355776 154622
7502 1257 1412 11501 1388421 327760 112400
6859 1398 1350 10852 1561971 343626 183195
7347 1186 1391 11178 1793819 363760 136504
6848 1655 1316 10462 1706169 330096 142427
6559 1190 1336 10370 1456650 327241 121246
6801 991 1376 11076 2457422 392678 1101160
7002 1235 1379 11371 1523844 315390 143338
6545 1408 1368 11164 1406965 338198 140117
6912 1211 1344 10878 1882619 296564 599310
6916 1354 1357 10473 1445734 366664 179700
8867 1902 1401 12158 1783922 428038 356646
9012 1486 1373 17751 2006468 381335 210190
7638 1376 1438 11776 1745677 317749 178322
7381 1187 1357 11089 1345725 313010 101568
7422 1327 1364 11044 1821585 421374 170278
7986 1779 1381 15650 1542153 367955 203825
7397 1393 1354 11336 1370802 310067 115606
7195 1157 1362 11088 1667319 346789 354272
7036 1071 1339 10572 1627251 341378 136923
7370 1178 1293 10713 1599212 405646 196157
7590 1381 1359 11340 1463958 350524 150607
7507 1472 1458 13729 1572576 356535 206148
7242 1406 1325 10995 1382621 341315 101072
6963 1567 1372 11182 1475509 390267 133784
8750 3180 3489 15119 1503156 359133 123556
7290 1272 1367 11304 1519634 392539 138523
7141 1272 1362 11660 1502159 415533 167424
7502 1798 3482 19025 1685967 378440 132409
7326 1404 1295 10607 1529549 361081 138752
7492 1671 1365 11580 1512277 366310 128964
7214 1353 1359 11347 1650982 361226 224164
7929 1507 1378 11311 1567310 474933 348306
7821 1340 1411 10663 1455510 347610 139269
6666 1080 1300 10939 1365546 374283 127224
7570 1273 1430 14350 1417683 369064 139328
7664 1366 1449 12473 1463041 372225 106751
7155 1459 1351 11324 1786026 347457 490871
7110 1166 1541 11265 1744719 470967 138935
15935 1545 1557 15049 1828993 406549 279762
8068 1750 1633 13125 1610881 400199 167264
7116 1732 1342 11273 1426574 373049 111389
8670 1223 1452 12664 1586250 538484 136869
8279 2400 1493 12226 1466493 363479 120258
7142 1348 1354 11396 1549675 376453 191089
5709 1173 1355 10868 1403801 393887 166924
7711 1241 1434 11970 1478830 380473 137645
6164 1512 1376 11689 1419326 388038 130240
6764 1127 1301 11108 1347756 404143 118966
7649 1471 1367 11527 1375440 355272 135617
7267 1837 1379 10910 1362311 418934 99025
7738 1154 1506 11929 1436455 452283 139683
7138 1032 1362 11206 1326861 381514 129175
7371 1128 1302 10814 1706172 487901 124945
6438 971 1384 11611 1872471 450540 508370
6549 1211 1427 11456 1584489 408936 151963
7165 1137 1364 11561 1392729 388646 115849
7221 1181 1383 11351 1566971 402024 232309
6359 1673 1420 11741 1921545 380853 139963
7619 1783 1304 11203 1331063 416673 98601
7222 1654 1477 11966 1410766 362993 128161
7124 1099 1408 11359 1609135 404577 161502
7251 1181 1314 10695 1356239 389477 97558
7190 1634 1750 12184 1474224 397063 114606
6624 1228 1306 11023 1485575 456136 113676
10416 1551 1513 13957 1512614 545722 108802
7879 2127 1728 14112 1535392 411188 123779
6362 1241 1471 12409 1449244 388365 103732
5967 1054 1323 10944 1409725 414031 223342
8912 1334 3313 17114 1613964 479883 117987
17661 1664 1809 16054 1521091 381686 162009
7355 1522 1398 11729 1372065 438637 137020
6231 1398 1391 11641 1506410 490315 140945
6951 1535 1396 11532 1671670 430592 170507
6274 1111 1425 11899 1582043 416834 137059
6586 1047 1424 21353 1544384 488679 153843
7098 1080 1398 11293 1759782 432879 162423
7647 1027 1387 11521 1414778 408208 106102
6777 1177 1541 11783 1519301 411176 122762
7732 1143 1472 11962 1535176 465939 109493
7898 1995 1490 12359 1434743 396002 100278
7060 1415 1499 12621 1458315 376429 122093
5646 1051 1362 11174 1733188 430177 146450
6773 1453 1418 12263 1550027 431564 180859
6387 1199 1384 11902 1462336 381278 129077
6370 1146 1416 11290 1494026 498876 124101
7768 1256 2122 16170 2004280 440838 276123
6575 1111 1481 13051 1544552 477811 132293
8796 1931 1627 17143 1626501 418390 110517
6715 1218 1488 12452 1501856 420257 100369
10739 990 1413 12001 1382030 471907 257212
7453 1133 1405 14767 1418969 418825 120395
6169 1101 1388 11258 1396287 379104 101829
6838 944 1392 11558 1373065 456180 96756
6377 1682 1426 12033 1718276 421670 141493
7217 1256 1325 10603 1863204 493903 230140
7746 1377 1453 11610 1479376 495596 132878
7739 3079 1857 12032 1683725 448573 165163
7473 1316 1502 12216 2049682 565691 166329
12048 1871 2142 20387 1844702 445965 175996
8352 1376 1524 12774 1534031 407419 114018
8310 1310 1477 13857 1678196 405079 138159
8438 1462 1428 11370 1622817 424230 130912
7049 1450 1476 11745 1405307 401482 105604
6911 1047 1334 11193 1420850 412969 121787
7365 1334 1409 11389 1588223 430985 149920
6493 961 1335 10808 1529971 438377 124330
8897 2953 1580 14855 1631687 458239 107647
7890 1439 1798 14715 1544846 434972 113830
7117 1255 1407 11865 1778683 588583 207682
7287 1198 1687 13401 1474785 412857 179263
6708 1482 1503 12130 1621945 420123 126998
6238 1117 1398 11245 1399182 389681 99180
7313 1183 1409 11818 1659728 433302 112276
6133 1011 1406 11305 1412809 414500 115666
8906 1641 1585 14902 1473507 416709 123806
7354 1701 1339 11702 1350356 419633 106740
6584 1412 1411 11699 1493540 400484 121002
6802 1267 1408 11180 1611938 419420 118564
7382 1362 1334 11515 1417095 411327 106057
7408 1404 1405 11455 1432087 410128 113393
7076 1521 1422 11505 1426902 475194 125844
7094 1155 1345 10804 1476556 457576 147226
8427 1188 1402 12062 1580818 500683 192426
12401 1572 1407 12871 1582380 491425 165892
6243 1576 2643 13559 1618484 474217 137511
8168 1117 1853 18846 1558545 483660 148704
6688 1211 1445 13191 1653938 481438 142547
6753 1607 1490 12326 1667321 434544 191569
10802 1350 1421 11524 1611926 450830 138550
6739 1524 1519 15350 1654057 494193 162101
7477 973 1427 11977 1661504 563002 368133
8462 2029 1484 12184 1537442 447186 134223
6165 1464 1402 12345 1567331 550482 148583
7081 1507 1455 11915 2071120 553671 183754
10718 1890 1757 14553 1985341 688391 337858
7901 1489 1501 12374 2004554 629238 200159
6180 1586 1636 12821 1816014 575631 139516
7424 1406 1514 17671 1733618 450479 113413
6915 1223 1504 11999 1777436 500537 312051
6268 1189 1409 12231 1370867 420765 105871
7225 1474 1357 11369 1721436 457770 191068
7275 1348 1458 12214 1585328 526120 133520
7118 1264 1415 11825 1446050 580635 113147
7420 1803 1541 15575 1572883 507481 148250
10838 2840 2618 26250 2101992 519939 542253
6596 1575 1540 12813 1789660 494971 167522
8059 1574 1591 12439 1615811 491983 141907
8456 2339 1526 12202 1696171 487781 145174
7577 1318 1530 13339 1725505 399876 117290
7774 1649 1529 12577 1679692 440905 151591
7631 1213 1424 11281 1524944 387472 112428
6894 1174 1447 12161 1711184 442434 345775
6952 1478 1433 11252 1458936 395173 143397
7286 1453 1534 12062 1504680 436463 234325
6342 1518 1529 11408 4321834 518101 3279474
7676 2504 1778 19452 2132817 530939 520033
6452 1309 1693 12834 1613569 430338 114387
7589 1050 1527 11615 1448125 513503 202116
23678 1355 1629 14049 1792448 427441 143990
6333 1461 1512 11501 1593829 501860 154534
6271 1639 1530 12283 1714711 466313 166055
8012 1387 1533 11894 2786503 686802 387483
8835 1809 1838 15094 1621703 473732 118944
8451 1668 1643 13080 1672598 605027 159505
7493 1499 1638 13053 1844880 496228 196020
6829 1520 1722 12767 1590074 820043 147172
6806 1280 1611 15391 1718887 507404 153018
7309 1341 1609 12765 1995975 679657 201997
8739 1436 1552 18591 2093943 659974 152367
8420 1273 1744 12668 2120630 521677 118303
6993 1482 1656 13099 1640476 420578 156437
7385 1307 1991 12057 1471339 553049 136522
9702 1773 3176 20174 1710401 552006 159670
6926 2868 2510 24415 2246670 728704 240619
7138 3957 5105 16433 1884601 559047 171251
25304 2103 2864 13502 1947006 663285 149558
9084 1825 3477 16174 1857700 416878 130548
6169 1969 1537 11757 1383939 452215 97735
5906 1224 1409 10915 1221969 361268 86557
6844 1365 1462 11287 1270528 547331 122188
7091 1044 1525 11702 1520440 389652 106269
5873 1537 1391 12329 1398121 497974 125440
6111 1469 1548 11989 1551672 511585 188172
6913 1664 1655 13023 1435081 457111 118097
6104 1005 1437 11385 1432167 398344 114252
5635 1684 1431 10715 1357980 479177 98582
7931 1045 1554 12043 1377380 409961 95431
5975 1127 1558 12229 1357613 554963 96918
6432 1189 1686 14960 1431959 420143 98939
6896 1573 1539 12414 1404460 488677 98704
6290 1169 1495 11032 1266792 395407 89317
6203 1349 1529 18363 1530130 442603 129055
5955 1707 1491 10692 1469245 378775 145899
6099 1049 1908 11016 1348169 440536 152390
5593 1139 1398 11073 1210282 360687 96504
5637 1086 4054 10573 1210775 434083 89885
5658 1084 1415 10348 1274463 373224 99777
5435 1062 1344 10195 1213924 430405 85564
5438 1268 1342 10015 1192775 368848 90940
6006 1137 1726 11015 1233121 433368 85542
6454 1438 1541 10138 1333917 407977 141434
7362 1188 1404 11000 1210650 433581 89375
6827 1179 1339 11222 1285255 366495 93688
5532 1774 1382 10340 1324698 551108 113981
5872 1312 1470 11285 1305734 385251 106669
5588 1397 1405 10427 1310658 442107 111812
5760 1097 1356 10268 1207537 369923 128951
5906 1021 1349 10313 1329845 454961 102116
6950 1366 1500 11911 1244573 381470 125458
5407 1040 1349 10136 1286053 451075 109881
5526 1144 1357 10989 1261771 365363 105828
5155 985 1298 9936 1209403 431967 86633
5356 1621 1316 10038 1330232 373652 112666
6972 1120 1344 10197 1471450 535055 131980
6135 1745 1542 11873 1308608 399568 93059
5889 1293 1483 11123 1443723 478007 155254
7374 1241 1486 11185 1340972 425213 126476
7841 1388 1465 11167 1343821 487421 104605
7028 1152 1468 11590 1587700 522527 155067
9578 1603 1612 13502 1731924 669879 159949
7538 1768 1643 12663 1549075 478814 164048
6296 1317 1570 11684 1723611 706970 238451
13267 1151 1683 14387 1456685 477716 161357
8128 1159 1509 12104 1469644 495512 125941
8361 1137 1558 11882 1573981 451996 124997
6313 1261 1409 11485 1364027 642943 102414
8896 2875 2171 12609 1445562 454721 143662
8443 2300 1613 14276 1455358 499805 119074
6430 1252 1410 11692 1466603 444685 146029
6342 954 1471 11671 1473421 550955 128357
8396 1198 1410 12940 1573958 479604 143199
7071 1491 2158 11737 1347592 718058 104116
8377 1589 1542 18512 1446284 546418 132965
9505 1819 1455 12929 1528193 536252 226365
7397 1057 1352 11988 1742807 430610 280787
7710 1339 1517 11909 1457418 542766 105500
6102 1938 1503 11971 1344353 432330 93572
8112 1234 1575 13316 1329170 510196 93714
7811 1454 1418 11318 1359887 415819 98801
5540 1626 1412 11380 1377669 590579 111498
8490 2119 1589 12765 1361182 425363 98164
5843 991 1413 11576 1331389 506935 103659
7703 1078 1418 11189 1298698 426072 91642
7408 1196 1425 11762 1607879 583110 145612
8122 1451 1557 12907 1973312 523724 122626
8661 1705 2091 13630 1646308 522004 132858
6027 1455 1585 12284 1422567 460300 133293
6242 1006 1481 12613 1397956 565363 120618
6823 1529 1586 12991 1411480 431483 99534
7665 1087 1430 11857 1350478 568180 132066
8658 1514 1503 12228 1382827 474331 154383
10844 2037 1969 12903 1666993 617717 127075
7945 1395 1421 11484 1412440 489121 125627
10523 2760 3425 17846 1440646 550600 126515
7738 1053 1516 11969 1330244 425192 93625
10367 1215 1729 14580 1518006 554045 135117
8110 1307 1487 11841 1438143 461013 135996
7849 1362 1487 11812 1326168 581967 93921
5908 1160 1426 11431 1451559 514677 107566
6814 1360 3076 13127 1580527 568936 219439
7979 1515 1424 11308 1369170 439915 132700
8571 1187 1538 12487 1503910 506150 128245
5965 1436 1415 12123 1461173 417754 100619
6332 1157 1446 11848 1398068 628193 139021
9965 1673 1680 12885 1335716 423547 95664
7390 1884 1441 11765 1369912 569534 99584
12155 2559 2129 16221 1804700 452932 140703
7940 1392 1506 12223 1482568 634482 102650
9757 1622 5989 21021 1573875 470186 140169
6123 1609 1565 12693 1599731 571862 132366
6243 1365 1508 11905 1613377 642734 188119
7770 6876 1449 11670 1517999 620106 164701
8843 1920 1713 13204 1507218 551797 132043
8742 1404 1582 12684 1550285 593016 128454
8111 1727 1823 13703 1504327 438005 153432
7877 1299 1518 11958 1609170 645585 165935
8206 1693 1628 14549 1486508 479373 169450
6175 1093 1567 12214 1594558 529284 183653
7972 1201 1501 32511 1794312 482367 219953
8265 1291 1704 13284 1606342 589520 213485
9008 1403 1739 13392 1532541 552461 103921
6653 1345 1639 12794 1477651 616318 111354
8801 1431 1757 13220 1440593 457897 93961
6159 980 1439 11714 1586848 620324 153099
8143 1244 1572 12540 1455336 558886 110534
7028 1303 1652 14585 1554993 615687 156209
6455 1275 1506 11942 1436365 550865 124067
6709 1352 1624 12870 1476054 604333 129684
7793 1085 1511 12196 1655794 715120 182976
9077 1241 1554 21331 1524654 816166 115416
13330 1769 2144 17849 1639529 563136 154361
8515 1452 1698 12954 1958384 700334 134398
8894 1401 1705 12811 1701825 612778 136124
8370 1310 1613 13897 1903760 806847 148702
33881 2568 1644 25746 1661040 555855 144252
8223 1632 1600 13569 1501107 649051 107453
8636 1358 1614 12877 1471522 559653 105738
9434 1678 1612 13278 1599210 635982 102272
11890 1260 1698 13324 1509572 583923 110168
9472 2185 1606 13203 1491728 643319 102793
8873 1947 1613 13119 1619069 516941 144062
8493 1385 1752 19419 1561177 578383 146252
7870 1438 1516 11959 2089550 576559 379831
8309 1516 1631 12608 1553578 631450 121260
6759 1567 1610 13163 1612342 553411 104252
9394 1673 1617 15783 1493456 615430 110220
8918 1573 1718 13135 1586859 519638 120442
9642 1504 1733 13109 1546452 591000 119567
7589 1796 1526 11903 1757435 540501 144403
7859 1526 1538 12925 1472931 613921 118249
8021 1582 1507 11994 1594124 537811 120815
8742 1546 1618 20385 1564276 592822 106245
8612 1621 1720 13035 1516361 530738 108260
9184 1323 1630 13341 1659306 662735 297742
8541 1513 1616 15244 1786722 684494 150433
9073 1350 1633 13680 1596767 523670 126966
8724 1196 1584 12370 1565245 531066 109880
8424 1141 1567 12044 1585727 602943 119620
8765 1645 6477 43244 1642070 539846 136939
6484 1076 1831 13478 1515888 654224 111151
8594 1260 1641 14835 1755333 570091 133414
8030 1301 1615 19225 1642395 629539 133772
6021 1406 1524 11883 1757605 793092 251196
9586 1215 1711 14749 1886861 672280 199231
9335 1416 1609 13023 1929623 559221 133414
8568 1475 1782 13945 1609039 585943 138230
8524 1145 1916 15377 2015375 506572 397343
7708 1573 1529 11999 1436891 581859 152306
9174 1040 1615 13574 1501777 534209 114226
6843 1487 1616 13241 1526533 583300 121515
8392 1562 1740 13774 1495830 534753 135311
9177 1417 1638 13571 1500947 592470 106692
8459 1421 1682 13857 1442133 508434 115206
9125 1496 1541 12960 1937992 657941 173302
8989 1516 1678 14140 1677129 567905 136213
8805 1286 1663 13764 1816478 689157 171234
9660 1724 1641 13663 1769920 570880 189059
8126 1717 1734 12979 1498984 585896 110807
8485 1253 1726 13826 1544150 554766 120842
8571 1381 1671 13749 1768377 669014 129992
8883 1131 1624 12638 1681087 513084 147428
7968 1494 1535 12939 1439407 570832 143883
8410 1470 1619 12296 1471006 521746 174413
8132 1423 1582 12523 1524138 596479 135784
9326 1165 1791 14860 1444580 579158 145522
8542 1822 1849 15447 1521544 640962 146721
8799 1300 1664 13125 1718404 543051 145671
9148 1519 2496 28571 1526733 553496 126440
8088 1261 1563 13910 1582039 537579 203390
8016 1326 1524 12261 1509342 664734 182751
8548 1379 1523 12327 1449174 519768 142952
8631 1481 1645 13741 1367929 545992 97737
7575 1282 1554 12036 1433245 513185 137349
8088 1047 1542 12488 1458375 622420 217746
8642 1730 1693 13963 1382377 546720 123415
6292 1120 1545 12325 1505330 620112 141877
7934 1437 1551 12463 1473256 535159 139151
7900 1135 1540 12670 1475537 703603 136215
