RIndependent Gonzalez BaselineGreedy Bottleneck Dynamic FullyDynamic ModifiedIncremental
14 27 19 17 24 19 27
16 57 19 15 24 19 30
16 49 19 14 24 18 19
15 28 18 17 24 18 26
15 23 18 16 24 18 27
14 31 18 17 24 18 21
17 23 18 15 24 18 19
14 28 18 17 24 18 20
15 39 18 17 24 18 19
15 30 18 14 24 18 29
14 32 18 16 24 17 28
14 29 17 15 24 17 26
14 25 17 15 24 17 24
17 35 17 14 24 17 29
15 19 17 13 24 17 31
13 32 17 15 24 17 29
12 23 17 12 24 17 31
13 32 17 14 24 17 24
13 42 16 14 24 16 27
13 23 16 12 24 16 24
14 22 16 15 24 16 19
12 24 16 13 24 16 23
12 22 16 14 24 16 28
14 25 16 15 24 16 27
13 20 16 13 24 16 28
13 25 16 13 24 16 19
13 27 16 13 24 15 18
13 21 15 11 88 15 26
12 21 15 11 88 15 24
13 29 15 13 88 15 25
12 27 15 13 88 15 19
11 38 15 12 88 15 26
12 67 15 13 88 15 26
11 22 15 13 119 15 21
13 31 15 13 118 14 27
12 26 14 11 117 14 26
14 40 14 11 116 14 23
12 23 14 13 115 14 20
13 21 14 12 114 14 18
12 36 14 12 113 14 19
11 22 14 10 112 14 23
10 25 14 12 111 14 19
11 13 14 12 110 13 17
11 33 13 13 109 13 24
10 18 13 13 108 13 31
10 20 13 10 107 13 20
10 44 13 13 106 13 26
9 30 14 10 105 13 23
10 38 13 11 104 13 24
12 51 13 11 103 13 24
11 38 13 11 102 12 28
10 23 12 10 101 12 31
11 49 12 11 100 12 22
9 28 12 9 99 12 23
10 21 12 10 98 12 28
9 39 12 8 97 12 22
9 35 12 12 96 12 22
10 18 12 11 95 12 26
8 39 12 9 94 11 23
10 32 11 9 93 11 22
9 23 11 11 92 11 28
8 23 11 8 91 11 26
9 24 11 11 90 11 21
9 22 11 11 89 11 21
10 23 11 9 88 11 18
9 12 11 8 87 11 26
8 20 10 9 86 10 31
9 19 10 8 85 10 19
9 59 10 9 84 10 24
8 48 10 11 83 10 30
9 24 10 8 82 10 18
9 17 10 11 81 10 17
9 46 10 9 80 10 16
9 19 10 8 79 10 23
6 17 9 8 78 9 19
7 19 9 8 77 9 26
9 15 9 9 76 9 17
8 24 9 8 75 9 31
7 22 9 7 74 9 28
8 15 9 7 73 9 19
7 17 9 8 72 9 30
8 28 9 8 71 9 17
8 43 9 7 70 8 27
6 17 8 6 69 8 24
6 12 8 7 68 8 23
6 25 8 7 67 8 24
7 22 8 7 66 8 26
7 12 8 9 65 8 31
6 22 8 6 64 8 27
7 34 8 7 63 8 24
7 11 8 6 62 7 22
8 29 7 7 61 7 25
6 60 7 5 60 7 26
6 59 7 7 59 7 27
5 58 7 6 58 7 19
6 38 7 7 57 7 19
6 51 7 7 56 7 28
6 11 7 5 55 7 24
5 23 7 5 54 6 16
5 15 6 6 53 6 28
5 27 6 5 52 6 20
5 15 6 4 51 6 24
6 15 6 5 50 6 24
6 42 6 5 49 6 17
4 14 6 5 48 6 23
5 11 6 4 47 6 20
5 29 6 4 46 5 17
5 45 5 5 45 5 30
5 15 5 5 44 5 21
4 12 5 5 43 5 17
4 20 5 5 42 5 30
4 17 5 4 41 5 16
3 15 5 5 40 5 23
4 10 5 4 39 5 19
4 14 5 4 38 4 18
3 14 4 5 37 4 17
4 12 4 4 36 4 16
4 23 4 5 35 4 17
3 13 4 3 34 4 16
3 32 4 3 33 4 16
4 32 4 3 32 4 16
3 12 4 3 31 4 31
3 13 4 3 30 3 30
3 23 3 3 29 3 29
4 10 3 3 28 3 28
2 27 3 3 27 3 27
3 11 3 3 26 3 23
3 9 3 3 25 3 25
3 10 3 3 24 3 24
2 7 3 3 23 3 22
2 5 3 3 22 2 22
2 17 2 3 21 2 21
2 20 2 3 20 2 20
2 11 2 3 19 2 19
2 18 2 3 18 2 18
2 13 2 2 17 2 17
2 6 2 3 16 2 16
2 7 2 3 15 2 15
2 6 2 2 14 2 14
2 6 2 2 13 2 13
2 10 2 3 12 2 12
2 11 2 2 11 2 11
2 4 2 2 10 2 10
2 9 2 2 9 2 5
2 7 2 3 8 2 8
2 3 2 3 7 2 7
2 2 2 2 6 2 6
2 2 2 2 5 2 5
2 4 2 2 4 2 4
2 2 2 3 3 2 3
2 3 2 3 3 2 3
2 2 2 3 3 2 3
2 3 2 3 3 2 3
2 3 2 3 3 2 3
2 3 2 3 3 2 3
2 3 2 3 3 2 3
2 3 2 3 3 2 3
2 3 2 3 3 2 3
2 3 2 3 3 2 3
2 3 2 3 3 2 3
2 3 2 3 3 2 3
2 2 2 3 3 2 3
2 3 2 3 3 2 3
2 2 2 3 3 2 3
2 3 2 3 3 2 3
2 3 2 3 3 2 3
2 3 2 3 3 2 3
2 3 2 3 3 2 3
2 3 2 3 3 2 3
2 3 2 3 3 2 3
2 3 2 3 3 2 3
2 3 2 3 3 2 3
2 3 2 3 3 2 3
2 3 2 3 3 2 3
2 3 2 3 3 2 3
2 3 2 2 3 2 3
2 3 2 3 3 2 3
2 3 2 3 3 2 3
2 3 2 3 3 2 3
2 3 2 3 3 2 3
2 3 2 3 3 2 3
2 3 2 3 3 2 3
2 2 2 3 3 2 3
2 3 2 3 3 2 3
2 3 2 3 3 2 3
2 3 2 3 3 2 3
2 3 2 3 3 2 3
2 3 2 3 3 2 3
2 3 2 3 3 2 3
2 3 2 3 3 2 3
2 3 2 3 3 2 3
2 3 2 3 3 2 3
2 2 1 3 3 2 3
2 3 2 3 3 2 3
2 3 2 1 3 2 2
2 3 2 3 3 2 3
2 3 2 3 3 2 3
2 3 2 3 3 2 3
2 3 2 3 3 2 3
2 3 2 3 3 2 3
2 1 2 3 3 2 3
2 3 2 3 3 2 3
2 2 2 3 3 2 3
2 2 2 3 3 2 3
2 3 2 3 3 2 3
2 3 2 3 3 2 3
2 3 2 1 3 2 3
2 3 2 3 3 2 3
2 3 2 3 3 2 3
2 3 2 3 3 2 3
2 2 2 3 3 2 3
2 3 2 3 3 2 3
2 3 2 3 3 2 3
1 3 2 3 3 2 3
2 3 2 3 3 2 3
2 3 2 3 3 2 3
2 3 2 3 3 2 3
2 2 2 3 3 2 3
2 3 2 3 3 2 3
2 3 2 3 3 2 3
2 3 2 3 3 2 3
2 3 2 3 3 2 3
2 3 2 3 3 2 3
2 3 2 3 3 2 3
2 2 2 3 3 2 3
2 3 2 3 3 2 3
2 3 2 3 3 2 3
2 3 2 3 3 2 3
2 3 2 3 3 2 3
2 3 2 3 3 2 3
2 3 2 3 3 2 3
2 3 2 3 3 2 3
2 3 2 3 3 2 3
2 3 2 3 3 2 3
2 3 2 3 3 2 3
2 3 2 3 3 2 3
2 3 2 3 3 2 3
2 3 2 3 3 2 3
2 2 2 3 3 2 3
2 3 2 3 3 2 3
2 3 2 3 3 2 3
2 3 2 3 3 2 3
2 3 2 3 3 2 3
2 3 2 3 3 2 3
2 3 2 3 3 2 3
2 3 2 3 3 2 3
2 3 2 3 3 2 3
2 3 2 3 3 2 3
2 3 2 3 3 2 3
2 3 2 3 3 2 3
2 3 2 3 3 2 3
2 3 2 3 3 2 3
2 3 2 3 3 2 3
2 3 2 3 3 2 3
2 3 2 3 3 2 3
2 3 2 3 3 2 3
2 3 2 3 3 2 3
2 3 2 3 3 2 3
2 3 2 3 3 2 3
2 2 2 2 3 2 3
2 3 2 3 3 2 3
2 3 2 3 3 2 3
2 2 2 3 3 2 3
2 3 2 3 3 2 3
2 3 2 3 3 2 3
2 3 2 3 3 2 3
2 3 2 3 3 2 3
2 3 2 3 3 2 3
2 3 2 3 3 2 3
2 3 2 3 3 2 3
2 3 2 3 3 2 3
2 3 2 3 3 2 3
2 3 2 3 3 2 3
2 3 2 3 3 2 3
2 3 2 3 3 2 3
2 3 2 3 3 2 3
2 3 2 3 3 2 3
2 3 2 3 3 2 3
2 3 2 3 3 2 3
2 3 2 2 3 2 3
2 3 2 3 3 2 3
2 3 2 3 3 2 3
2 3 2 3 3 2 3
2 3 2 3 3 2 3
2 3 2 3 3 2 3
2 3 2 3 3 2 3
2 3 2 3 3 2 3
2 2 2 3 3 1 3
2 3 2 3 3 1 3
2 2 1 3 3 1 3
2 2 1 3 3 1 3
2 3 1 3 3 1 3
2 3 2 3 3 2 3
2 3 2 3 3 2 3
2 3 2 3 3 2 3
2 3 2 1 3 2 3
2 2 2 3 3 2 3
2 3 2 3 3 2 3
2 3 2 3 3 2 3
2 2 2 3 3 2 3
2 3 2 3 3 2 3
2 3 2 3 3 2 3
2 3 2 3 3 2 3
2 3 2 3 3 2 3
2 2 2 3 3 2 3
2 3 2 3 3 2 3
2 3 2 3 3 2 3
2 3 2 3 3 2 3
2 3 2 3 3 2 3
2 3 2 3 3 2 3
2 3 2 3 3 2 3
2 3 2 3 3 2 3
2 3 2 3 3 2 3
2 3 2 3 3 2 3
2 3 2 3 3 2 3
2 3 2 3 3 2 3
2 3 2 3 3 2 3
2 3 2 3 3 2 3
2 3 2 3 3 2 3
2 3 2 3 3 2 3
2 3 2 3 3 2 3
2 3 2 3 3 2 3
2 3 2 3 3 2 3
2 2 2 3 3 2 3
2 3 2 3 3 2 3
2 3 2 3 3 2 3
2 3 2 3 3 2 3
2 2 2 3 3 2 3
2 3 2 1 3 2 3
2 3 2 3 3 2 3
2 3 2 3 3 2 3
2 2 2 3 3 2 3
2 3 2 3 3 2 3
2 3 2 3 3 2 3
2 3 2 3 3 2 3
2 3 2 3 3 2 3
2 3 2 3 3 2 3
2 3 2 3 3 2 3
2 2 2 3 3 2 3
2 2 2 3 3 2 3
2 3 2 3 3 2 3
2 3 2 3 3 2 3
2 2 2 2 3 2 3
2 3 2 3 3 2 3
2 3 2 3 3 2 3
2 3 2 3 3 2 3
2 3 2 3 3 2 3
2 2 2 3 3 2 3
2 3 2 3 3 2 3
2 3 2 3 3 2 3
2 3 2 3 3 2 3
2 3 2 3 3 2 3
2 3 2 3 3 2 3
2 3 2 3 3 2 3
2 3 2 3 3 2 3
2 3 2 3 3 2 3
2 3 2 3 3 2 3
2 2 2 3 3 2 3
2 3 2 3 3 2 3
2 3 2 3 3 2 3
2 3 2 3 3 2 3
2 2 2 3 3 2 3
2 2 2 3 3 2 3
2 3 2 3 3 2 3
2 3 2 3 3 2 2
2 3 2 3 3 2 3
2 3 2 3 3 2 3
2 3 2 3 3 2 3
2 3 2 3 3 2 3
2 2 2 3 3 2 2
2 3 2 3 3 2 3
2 2 2 3 3 2 3
2 3 2 3 3 2 3
2 3 2 3 3 2 3
2 2 2 3 3 2 3
2 3 2 3 3 2 3
2 2 2 3 3 2 3
2 2 2 3 3 2 3
2 3 2 3 3 2 3
2 3 2 3 3 2 3
2 3 2 3 3 2 3
2 3 2 3 3 2 3
2 2 2 3 3 2 3
2 3 2 3 3 2 3
2 3 2 3 3 2 3
2 2 2 3 3 2 3
2 3 2 3 3 2 3
2 2 2 3 3 2 3
2 3 2 3 3 2 2
2 3 2 3 3 2 3
2 3 2 3 3 2 3
2 3 2 3 3 2 3
2 3 2 3 3 2 3
2 3 2 3 3 2 3
2 3 2 3 3 2 3
2 3 2 3 3 2 3
2 2 2 3 3 2 3
2 3 2 3 3 2 3
2 3 2 3 3 2 3
2 3 2 3 3 2 3
2 3 2 3 3 2 3
2 3 2 3 3 2 3
2 3 2 3 3 2 3
2 3 2 3 3 2 3
2 3 2 3 3 2 3
2 3 2 3 3 2 2
2 3 2 3 3 2 3
2 2 2 3 3 2 3
2 3 2 3 3 2 3
2 3 2 3 3 2 3
2 3 2 3 3 2 3
2 3 2 3 3 2 3
2 3 2 3 3 2 3
2 3 2 3 3 2 3
2 2 2 3 3 2 3
2 3 2 3 3 2 3
2 3 2 3 3 2 3
2 3 2 3 3 2 3
2 3 2 2 3 2 3
2 3 2 3 3 2 3
2 3 2 3 3 2 3
2 3 2 3 3 2 3
2 3 2 3 3 2 3
2 2 2 3 3 2 3
2 3 2 3 3 2 3
2 2 2 3 3 2 3
2 3 2 3 3 2 3
2 3 2 3 3 2 3
2 2 2 3 3 2 3
2 3 2 3 3 2 3
2 3 2 3 3 2 3
2 3 2 3 3 2 3
2 3 2 3 3 2 3
2 3 2 3 3 2 3
2 3 2 3 3 2 3
2 3 2 3 3 1 3
2 3 2 3 3 1 3
2 3 2 3 3 1 3
2 2 2 3 3 1 3
2 3 1 3 3 1 2
2 2 2 3 3 1 3
2 2 2 3 3 2 3
2 3 2 3 3 2 3
2 3 2 3 3 2 3
2 3 2 3 3 2 3
2 3 2 3 3 2 3
2 3 2 3 3 2 3
2 2 2 3 3 2 3
2 3 2 3 3 2 3
2 2 2 3 3 2 3
2 3 2 3 3 2 3
2 3 2 3 3 2 3
2 3 2 3 3 2 3
2 3 2 3 3 2 3
2 2 2 3 3 2 3
2 3 2 3 3 2 3
2 3 2 3 3 2 3
2 3 2 3 3 2 3
2 3 2 3 3 2 3
2 3 2 3 3 2 3
2 3 2 3 3 2 3
2 3 2 3 3 2 3
2 3 2 3 3 2 3
2 3 2 3 3 2 3
2 3 2 3 3 2 3
2 3 2 3 3 2 3
2 2 2 3 3 2 3
2 3 2 3 3 2 3
2 3 2 3 3 2 3
2 3 2 3 3 2 2
2 2 2 3 3 2 3
2 3 2 3 3 2 3
2 2 2 3 3 2 3
2 3 2 3 3 2 3
2 3 2 3 3 2 3
2 3 2 3 3 2 3
2 3 2 3 3 2 3
2 3 2 2 3 2 3
2 3 1 3 3 2 3
2 3 2 3 3 2 3
2 3 2 3 3 2 3
2 3 2 3 3 2 2
2 3 2 3 3 2 3
2 3 2 3 3 2 3
2 3 2 3 3 2 3
2 3 2 3 3 2 3
2 3 2 3 3 2 3
2 2 2 3 3 2 3
2 3 2 3 3 2 3
2 3 2 3 3 2 3
2 2 2 3 3 2 3
2 3 2 3 3 2 2
2 3 2 3 3 2 3
2 3 2 3 3 2 3
2 3 2 3 3 2 3
2 3 2 3 3 2 3
2 2 2 3 3 2 3
2 3 2 3 3 2 3
2 2 2 3 3 2 3
2 2 2 2 3 2 3
2 3 2 3 3 2 3
2 3 2 3 3 2 3
2 3 2 3 3 2 3
2 3 2 3 3 2 3
2 3 2 3 3 2 3
2 3 2 3 3 2 3
2 3 2 3 3 2 3
2 3 2 3 3 2 3
2 3 2 3 3 2 3
2 3 2 3 3 2 3
2 2 2 3 3 2 3
2 2 2 3 3 2 3
2 3 2 3 3 2 3
2 3 2 3 3 2 3
2 3 2 3 3 2 3
2 3 2 3 3 2 3
2 3 2 3 3 2 3
2 3 2 3 3 2 3
2 3 2 3 3 2 3
2 3 2 3 3 2 3
2 3 2 3 3 2 3
2 3 2 3 3 2 3
2 3 2 3 3 2 3
2 3 2 3 3 2 3
2 3 2 3 3 2 3
2 3 2 3 3 2 3
2 3 2 3 3 2 3
2 3 2 3 3 2 3
2 2 2 3 3 2 3
2 3 2 3 3 2 3
2 3 2 3 3 2 3
2 2 2 3 3 2 3
2 3 2 3 3 2 3
2 3 2 3 3 2 2
2 2 2 3 3 2 3
2 2 2 3 3 2 3
2 2 2 3 3 2 3
2 3 2 3 3 2 3
2 3 2 3 3 2 3
1 3 2 3 3 2 3
2 3 2 3 3 2 3
2 3 2 3 3 2 3
2 3 2 3 3 2 3
2 3 2 3 3 2 3
2 3 2 3 3 2 2
2 3 2 3 3 2 3
2 2 2 3 3 2 3
2 3 2 3 3 2 3
2 3 2 3 3 2 3
2 3 2 3 3 2 3
2 3 2 3 3 2 3
2 3 2 3 3 2 2
2 2 2 3 3 2 3
2 2 2 3 3 2 3
2 2 2 3 3 2 3
2 3 1 2 3 2 3
2 3 2 3 3 2 3
2 3 2 3 3 2 3
2 3 2 3 3 2 3
2 3 2 3 3 2 3
2 3 2 3 3 2 3
2 3 2 3 3 2 3
2 3 2 3 3 2 3
2 3 2 1 3 2 3
2 3 2 3 3 2 3
2 3 2 2 3 2 3
2 3 2 3 3 2 3
2 3 2 3 3 2 3
2 2 2 3 3 2 3
2 3 2 3 3 2 3
2 3 2 3 3 2 3
2 3 2 3 3 2 3
2 3 2 3 3 2 3
2 2 1 3 3 2 3
2 3 2 3 3 2 3
2 3 1 3 3 2 3
2 3 2 3 3 2 2
2 3 2 3 3 2 3
2 2 1 3 3 2 3
2 3 2 3 3 2 3
2 3 2 3 3 2 3
1 3 2 3 3 2 3
2 3 2 3 3 2 3
2 3 1 3 3 2 3
2 3 2 3 3 1 3
2 2 2 3 3 1 3
2 3 2 3 3 1 3
2 3 2 3 3 1 3
1 3 2 3 3 1 3
2 3 2 3 3 1 3
2 2 2 3 3 1 3
2 3 2 3 3 2 3
2 3 2 3 3 2 3
2 3 2 3 3 2 3
1 3 2 3 3 2 3
2 3 2 3 3 2 3
2 3 2 2 3 2 3
2 3 2 3 3 2 3
2 3 2 1 3 2 3
2 2 2 3 3 2 3
2 3 2 3 3 2 3
2 3 2 3 3 2 3
2 3 2 1 3 2 3
2 3 2 3 3 2 3
2 3 2 3 3 2 3
2 3 2 3 3 2 3
2 3 2 3 3 2 3
2 3 2 3 3 2 3
1 3 2 3 3 2 3
2 3 2 3 3 2 3
2 3 2 3 3 2 3
2 3 2 3 3 2 3
2 3 2 3 3 2 3
2 3 2 3 3 2 3
2 2 2 3 3 2 3
2 3 2 3 3 2 3
2 3 2 3 3 2 3
2 3 2 3 3 2 3
2 3 2 3 3 2 3
2 3 2 3 3 2 3
2 3 2 3 3 2 3
2 2 2 3 3 2 3
2 3 2 3 3 2 3
2 2 2 3 3 2 3
2 3 2 3 3 2 3
2 3 1 3 3 2 3
2 3 2 3 3 2 3
2 3 2 3 3 2 3
2 3 2 3 3 2 3
2 3 2 3 3 2 3
2 2 2 3 3 2 3
2 2 2 3 3 2 3
2 2 2 3 3 2 3
2 3 2 3 3 2 3
2 2 2 3 3 2 3
2 3 2 3 3 2 3
2 3 2 3 3 2 3
2 3 2 3 3 2 3
2 3 2 3 3 2 3
2 3 2 3 3 2 3
2 3 2 3 3 2 3
2 3 2 3 3 2 3
2 3 2 3 3 2 3
2 3 2 3 3 2 3
2 3 2 3 3 2 3
2 2 2 1 3 2 3
2 3 2 3 3 2 3
2 3 2 3 3 2 2
2 3 2 3 3 2 3
2 3 2 3 3 2 3
2 3 2 3 3 2 3
2 2 2 3 3 2 3
2 3 2 3 3 2 3
2 3 2 3 3 2 3
2 3 2 3 3 2 3
2 3 2 3 3 2 3
2 3 2 3 3 2 3
2 2 2 3 3 2 3
2 3 2 3 3 2 3
2 3 2 3 3 2 3
2 3 2 3 3 2 3
2 3 2 3 3 2 3
2 3 2 3 3 2 3
2 3 2 3 3 2 3
2 3 2 3 3 2 3
2 3 2 3 3 2 3
2 2 2 3 3 2 3
2 3 2 3 3 2 3
2 3 2 3 3 2 3
2 2 2 3 3 2 3
2 2 2 3 3 2 3
2 3 2 3 3 2 3
2 3 2 3 3 2 3
2 3 2 3 3 2 3
2 2 2 3 3 2 3
2 3 2 3 3 2 3
2 3 2 3 3 2 3
2 3 2 3 3 2 3
2 3 2 3 3 2 3
2 3 2 3 3 2 3
2 3 2 3 3 2 3
2 3 2 3 3 2 3
2 2 2 3 3 2 3
2 3 2 3 3 2 3
2 3 2 3 3 2 3
2 3 2 2 3 2 3
2 3 2 3 3 2 3
2 3 2 3 3 2 3
2 3 2 3 3 2 3
2 3 2 3 3 2 2
2 3 2 3 3 2 3
2 3 2 3 3 2 3
2 3 2 3 3 2 3
2 3 2 3 3 2 3
2 3 2 3 3 2 3
2 3 2 3 3 2 3
2 3 2 3 3 2 3
2 3 2 3 3 2 3
2 3 2 3 3 2 3
2 3 2 3 3 2 3
2 3 2 3 3 2 3
2 3 2 3 3 2 3
2 3 2 3 3 2 2
2 3 2 3 3 2 3
2 3 2 2 3 2 3
2 3 2 3 3 2 3
2 3 2 3 3 2 3
2 3 2 3 3 2 3
2 3 2 3 3 2 3
2 3 2 3 3 2 3
2 3 2 3 3 2 3
2 3 2 3 3 2 3
2 3 2 3 3 2 3
2 3 2 3 3 2 3
2 3 2 3 3 2 3
2 3 2 3 3 2 3
2 3 2 3 3 2 3
2 3 2 3 3 2 3
2 3 2 3 3 2 3
2 3 2 3 3 2 3
2 2 2 3 3 2 3
2 3 2 3 3 2 2
2 3 2 3 3 2 3
2 2 2 3 3 2 3
2 2 2 3 3 2 3
2 2 2 3 3 2 3
2 3 2 2 3 2 3
2 2 2 3 3 2 3
2 2 2 3 3 2 3
2 3 2 3 3 2 3
2 3 2 3 3 2 3
2 3 2 3 3 1 3
2 3 2 3 3 2 3
2 3 2 3 3 2 3
2 3 2 3 3 2 3
2 3 2 3 3 2 3
2 3 2 3 3 2 3
2 3 2 3 3 2 3
2 3 2 3 3 2 3
2 3 2 3 3 2 3
2 3 2 3 3 2 3
2 3 2 3 3 2 3
2 2 2 2 3 2 3
2 3 2 3 3 2 3
2 3 2 3 3 2 3
2 3 2 3 3 2 3
2 3 2 3 3 2 3
2 3 2 3 3 2 3
2 3 2 3 3 2 3
2 3 2 3 3 2 3
2 3 2 3 3 2 3
2 3 2 3 3 2 3
2 3 1 3 3 2 3
2 3 2 3 3 2 3
2 3 2 1 3 2 3
2 3 2 3 3 2 3
2 3 2 3 3 2 3
2 3 2 3 3 2 3
2 3 2 2 3 2 3
2 2 2 3 3 2 3
2 2 2 3 3 2 3
2 3 1 3 3 2 3
2 3 2 3 3 2 3
2 3 2 3 3 2 3
1 3 2 3 3 2 3
2 3 2 3 3 2 3
2 3 2 3 3 2 3
2 3 2 3 3 2 3
2 3 2 3 3 2 3
2 2 2 3 3 2 3
1 3 2 3 3 2 3
2 3 2 3 3 2 3
2 3 2 2 3 2 3
1 3 2 3 3 2 3
2 3 2 3 3 2 3
2 3 2 3 3 2 3
2 3 2 3 3 2 3
2 3 2 3 3 2 3
2 3 2 3 3 2 2
2 2 2 1 3 2 3
1 3 2 3 3 2 3
2 3 2 2 3 2 3
2 3 2 3 3 2 3
2 2 2 3 3 2 3
2 3 2 3 3 2 3
2 3 2 3 3 2 3
2 2 2 3 3 2 3
2 2 2 3 3 2 3
2 3 2 3 3 2 3
1 2 2 3 3 2 3
2 2 2 3 3 2 2
2 3 2 1 3 2 3
2 3 2 3 3 2 3
2 3 2 3 3 2 3
2 3 2 3 3 2 3
2 3 2 3 3 2 3
2 3 2 3 3 2 3
2 3 2 3 3 2 2
2 3 2 3 3 2 3
2 3 2 3 3 2 3
2 3 2 3 3 2 3
2 2 2 3 3 2 3
2 3 2 3 3 2 3
2 3 2 3 3 2 3
2 3 2 3 3 2 3
2 3 2 3 3 2 3
2 3 2 3 3 2 3
2 3 2 3 3 2 3
2 3 2 3 3 2 3
2 3 2 3 3 2 3
2 3 2 3 3 2 3
2 2 2 3 3 2 3
2 3 2 3 3 2 3
2 3 2 3 3 2 3
2 3 2 3 3 2 3
2 3 2 1 3 2 3
2 2 2 3 3 2 3
2 3 2 3 3 2 2
2 3 2 3 3 2 3
2 3 2 3 3 2 3
2 3 2 3 3 2 3
1 3 2 3 3 2 3
2 3 2 3 3 2 3
2 2 2 3 3 2 3
2 3 2 3 3 2 2
2 3 2 3 3 2 3
2 2 2 3 3 2 3
2 3 2 3 3 2 3
2 2 2 2 3 2 3
2 3 1 3 3 2 3
2 3 2 3 3 2 3
2 3 2 3 3 2 3
2 3 2 3 3 2 3
2 3 2 3 3 2 3
2 3 2 1 3 2 3
2 3 2 3 3 2 3
2 3 2 3 3 2 3
2 2 1 3 3 2 3
2 3 2 3 3 2 2
2 3 2 3 3 2 3
2 3 2 3 3 2 3
2 2 2 3 3 2 3
2 3 2 3 3 2 3
2 3 2 1 3 2 3
2 3 2 3 3 2 3
2 3 2 3 3 2 2
2 3 2 3 3 2 3
2 3 2 3 3 2 3
2 3 2 3 3 2 3
2 3 2 3 3 2 3
2 3 2 3 3 2 3
2 3 2 3 3 2 3
2 2 2 3 3 2 3
2 3 2 3 3 2 3
2 2 2 3 3 2 3
2 3 2 3 3 2 3
2 2 2 3 3 2 3
2 3 2 3 3 2 3
2 3 2 3 3 2 3
2 3 2 3 3 2 3
2 3 2 3 3 2 3
2 2 2 3 3 2 3
2 3 2 3 3 2 3
2 3 2 3 3 2 3
2 3 2 3 3 2 3
2 3 2 3 3 2 3
2 3 2 3 3 2 3
2 3 2 3 3 2 3
2 2 2 3 3 2 3
2 3 2 2 3 1 3
2 3 2 3 3 1 3
2 2 2 3 3 1 3
2 3 2 3 3 1 3
2 3 2 1 3 1 3
2 3 2 3 3 2 3
2 3 2 3 3 2 3
2 3 2 3 3 2 3
2 2 2 3 3 2 3
2 3 2 3 3 2 3
2 2 2 3 3 2 3
2 3 2 3 3 2 3
2 2 2 3 3 2 3
2 3 2 3 3 2 3
2 3 2 3 3 2 3
2 3 2 3 3 2 3
2 3 2 3 3 2 3
2 2 2 3 3 2 3
2 2 2 1 3 2 3
2 3 2 3 3 2 3
2 3 2 3 3 2 3
2 3 2 3 3 2 3
2 3 2 3 3 2 3
2 2 2 3 3 2 3
2 3 2 3 3 2 3
2 3 2 3 3 2 3
2 3 2 2 3 2 3
1 2 2 3 3 2 3
2 3 2 3 3 2 3
2 3 1 3 3 2 3
2 2 2 3 3 2 2
2 3 2 3 3 2 3
2 3 2 3 3 2 3
2 3 2 3 3 2 3
1 2 2 3 3 2 2
2 3 2 3 3 2 3
2 2 2 1 3 2 3
2 3 2 3 3 2 3
2 3 2 3 3 2 3
2 3 2 3 3 2 3
2 2 2 3 3 2 3
2 3 1 3 3 2 3
2 3 2 3 3 2 3
2 3 2 3 3 2 3
2 2 2 3 3 2 3
2 3 2 3 3 2 3
2 3 2 3 3 2 2
2 3 2 3 3 2 3
2 3 1 3 3 2 3
2 3 2 3 3 2 3
2 3 2 3 3 2 3
2 3 2 3 3 2 3
2 3 2 3 3 2 3
2 2 2 3 3 2 3
2 3 2 3 3 2 3
2 3 2 3 3 2 3
2 3 2 1 3 2 3
2 3 2 3 3 2 3
2 3 2 3 3 2 3
2 2 2 3 3 2 3
2 2 2 1 3 2 3
2 3 2 3 3 2 3
2 3 2 3 3 2 3
2 3 2 3 3 2 3
2 3 2 3 3 2 3
2 3 2 1 3 2 3
2 3 2 3 3 2 3
2 3 2 3 3 2 3
2 2 2 3 3 2 3
2 3 2 3 3 2 3
2 3 2 3 3 2 3
2 2 2 3 3 2 3
2 3 2 3 3 2 3
2 3 2 3 3 2 3
2 3 2 3 3 2 3
1 3 2 3 3 2 3
2 3 2 3 3 2 3
2 3 2 3 3 2 3
2 3 2 3 3 2 3
2 3 2 3 3 2 3
1 2 2 3 3 2 3
2 3 2 3 3 2 3
2 3 2 3 3 2 3
2 3 2 3 3 2 3
2 3 2 3 3 2 3
2 3 2 2 3 2 2
2 3 2 3 3 2 3
2 3 2 3 3 2 3
2 3 2 3 3 2 3
2 3 2 3 3 2 3
2 1 2 3 3 2 3
2 3 2 3 3 2 3
2 3 2 3 3 2 3
2 3 1 3 3 2 2
2 3 2 3 3 2 3
2 3 2 3 3 2 3
2 3 2 3 3 2 3
2 3 2 3 3 2 3
2 3 2 3 3 2 3
2 2 2 3 3 2 3
2 3 2 3 3 2 3
2 3 2 3 3 2 3
2 3 2 3 3 2 3
2 3 2 3 3 2 3
2 3 2 2 3 2 3
2 3 2 3 3 2 3
2 3 2 3 3 2 2
2 3 2 3 3 2 3
2 2 2 3 3 2 3
2 3 2 3 3 2 3
2 3 2 2 3 2 3
2 3 2 3 3 2 3
2 3 2 2 3 2 3
2 3 2 3 3 2 3
2 3 2 3 3 2 3
2 3 2 3 3 2 3
2 3 2 3 3 2 3
2 3 2 3 3 2 3
2 3 2 3 3 2 3
2 3 2 3 3 2 3
2 3 2 3 3 2 3
2 2 2 3 3 2 3
2 3 2 3 3 2 3
2 3 2 3 3 2 3
2 3 2 3 3 2 2
2 3 2 3 3 2 2
2 3 2 3 3 2 3
1 3 2 3 3 2 3
2 3 2 3 3 2 2
2 3 2 2 3 2 3
1 3 2 3 3 2 3
2 3 2 3 3 2 3
2 3 2 3 3 2 3
2 3 2 3 3 2 3
2 3 2 3 3 2 3
2 3 2 3 3 2 3
2 3 2 3 3 2 3
2 3 2 3 3 2 3
2 3 2 3 3 2 3
2 3 2 3 3 2 3
2 3 2 3 3 2 3
2 3 2 3 3 1 3
2 3 2 1 3 1 3
2 3 2 3 3 1 3
2 2 2 3 3 1 3
2 2 2 3 3 1 3
2 3 2 3 3 2 3
2 3 2 3 3 2 3
1 2 2 3 3 2 3
2 3 2 3 3 2 3
2 3 2 3 3 2 3
2 3 2 3 3 2 3
2 3 2 2 3 2 3
2 3 2 3 3 2 3
2 2 2 2 3 2 3
2 3 2 3 3 2 3
2 3 2 3 3 2 3
2 3 2 3 3 2 3
2 3 2 3 3 2 3
2 3 2 3 3 2 3
2 3 2 3 3 2 3
1 3 1 3 3 2 3
2 3 2 2 3 2 3
2 3 2 3 3 2 2
2 3 2 3 3 2 3
2 3 2 2 3 2 3
2 2 2 3 3 2 3
2 3 2 3 3 2 3
2 3 2 3 3 2 3
2 2 2 3 3 2 3
2 3 2 3 3 2 3
2 3 2 3 3 2 3
1 3 2 3 3 2 3
2 3 2 3 3 2 3
2 3 2 3 3 2 2
2 3 2 3 3 2 3
2 3 2 3 3 2 3
2 3 2 3 3 2 3
2 3 2 3 3 2 3
2 3 2 2 3 2 3
2 3 2 1 3 2 3
2 3 2 3 3 2 2
2 3 2 3 3 2 3
2 3 2 3 3 2 3
2 3 2 3 3 2 3
2 3 2 1 3 2 3
2 3 2 3 3 2 3
2 3 2 3 3 2 3
2 3 2 3 3 2 3
2 3 2 3 3 2 3
2 2 2 3 3 2 3
2 2 2 2 3 2 3
2 2 2 3 3 2 3
2 3 2 3 3 2 3
2 3 2 1 3 2 3
2 3 2 1 3 2 3
2 3 2 3 3 2 3
2 3 2 3 3 2 3
2 3 2 3 3 2 3
2 2 2 3 3 2 3
2 3 2 3 3 2 2
2 3 2 2 3 2 3
2 3 2 3 3 2 3
2 2 2 3 3 2 3
2 3 2 3 3 2 3
2 3 2 3 3 2 3
1 3 1 3 3 2 3
2 2 2 3 3 2 3
2 3 2 3 3 2 3
2 3 2 3 3 2 3
2 2 2 3 3 2 3
2 3 2 3 3 2 3
2 3 2 3 3 2 3
1 2 2 3 3 2 3
2 3 2 3 3 2 3
2 3 2 3 3 2 3
2 3 2 3 3 2 3
2 3 2 3 3 2 3
2 3 2 3 3 2 3
2 3 2 3 3 2 3
2 3 2 3 3 2 3
2 3 2 3 3 2 3
2 2 2 3 3 2 3
2 3 2 1 3 2 3
2 3 2 2 3 2 3
2 3 2 3 3 2 3
2 2 2 3 3 2 3
2 3 2 3 3 2 3
2 3 2 3 3 2 3
2 2 2 3 3 2 3
2 3 1 1 3 2 3
2 3 2 3 3 2 3
2 2 2 3 3 2 3
2 2 2 3 3 2 3
2 3 2 1 3 2 2
2 2 2 3 3 2 3
2 3 2 3 3 2 3
1 3 2 3 3 2 3
2 3 2 3 3 2 3
2 3 2 3 3 2 3
2 3 2 3 3 2 3
2 3 2 2 3 2 2
2 3 2 3 3 2 3
2 3 2 3 3 2 3
2 3 2 3 3 2 3
2 3 2 3 3 2 3
2 2 2 3 3 2 3
2 3 2 3 3 2 3
2 3 2 3 3 2 3
2 3 2 3 3 2 3
2 3 2 3 3 2 3
2 3 2 3 3 2 2
2 3 2 3 3 2 3
2 3 2 3 3 2 3
2 3 2 3 3 2 3
2 2 2 2 3 2 3
2 3 2 1 3 2 3
2 3 2 3 3 2 3
2 3 2 3 3 2 3
2 3 2 3 3 2 3
2 3 2 3 3 2 3
2 3 2 3 3 2 3
2 3 2 3 3 2 3
2 2 2 3 3 2 3
2 2 2 1 3 2 3
2 3 2 3 3 2 3
2 3 2 3 3 2 3
2 3 2 3 3 2 3
2 3 2 3 3 2 3
2 3 2 3 3 2 3
1 3 2 3 3 2 3
2 3 2 3 3 2 3
2 2 2 3 3 2 3
2 3 2 3 3 2 3
2 3 2 3 3 2 3
2 2 2 3 3 2 3
2 3 2 2 3 2 2
2 3 2 1 3 2 3
2 2 2 2 3 2 3
2 3 2 1 3 1 3
2 3 2 3 3 1 3
2 3 2 3 3 1 3
2 3 2 3 3 1 3
2 3 2 3 3 1 2
2 3 2 3 3 1 3
2 3 2 3 3 1 3
2 3 2 1 3 1 3
2 3 2 3 3 2 3
2 3 2 3 3 2 3
2 3 1 3 3 2 3
2 3 2 3 3 2 3
1 3 2 3 3 2 3
2 3 2 3 3 2 3
2 3 2 3 3 2 2
2 3 2 3 3 2 3
2 3 2 2 3 2 3
2 2 2 3 3 2 3
2 3 2 3 3 2 3
2 2 2 3 3 2 3
2 3 2 3 3 2 3
2 3 2 2 3 2 2
2 3 2 3 3 2 3
2 3 2 1 3 2 3
2 3 2 1 3 2 3
2 3 2 3 3 2 3
2 3 2 3 3 2 3
2 3 2 3 3 2 3
2 2 2 3 3 2 3
2 3 2 3 3 2 3
2 2 2 3 3 2 3
2 3 2 3 3 2 3
1 3 2 3 3 2 3
2 3 2 3 3 2 3
2 3 2 3 3 2 3
2 3 2 3 3 2 3
2 3 2 3 3 2 3
2 3 2 3 3 2 3
2 3 2 3 3 2 3
2 3 2 3 3 2 2
2 3 2 3 3 2 3
2 3 2 2 3 2 3
2 2 2 3 3 2 3
2 2 2 3 3 2 3
2 2 2 3 3 2 2
2 3 2 2 3 2 3
2 3 2 3 3 2 3
1 2 2 3 3 2 3
2 3 2 3 3 2 3
2 3 2 2 3 2 3
2 3 2 3 3 2 3
1 3 2 3 3 2 3
2 3 2 3 3 2 3
2 3 1 3 3 2 2
2 3 2 3 3 2 3
2 3 2 3 3 2 3
2 2 2 1 3 2 3
2 3 2 3 3 2 3
2 3 2 3 3 2 3
2 3 2 3 3 2 3
2 2 2 3 3 2 3
2 3 2 1 3 2 3
2 3 2 3 3 2 3
2 3 2 2 3 2 3
2 2 2 3 3 2 3
2 3 2 3 3 2 3
1 3 2 3 3 2 3
1 3 2 3 3 2 3
2 3 2 3 3 2 3
2 3 2 3 3 2 3
2 3 2 3 3 2 3
2 3 2 3 3 2 3
2 2 2 3 3 2 3
1 3 2 3 3 2 3
2 3 2 3 3 2 3
2 3 2 3 3 2 3
2 3 2 3 3 2 3
2 3 2 3 3 2 3
2 2 2 3 3 2 2
2 3 2 3 3 2 3
2 3 2 3 3 2 3
2 3 2 3 3 2 3
2 3 2 3 3 2 3
2 3 2 1 3 2 2
2 3 2 3 3 2 2
2 3 2 3 3 2 3
2 3 2 3 3 2 3
2 2 2 3 3 2 3
1 3 2 3 3 2 3
2 2 2 3 3 2 3
2 3 2 3 3 2 3
2 3 2 3 3 2 3
2 2 2 3 3 2 3
1 3 2 3 3 2 3
2 3 2 3 3 2 3
2 3 2 2 3 2 3
2 3 2 3 3 2 3
2 3 2 3 3 2 3
2 3 2 3 3 2 3
2 3 2 3 3 2 3
2 3 2 3 3 2 3
2 3 2 3 3 2 3
2 3 2 3 3 2 3
2 3 2 3 3 2 3
2 3 2 3 3 2 3
2 2 2 2 3 2 3
2 2 2 3 3 2 3
2 3 2 3 3 2 3
2 3 2 3 3 2 3
2 2 2 3 3 2 3
2 2 2 3 3 2 3
2 2 2 3 3 2 3
2 3 2 3 3 2 3
2 3 2 3 3 2 3
2 3 2 3 3 2 3
2 3 2 3 3 2 3
2 3 2 3 3 2 3
2 2 2 3 3 2 3
2 2 2 3 3 2 3
2 3 2 3 3 2 3
2 3 2 3 3 2 3
2 3 2 2 3 2 3
2 3 2 3 3 2 3
2 3 2 3 3 2 3
2 3 2 3 3 2 3
2 3 2 3 3 2 2
2 3 2 3 3 2 3
2 3 2 2 3 2 3
2 2 2 3 3 2 3
2 3 2 3 3 2 3
2 2 2 3 3 2 3
2 3 2 3 3 2 2
2 2 2 3 3 2 3
2 3 2 3 3 2 3
2 3 2 3 3 2 3
2 3 2 3 3 2 3
2 3 2 3 3 2 2
2 3 2 3 3 2 3
2 3 2 3 3 2 3
1 3 2 3 3 2 3
2 3 2 3 3 1 3
2 3 2 3 3 1 3
2 3 2 3 3 1 2
2 3 2 3 3 1 3
2 3 2 3 3 1 3
1 3 2 3 3 1 2
2 2 2 3 3 1 3
1 3 2 3 3 1 3
2 3 2 3 3 1 3
2 3 2 3 3 2 3
2 2 2 3 3 2 3
2 3 2 1 3 2 3
2 3 2 3 3 2 3
2 2 2 3 3 2 3
2 3 2 3 3 2 3
2 2 2 3 3 2 3
2 3 2 3 3 2 3
2 3 2 3 3 2 3
2 3 2 3 3 2 3
2 3 2 1 3 2 3
2 3 2 3 3 2 3
1 3 2 3 3 2 3
2 3 2 3 3 2 3
2 3 2 3 3 2 3
2 3 2 3 3 2 3
2 2 2 3 3 2 3
2 3 2 3 3 2 3
2 3 2 3 3 2 3
2 2 2 3 3 2 3
2 3 1 3 3 2 3
2 3 1 3 3 2 3
2 3 2 3 3 2 3
2 3 2 3 3 2 3
2 3 2 3 3 2 3
2 2 2 3 3 2 3
2 3 2 3 3 2 3
1 2 2 3 3 2 3
1 3 2 3 3 2 3
2 3 2 3 3 2 3
2 3 2 1 3 2 3
2 3 2 3 3 2 3
2 3 2 3 3 2 3
2 3 2 3 3 2 3
2 3 2 3 3 2 3
2 3 2 3 3 2 3
2 2 2 1 3 2 3
2 2 2 3 3 2 3
2 3 2 3 3 2 3
2 2 2 3 3 2 3
2 2 2 2 3 2 3
2 3 2 3 3 2 3
2 3 2 3 3 2 3
2 3 2 3 3 2 3
2 3 2 3 3 2 3
2 3 2 2 3 2 3
2 2 2 3 3 2 2
2 3 2 3 3 2 3
2 3 2 3 3 2 3
2 3 2 3 3 2 3
2 3 2 3 3 2 3
2 3 2 3 3 2 3
2 2 1 3 3 2 3
2 3 2 3 3 2 3
2 3 2 3 3 2 3
2 3 2 2 3 2 3
2 3 2 3 3 2 2
2 2 1 1 3 2 2
2 3 2 3 3 2 3
2 3 2 3 3 2 3
1 2 2 3 3 2 3
2 3 2 3 3 2 3
2 3 2 2 3 2 3
2 3 2 3 3 2 3
2 3 2 2 3 2 3
2 3 2 3 3 2 3
2 2 2 3 3 2 3
2 2 2 3 3 2 3
2 3 2 3 3 2 3
2 3 2 3 3 2 3
2 3 2 3 3 2 2
2 3 2 3 3 2 2
2 3 2 3 3 2 3
2 3 2 3 3 2 3
2 3 2 3 3 2 3
2 3 2 3 3 2 3
2 2 2 3 3 2 3
2 3 2 3 3 2 3
2 3 2 3 3 2 3
2 2 2 3 3 2 3
2 3 2 3 3 2 3
2 3 2 3 3 2 3
2 3 1 3 3 2 3
1 3 2 3 3 2 3
2 3 2 3 3 2 3
1 3 2 3 3 2 3
2 3 2 3 3 2 3
2 2 2 3 3 2 3
2 3 2 3 3 2 3
2 3 2 3 3 2 3
2 2 1 2 3 2 3
2 2 2 3 3 2 3
2 2 2 3 3 2 3
2 3 2 2 3 2 3
2 3 2 3 3 2 3
2 2 2 3 3 2 3
2 3 1 3 3 2 3
2 3 2 3 3 2 2
2 3 2 3 3 2 3
1 3 2 3 3 2 3
2 2 2 3 3 2 3
2 2 2 3 3 2 3
2 3 2 3 3 2 3
2 3 2 2 3 2 3
2 3 2 1 3 2 3
2 2 2 2 3 2 3
2 2 2 3 3 2 3
2 2 2 3 3 2 3
1 3 2 3 3 2 3
2 3 2 3 3 2 3
2 2 2 3 3 2 3
2 3 2 3 3 2 3
1 3 2 2 3 2 3
2 2 2 3 3 2 3
1 3 2 3 3 2 3
2 2 2 3 3 2 3
2 3 2 3 3 2 3
2 3 2 3 3 2 3
2 3 2 3 3 2 3
2 3 2 3 3 2 3
2 3 2 3 3 2 3
2 3 2 3 3 2 3
2 3 2 3 3 2 3
2 3 2 3 3 2 3
2 3 2 3 3 2 3
2 3 2 3 3 2 3
2 2 1 3 3 2 3
2 3 2 3 3 2 3
2 3 2 3 3 2 3
2 3 2 3 3 2 3
1 3 2 3 3 2 3
2 3 1 3 3 2 3
2 3 2 2 3 2 3
2 3 2 3 3 2 3
2 3 2 3 3 2 3
2 3 2 3 3 2 3
1 2 2 3 3 2 3
2 3 1 3 3 2 3
2 2 2 3 3 2 3
2 2 2 3 3 2 3
2 3 2 3 3 2 3
2 3 2 3 3 2 3
2 3 2 2 3 2 3
2 3 2 3 3 2 3
2 2 2 2 3 2 3
2 3 2 3 3 2 3
2 3 2 3 3 2 3
2 3 2 3 3 2 2
2 2 2 1 3 2 3
2 2 2 3 3 2 3
2 3 2 3 3 2 3
2 2 2 3 3 2 3
2 3 2 3 3 2 3
2 2 2 3 3 2 3
2 3 2 3 3 2 3
2 3 1 3 3 2 3
2 2 2 3 3 2 3
2 3 2 3 3 2 3
2 3 2 1 3 2 3
2 3 2 3 3 2 3
2 3 2 2 3 2 2
2 3 2 3 3 2 3
2 3 1 3 3 2 3
2 3 2 3 3 2 3
2 3 2 3 3 2 3
2 3 2 3 3 2 3
2 3 2 3 3 2 3
2 3 2 3 3 2 3
2 3 2 3 3 2 3
2 3 2 3 3 2 3
2 3 2 3 3 2 2
2 2 2 3 3 2 3
2 3 2 3 3 2 3
2 3 2 3 3 2 3
2 3 2 3 3 2 3
2 3 2 3 3 2 3
2 3 2 3 3 2 3
2 3 2 3 3 2 3
2 3 2 3 3 2 3
2 3 2 3 3 2 3
2 3 2 3 3 2 3
2 3 2 3 3 2 3
2 3 2 3 3 2 3
1 3 2 3 3 2 3
1 3 2 3 3 2 3
1 3 2 3 3 2 3
1 3 2 3 3 2 3
2 3 2 3 3 2 3
2 3 2 3 3 2 3
2 3 2 3 3 2 3
2 3 1 3 3 2 2
2 3 2 1 3 2 3
2 3 2 1 3 2 3
2 3 2 3 3 2 3
2 3 2 3 3 2 3
2 3 2 3 3 2 3
2 3 2 3 3 2 3
2 3 2 3 3 2 3
2 3 2 1 3 2 3
2 3 2 1 3 2 3
2 2 2 3 3 2 3
2 3 2 2 3 2 3
2 3 2 3 3 2 2
2 3 2 3 3 2 3
2 3 1 1 3 2 3
2 3 2 3 3 2 3
2 3 2 3 3 2 3
2 3 2 3 3 2 3
2 3 2 3 3 2 3
2 2 2 3 3 2 3
2 2 2 3 3 2 3
2 3 2 2 3 2 3
2 3 2 3 3 2 2
2 3 2 2 3 2 3
2 3 2 1 3 2 3
2 3 2 2 3 2 3
2 3 2 3 3 2 3
2 3 2 3 3 2 3
2 3 2 3 3 2 3
2 3 2 3 3 2 3
2 1 1 3 3 2 3
2 3 1 2 3 2 3
1 2 2 1 3 2 3
2 3 2 3 3 2 3
2 3 2 3 3 2 3
2 3 2 3 3 2 3
2 3 2 3 3 2 3
2 3 2 3 3 2 3
2 3 2 3 3 2 3
2 3 2 3 3 2 3
2 3 2 3 3 2 3
2 3 2 3 3 2 3
2 3 2 3 3 2 3
2 3 2 3 3 2 3
2 3 1 3 3 2 3
2 3 2 3 3 2 3
2 3 2 3 3 2 3
2 3 2 3 3 2 3
2 3 2 3 3 2 3
2 2 2 3 3 2 3
2 3 2 3 3 2 3
2 3 2 3 3 2 3
2 3 2 1 3 2 3
2 2 2 3 3 2 3
2 3 2 2 3 2 3
2 3 2 3 3 2 3
2 2 2 3 3 2 3
2 3 2 3 3 2 3
2 2 2 3 3 2 2
2 3 2 3 3 2 3
2 3 2 3 3 2 3
2 2 2 3 3 2 3
1 3 2 3 3 2 3
2 2 2 3 3 2 2
2 3 2 3 3 2 3
2 3 2 3 3 2 3
2 2 2 3 3 2 3
2 3 2 1 3 2 2
2 3 2 3 3 2 3
2 3 2 1 3 2 3
2 2 1 3 3 2 3
2 3 2 3 3 2 2
2 3 2 3 3 2 3
2 3 2 3 3 2 3
2 3 2 2 3 2 3
2 2 2 3 3 2 3
2 3 2 3 3 2 3
2 3 2 3 3 2 3
2 3 2 2 3 2 3
2 3 2 3 3 2 3
2 3 2 2 3 2 3
2 3 2 1 3 2 3
2 3 2 3 3 2 3
2 3 2 3 3 2 3
1 3 2 3 3 2 3
2 3 2 3 3 2 3
2 2 1 2 3 2 3
2 2 2 3 3 2 3
2 3 2 2 3 2 3
2 3 2 3 3 2 3
2 3 2 3 3 2 3
2 3 2 3 3 2 3
2 3 2 1 3 2 3
2 3 2 3 3 2 3
2 3 2 3 3 2 3
2 3 2 3 3 2 3
2 3 2 3 3 2 3
2 3 2 3 3 2 2
2 3 2 3 3 2 3
2 3 2 3 3 2 3
2 3 2 3 3 2 2
2 3 2 3 3 2 3
2 3 2 2 3 2 3
2 3 2 2 3 2 3
2 2 2 3 3 2 2
2 3 2 3 3 2 3
2 3 1 3 3 2 3
2 2 2 3 3 2 3
2 3 2 3 3 2 3
2 3 2 1 3 2 3
2 3 2 3 3 2 3
2 3 2 3 3 2 3
2 3 2 3 3 2 3
2 3 2 1 3 2 3
2 3 2 3 3 2 3
2 3 2 3 3 2 3
1 3 2 3 3 2 3
2 3 2 3 3 2 2
1 3 2 3 3 2 3
2 3 2 3 3 2 3
2 3 2 3 3 2 3
2 2 2 1 3 2 3
2 2 2 3 3 2 3
2 3 2 3 3 2 3
2 3 2 3 3 2 3
2 3 2 3 3 2 3
2 3 2 3 3 2 3
2 2 2 3 3 2 3
2 2 2 3 3 2 3
1 3 2 3 3 2 3
2 2 2 3 3 2 3
2 3 2 1 3 2 3
2 3 2 3 3 2 3
2 3 2 3 3 2 3
2 3 2 3 3 2 3
2 3 2 2 3 2 3
2 3 2 3 3 2 3
2 3 2 3 3 2 3
2 2 2 3 3 2 3
2 3 2 3 3 2 3
2 2 2 3 3 2 3
2 3 2 1 3 2 3
2 3 2 3 3 2 3
2 2 2 3 3 2 3
2 3 1 3 3 2 3
2 2 2 3 3 2 2
2 3 2 3 3 2 3
2 2 2 3 3 2 3
2 3 2 3 3 2 3
2 2 2 3 3 2 3
2 3 2 3 3 2 3
2 3 2 3 3 2 3
2 3 2 3 3 2 3
2 3 2 3 3 2 3
2 3 1 3 3 2 3
2 3 2 3 3 2 3
2 3 2 3 3 2 3
2 3 2 3 3 2 3
2 2 2 3 3 2 3
2 3 2 3 3 2 3
1 2 2 1 3 2 3
2 3 2 1 3 2 3
2 3 2 3 3 2 3
2 3 2 3 3 2 2
2 3 2 3 3 2 3
2 2 2 3 3 2 2
2 2 2 3 3 2 3
2 3 2 3 3 2 3
2 3 2 3 3 2 3
2 3 2 3 3 2 3
2 3 1 3 3 2 3
1 3 2 2 3 2 3
2 3 2 3 3 2 3
2 3 2 3 3 2 3
1 3 2 3 3 2 2
2 3 2 3 3 2 3
2 3 2 3 3 2 3
2 3 2 3 3 2 3
2 3 2 3 3 2 3
2 3 2 3 3 2 3
2 3 2 3 3 2 3
2 3 2 3 3 2 3
2 3 2 3 3 2 2
2 2 2 3 3 2 3
2 3 2 3 3 2 2
2 3 2 3 3 2 2
2 3 2 3 3 2 3
2 3 2 3 3 2 3
2 3 2 3 3 2 3
2 3 2 3 3 2 3
2 3 2 3 3 2 3
2 2 1 3 3 2 3
2 3 2 3 3 2 3
2 2 2 3 3 2 3
2 3 2 3 3 2 3
2 3 2 3 3 2 3
1 3 2 3 3 2 3
2 3 1 3 3 2 3
2 3 2 3 3 2 3
2 3 2 3 3 2 3
2 2 2 3 3 2 3
2 3 2 3 3 2 3
2 3 2 3 3 2 2
2 2 2 1 3 2 3
2 3 2 3 3 2 3
2 2 2 3 3 2 3
1 2 2 3 3 2 3
2 3 2 3 3 2 3
2 3 2 2 3 2 3
2 2 2 3 3 2 3
2 3 2 1 3 2 3
2 3 2 3 3 2 3
2 3 2 3 3 2 3
2 3 2 3 3 2 3
2 3 2 3 3 2 3
2 2 1 3 3 2 3
2 3 2 3 3 2 3
2 3 2 3 3 2 3
2 3 2 3 3 2 3
2 3 2 3 3 2 3
2 3 2 3 3 2 3
2 3 2 1 3 2 3
2 3 2 2 3 2 3
2 3 2 2 3 2 3
2 2 2 3 3 2 3
2 3 2 3 3 2 3
2 3 2 2 3 2 3
2 2 1 3 3 2 3
2 3 2 3 3 2 3
2 3 2 3 3 2 2
2 3 2 3 3 2 3
2 3 2 3 3 2 3
2 3 2 3 3 2 2
2 3 2 3 3 2 2
2 2 2 3 3 2 3
2 3 2 3 3 2 3
2 2 2 3 3 2 3
2 3 2 3 3 2 3
2 3 2 3 3 2 3
2 3 2 3 3 2 2
2 3 2 3 3 2 3
2 3 2 3 3 2 2
2 3 2 3 3 2 3
2 3 2 3 3 2 3
2 3 2 3 3 2 3
2 3 2 2 3 2 3
2 2 2 3 3 2 3
1 2 2 3 3 2 3
2 3 2 3 3 2 2
2 3 2 3 3 2 3
2 3 2 1 3 2 3
2 3 2 2 3 2 3
2 3 2 3 3 2 3
2 3 2 3 3 2 3
2 3 1 3 3 2 3
2 3 2 3 3 2 3
2 3 2 3 3 2 3
2 3 2 3 3 2 3
2 2 2 2 3 2 3
2 2 2 3 3 2 3
2 3 2 3 3 2 3
2 2 2 3 3 2 3
2 3 2 3 3 2 3
2 3 1 3 3 2 3
2 3 2 3 3 2 2
2 2 2 3 3 2 3
2 3 1 1 3 2 3
2 3 2 1 3 2 3
1 3 2 3 3 2 3
2 3 2 3 3 2 3
1 3 2 3 3 2 3
2 3 2 2 3 2 2
2 3 2 3 3 2 2
2 3 2 3 3 2 3
2 3 2 3 3 2 3
2 3 2 3 3 2 3
2 2 2 3 3 2 2
1 2 2 3 3 2 2
2 2 2 3 3 2 3
2 2 2 3 3 2 3
2 2 2 3 3 2 3
2 3 2 3 3 2 3
2 2 2 3 3 2 3
2 3 2 3 3 2 3
2 3 2 3 3 2 3
2 2 2 3 3 2 3
2 3 2 3 3 2 3
2 3 2 3 3 2 3
2 3 2 3 3 2 3
2 3 2 3 3 2 3
2 3 2 3 3 2 3
1 3 2 3 3 2 3
2 2 2 3 3 2 3
2 3 2 3 3 2 3
2 3 2 3 3 2 3
2 3 2 3 3 2 3
2 2 2 1 3 2 3
2 3 2 3 3 2 3
2 2 2 3 3 2 3
2 3 2 1 3 2 3
2 3 2 3 3 2 3
2 3 2 3 3 2 3
2 1 2 1 3 2 3
2 2 2 3 3 2 3
2 2 2 3 3 2 3
2 3 2 3 3 2 3
2 3 2 3 3 2 3
2 2 2 2 3 2 3
2 3 2 3 3 2 3
2 3 2 3 3 2 3
2 3 2 3 3 2 3
2 3 2 3 3 2 3
2 2 2 3 3 2 3
2 3 2 3 3 2 3
1 3 2 3 3 2 3
2 3 2 2 3 2 3
2 3 2 3 3 2 3
2 3 2 3 3 2 3
2 2 2 3 3 2 3
2 3 2 3 3 2 2
2 3 2 3 3 2 3
1 3 2 2 3 2 3
2 3 2 3 3 2 3
2 3 2 3 3 2 3
2 3 1 3 3 2 3
2 3 1 3 3 2 3
2 3 2 3 3 2 3
2 3 2 3 3 2 2
2 3 2 3 3 2 3
2 3 2 1 3 2 3
2 3 2 2 3 2 3
2 2 2 3 3 2 3
2 3 2 3 3 2 3
2 3 2 3 3 2 3
2 3 2 1 3 2 3
2 3 2 3 3 2 3
2 2 2 3 3 2 3
2 3 2 3 3 2 3
2 3 2 3 3 2 3
2 3 1 3 3 2 3
2 2 2 3 3 2 3
2 3 2 2 3 2 3
2 3 2 3 3 2 3
2 3 2 3 3 2 3
2 3 2 3 3 2 3
2 3 2 3 3 2 3
2 3 2 3 3 2 3
2 3 2 3 3 2 3
2 3 2 2 3 2 3
2 2 2 3 3 2 3
2 3 2 3 3 2 3
2 3 2 1 3 2 3
2 3 2 3 3 2 3
2 2 2 3 3 2 3
2 2 2 2 3 2 3
2 2 2 3 3 2 3
2 3 2 3 3 2 3
2 3 2 3 3 2 3
2 3 2 3 3 2 3
1 3 2 2 3 2 3
2 3 2 3 3 2 3
1 3 2 3 3 2 3
2 3 2 3 3 2 3
2 3 2 3 3 2 3
2 3 2 2 3 2 3
2 3 2 3 3 2 3
2 2 2 3 3 2 3
1 3 2 3 3 2 3
2 2 2 2 3 2 3
2 3 2 3 3 2 3
1 3 2 3 3 2 3
2 3 2 3 3 2 3
2 3 2 3 3 2 3
2 2 2 3 3 2 3
2 3 2 1 3 2 3
2 3 2 3 3 2 2
2 3 2 3 3 2 3
1 2 2 3 3 2 3
2 2 2 3 3 2 3
2 3 2 3 3 2 3
2 3 2 3 3 2 3
2 3 2 3 3 2 3
2 3 2 1 3 2 3
2 3 2 3 3 2 3
2 3 2 3 3 2 3
2 2 2 2 3 2 3
2 3 2 3 3 2 3
2 3 2 3 3 2 2
2 3 2 3 3 2 3
2 3 2 3 3 2 2
2 3 2 3 3 2 2
2 3 2 3 3 2 3
2 3 2 1 3 2 3
2 2 2 3 3 2 3
1 3 2 3 3 2 3
2 3 2 2 3 2 3
2 2 2 3 3 2 3
2 3 2 3 3 2 3
2 3 2 3 3 2 3
2 3 2 3 3 2 3
2 3 2 3 3 2 3
2 3 2 1 3 2 2
2 3 2 3 3 2 3
1 3 1 2 3 2 3
2 3 2 3 3 2 3
2 3 2 3 3 2 3
2 3 2 2 3 2 3
2 3 2 3 3 2 3
2 3 2 1 3 2 3
2 2 2 2 3 2 3
2 3 2 3 3 2 3
2 3 2 3 3 2 3
2 3 2 3 3 2 3
2 3 2 3 3 2 3
1 3 2 3 3 2 3
2 3 2 3 3 2 3
2 3 2 3 3 2 3
2 2 2 3 3 2 3
2 3 2 3 3 2 3
2 3 1 3 3 2 3
2 3 2 3 3 2 3
2 2 2 3 3 2 2
2 3 2 3 3 2 3
2 1 2 3 3 2 3
2 3 2 3 3 2 3
2 3 2 3 3 2 3
2 3 2 2 3 2 3
2 3 2 3 3 2 3
2 3 2 2 3 2 3
2 3 2 3 3 2 3
1 3 2 3 3 2 3
2 2 2 2 3 2 3
2 2 2 3 3 2 3
2 3 2 3 3 2 3
2 3 2 3 3 2 3
2 2 2 3 3 2 3
2 3 1 3 3 2 3
2 3 2 3 3 2 3
2 3 2 3 3 2 2
2 3 2 3 3 2 3
2 2 2 3 3 2 3
2 2 2 3 3 2 3
2 3 2 2 3 2 3
2 3 2 3 3 2 3
2 3 2 2 3 2 3
2 3 1 3 3 2 3
1 3 2 3 3 2 3
2 3 2 3 3 2 3
1 3 2 3 3 2 3
2 2 2 3 3 2 3
1 2 2 3 3 2 3
2 2 2 3 3 2 3
2 2 2 3 3 2 3
2 3 2 3 3 2 3
2 2 2 3 3 2 3
2 3 2 1 3 2 3
2 3 2 3 3 2 3
2 3 2 1 3 2 3
2 3 2 3 3 2 3
2 3 2 3 3 2 3
2 3 2 3 3 2 3
2 3 2 3 3 2 3
2 3 2 3 3 2 3
2 2 2 3 3 2 3
2 2 2 3 3 2 3
2 3 2 3 3 2 3
2 3 2 3 3 2 3
2 3 2 3 3 2 3
2 3 2 3 3 2 3
2 3 2 3 3 2 3
2 3 2 1 3 2 3
1 3 2 2 3 2 3
2 3 2 3 3 2 3
2 3 2 2 3 2 3
2 2 1 3 3 2 3
2 3 2 3 3 2 3
2 3 2 3 3 2 3
2 2 2 3 3 2 3
2 3 2 1 3 2 3
2 3 2 3 3 2 2
2 3 2 3 3 2 3
1 2 2 3 3 2 3
2 3 2 3 3 2 3
2 3 2 3 3 2 3
2 2 2 3 3 2 3
2 3 2 3 3 2 3
1 3 2 3 3 2 2
2 3 2 2 3 2 3
2 3 2 2 3 2 3
2 3 2 3 3 2 3
2 2 2 3 3 2 3
2 2 2 3 3 2 3
2 3 2 2 3 2 2
2 3 1 3 3 2 3
2 3 2 3 3 2 3
2 3 2 3 3 2 3
2 2 2 3 3 2 3
2 3 2 3 3 2 3
2 3 2 3 3 2 3
2 3 2 3 3 2 3
2 3 1 3 3 2 3
2 3 2 3 3 2 3
2 2 2 3 3 2 3
2 3 2 3 3 2 2
2 3 2 3 3 2 3
2 3 2 3 3 2 3
2 3 2 1 3 2 3
2 3 2 1 3 2 3
2 3 2 2 3 2 3
2 3 2 3 3 2 3
2 2 2 2 3 2 3
2 2 2 2 3 2 3
2 3 2 3 3 2 3
1 2 2 3 3 2 3
2 3 2 3 3 2 3
2 3 2 3 3 2 3
2 3 2 3 3 2 3
2 3 2 3 3 2 3
2 3 2 3 3 2 3
2 2 2 3 3 2 3
2 3 2 3 3 2 3
2 3 2 1 3 2 2
2 3 2 3 3 2 3
2 3 2 3 3 2 3
2 3 2 3 3 2 3
2 3 2 3 3 2 3
2 3 2 3 3 2 3
2 2 1 3 3 2 3
2 3 2 3 3 2 3
2 3 2 3 3 2 3
2 3 2 1 3 2 3
2 3 2 3 3 2 2
2 3 2 3 3 2 3
2 2 2 3 3 2 3
2 3 2 3 3 2 3
2 3 2 3 3 2 3
2 3 2 3 3 2 2
2 3 2 2 3 2 2
2 3 1 3 3 2 3
2 3 2 3 3 2 3
2 3 2 3 3 2 3
2 3 2 2 3 2 3
2 3 2 3 3 2 2
2 3 2 3 3 2 3
2 3 2 3 3 2 2
2 3 2 3 3 2 3
2 2 2 3 3 2 3
2 3 2 3 3 2 3
2 3 2 3 3 2 3
2 3 2 3 3 2 3
2 2 2 3 3 2 3
2 3 2 3 3 2 3
2 3 2 3 3 2 3
2 3 1 3 3 2 3
2 3 2 3 3 2 3
2 3 2 3 3 2 3
2 3 2 3 3 2 2
2 3 2 3 3 2 2
2 3 2 3 3 2 3
2 3 2 3 3 2 3
2 2 2 2 3 2 3
2 3 2 3 3 2 3
2 3 2 2 3 2 3
2 3 2 3 3 2 3
2 3 2 2 3 2 3
2 3 2 3 3 2 2
2 2 2 3 3 2 3
1 2 2 2 3 2 3
2 3 2 3 3 2 3
2 3 2 3 3 2 3
2 3 1 3 3 2 2
2 3 2 3 3 2 3
2 3 2 3 3 2 3
2 2 2 3 3 2 3
2 3 2 3 3 2 3
2 3 2 1 3 2 2
2 3 2 3 3 2 3
2 3 2 3 3 2 3
2 3 2 3 3 2 3
2 3 2 2 3 2 3
2 3 2 1 3 2 3
1 3 2 3 3 2 3
2 2 2 1 3 2 3
2 3 2 3 3 2 3
2 3 2 3 3 2 3
2 3 2 3 3 2 3
2 3 2 3 3 2 2
2 2 2 3 3 2 3
2 3 2 3 3 2 3
2 3 2 2 3 2 3
2 3 2 3 3 2 3
1 3 2 3 3 2 3
2 3 2 3 3 2 3
2 3 2 3 3 2 3
2 3 2 3 3 2 3
2 3 2 3 3 2 3
2 2 2 3 3 2 3
2 3 2 3 3 2 3
2 3 2 3 3 2 3
2 3 2 3 3 2 3
2 3 2 2 3 2 3
2 3 2 3 3 2 3
2 2 2 3 3 2 3
2 2 2 2 3 2 3
2 3 2 3 3 2 3
2 3 2 3 3 2 3
2 3 2 3 3 2 3
2 3 2 3 3 2 3
2 2 2 3 3 2 3
2 3 2 3 3 2 3
2 3 2 3 3 2 3
2 3 2 3 3 2 3
2 2 2 3 3 2 3
1 3 2 3 3 2 3
2 3 2 3 3 2 3
1 3 2 3 3 2 3
1 3 2 2 3 2 3
2 2 2 3 3 2 3
2 3 2 3 3 2 3
1 3 2 3 3 2 3
2 3 2 3 3 2 3
2 3 2 3 3 2 3
2 3 2 3 3 2 3
2 3 2 3 3 2 3
2 3 1 2 3 2 3
2 3 2 2 3 2 3
2 3 2 3 3 2 3
2 3 2 3 3 2 3
2 2 2 3 3 2 3
2 2 2 3 3 2 3
1 3 2 3 3 2 2
2 3 2 3 3 2 3
1 3 1 3 3 2 3
2 3 2 1 3 2 2
2 3 2 3 3 2 3
1 3 2 3 3 2 3
2 3 2 3 3 2 3
2 2 2 3 3 2 3
2 3 2 3 3 2 3
2 3 2 3 3 2 3
2 3 2 3 3 2 3
2 3 2 3 3 2 3
2 3 2 3 3 2 3
2 2 2 3 3 2 2
2 3 2 3 3 2 2
2 3 2 3 3 2 3
2 3 2 3 3 2 3
2 3 2 3 3 2 3
2 3 2 1 3 2 3
1 3 2 3 3 2 3
2 3 2 2 3 2 3
1 3 2 2 3 2 3
2 3 2 3 3 2 3
2 3 2 3 3 2 2
2 2 2 3 3 2 2
2 2 2 3 3 2 3
2 3 1 3 3 2 3
2 2 2 3 3 2 3
2 2 2 3 3 2 3
2 3 2 3 3 2 3
2 3 2 1 3 2 3
1 3 2 3 3 2 3
2 3 2 3 3 2 3
2 3 2 3 3 2 3
2 3 2 3 3 2 3
2 3 2 3 3 2 3
2 3 2 3 3 2 3
2 2 2 3 3 2 3
2 2 2 3 3 2 3
2 3 2 3 3 2 3
1 3 2 3 3 2 3
2 3 2 3 3 2 2
2 3 2 1 3 2 3
2 3 2 2 3 2 3
2 3 2 3 3 2 3
2 3 2 3 3 2 3
2 3 1 3 3 2 3
2 2 2 1 3 2 3
2 3 2 3 3 2 3
2 3 2 3 3 2 3
2 3 2 3 3 2 3
2 3 2 3 2 2 3
2 3 2 3 2 2 3
1 3 2 3 2 2 3
2 3 2 3 2 2 3
1 3 2 3 2 2 3
2 3 2 3 2 2 3
2 3 2 3 2 2 3
2 3 2 3 2 2 3
2 3 2 3 2 2 3
2 3 2 3 2 2 3
2 3 2 1 2 2 3
2 3 2 3 2 2 3
1 3 2 3 2 2 3
2 3 2 3 2 2 3
2 3 2 1 2 2 2
2 2 2 3 2 2 3
2 3 2 1 2 2 3
2 3 2 3 2 2 3
2 2 2 3 2 2 3
2 3 2 3 2 2 2
2 3 2 3 2 2 3
2 2 2 3 2 2 3
2 2 2 3 2 2 3
2 3 2 3 2 2 3
2 3 2 3 2 2 3
2 2 2 3 2 2 3
2 3 2 3 2 2 3
2 3 2 3 2 2 3
2 2 2 3 2 2 3
2 3 2 3 2 2 3
2 2 2 3 2 2 3
2 3 2 3 2 2 3
2 3 2 3 2 2 3
2 3 1 3 2 2 3
2 2 2 3 2 2 3
1 3 2 1 2 2 3
2 2 2 2 2 2 3
2 3 2 3 2 2 2
2 2 2 3 2 2 3
2 3 2 3 2 2 3
2 3 2 3 2 2 3
2 3 2 3 2 2 3
2 3 2 3 2 2 3
1 3 2 3 2 2 3
1 3 2 3 2 2 3
2 3 2 3 2 2 3
2 3 2 3 2 2 3
2 3 2 1 2 2 3
2 3 2 2 2 2 3
2 3 2 3 2 2 3
2 2 2 3 2 2 3
1 3 2 3 2 2 3
2 3 2 3 2 2 3
2 3 2 3 2 2 3
2 3 2 3 2 2 3
2 2 2 3 2 2 3
2 3 2 3 2 2 3
2 2 2 3 2 2 3
2 2 2 3 2 2 3
2 3 2 2 2 2 3
2 3 2 3 2 2 3
1 2 2 3 2 2 3
2 2 2 2 2 2 3
2 2 2 3 2 2 3
2 3 2 2 2 2 3
2 3 2 3 2 2 3
2 3 2 3 2 2 2
2 2 2 3 2 2 3
2 3 2 3 2 2 2
2 2 2 3 2 2 3
2 3 2 3 2 2 2
2 2 2 3 2 2 3
1 3 2 3 2 2 3
1 2 2 3 2 2 3
2 3 2 3 2 2 3
2 3 2 3 2 2 3
2 2 2 3 2 2 3
2 3 2 3 2 2 3
2 2 2 3 2 2 3
2 3 2 3 2 2 3
2 3 2 3 2 2 3
2 2 2 3 2 2 3
2 3 2 3 2 2 3
2 3 2 3 2 2 3
2 3 2 3 2 2 3
2 2 2 3 2 2 3
2 2 2 3 2 2 2
2 2 2 3 2 2 3
2 2 2 2 2 2 2
2 3 2 3 2 2 3
2 3 2 2 2 2 2
2 3 2 1 2 2 3
1 2 2 1 2 2 3
2 3 2 3 2 2 3
2 3 2 3 2 2 3
2 3 2 3 2 2 3
1 3 2 3 2 2 3
2 3 2 3 2 2 3
2 3 2 3 2 2 3
1 3 2 3 2 2 3
2 3 2 3 2 2 3
2 2 2 3 2 2 3
1 3 2 3 2 2 3
2 3 2 3 2 2 3
2 3 2 3 2 2 3
1 3 2 3 2 2 3
2 3 2 2 2 2 3
2 3 2 3 2 2 3
2 3 2 1 2 2 2
2 3 2 3 2 2 3
2 3 2 3 2 2 3
2 3 2 3 2 2 2
2 2 2 3 2 2 3
2 3 2 1 2 2 3
2 3 2 3 2 2 2
2 3 2 3 2 2 3
2 3 2 3 2 2 3
2 3 2 3 2 2 3
2 3 2 3 2 2 3
2 3 2 3 2 2 3
2 3 2 1 2 2 3
2 3 2 3 2 2 3
2 3 2 2 2 2 2
2 3 2 1 2 2 3
2 3 2 3 2 2 3
2 3 2 1 2 2 2
2 3 2 1 2 2 3
2 3 2 1 2 2 3
2 3 2 3 2 2 3
2 2 2 3 2 2 3
2 3 2 3 2 2 3
2 3 2 3 2 2 3
2 2 2 2 2 2 3
2 2 2 3 2 2 3
2 2 2 3 2 2 3
1 3 2 3 2 2 3
2 3 2 3 2 2 3
2 3 2 3 2 2 3
2 3 2 2 2 2 2
2 3 1 3 2 2 3
2 2 2 3 2 2 3
2 3 2 2 2 2 3
2 3 2 3 2 2 2
2 3 2 3 2 2 3
2 3 2 3 2 2 3
2 3 2 3 2 2 3
2 2 2 3 2 2 3
1 3 2 3 2 2 3
2 3 2 1 2 2 3
2 3 2 3 2 2 3
2 3 2 3 2 2 3
1 2 2 3 2 2 3
2 3 2 3 2 2 3
1 3 2 3 2 2 3
1 3 2 3 2 2 2
2 3 2 1 2 2 3
2 2 2 3 2 2 3
2 3 2 3 2 2 3
2 3 2 3 2 2 3
2 3 2 1 2 2 3
1 2 2 3 2 2 3
2 2 2 1 2 2 3
1 2 2 3 2 2 3
2 3 2 1 2 2 3
2 3 2 1 2 2 3
2 3 2 3 2 2 3
2 3 2 3 2 2 3
2 3 2 3 2 2 2
2 3 2 3 2 2 3
1 3 2 3 2 2 3
2 3 1 3 2 2 3
2 3 2 3 2 2 3
2 2 2 3 2 2 3
2 3 2 3 2 2 3
2 3 2 3 2 2 3
2 2 2 3 2 2 3
2 3 2 3 2 2 3
2 3 2 3 2 2 3
2 3 2 3 2 2 3
2 3 2 3 2 2 3
2 3 2 1 2 2 3
2 3 2 3 2 2 3
2 3 2 3 2 2 3
1 3 2 3 2 2 3
2 3 2 3 2 2 3
2 3 2 3 2 2 3
2 3 2 3 2 2 3
2 3 2 3 2 2 3
2 3 2 3 2 2 2
2 3 2 3 2 2 3
2 2 2 1 2 2 2
2 2 2 3 2 2 3
2 3 2 3 2 2 3
1 3 2 3 2 2 3
2 3 2 3 2 2 3
2 3 2 3 2 2 3
1 3 2 3 2 2 3
2 2 2 3 2 2 3
2 3 2 1 2 2 3
2 2 2 1 2 2 3
2 3 2 2 2 2 3
1 3 2 3 2 2 3
2 2 2 1 2 2 3
2 2 2 3 2 2 3
2 3 2 3 2 2 2
2 3 2 3 2 2 3
2 3 2 3 2 2 3
2 2 2 3 2 2 3
2 3 2 3 2 2 3
2 2 2 3 2 2 3
2 3 2 3 2 2 3
2 3 2 3 2 2 3
2 3 2 3 2 2 3
1 3 2 2 2 2 2
2 3 2 3 2 2 3
2 3 2 2 2 2 3
2 3 2 3 2 2 3
2 3 2 3 2 2 3
2 3 2 3 2 2 2
2 2 2 3 2 2 3
2 2 2 3 2 2 3
2 3 2 3 2 2 3
2 2 2 2 2 2 3
1 2 2 3 2 2 3
2 3 2 3 2 2 3
2 3 2 3 2 2 3
2 3 2 3 2 2 3
2 3 2 3 2 2 3
2 3 2 3 2 2 3
2 3 2 3 2 2 3
2 3 2 3 2 2 3
2 3 2 3 2 2 3
2 3 2 3 2 2 3
2 2 2 3 2 2 2
1 3 2 3 2 2 3
2 3 2 3 2 2 2
2 3 2 2 2 2 3
2 2 2 3 2 2 3
1 3 2 3 2 2 3
2 3 2 1 2 2 3
2 3 2 3 2 2 3
2 3 2 3 2 2 3
2 2 2 3 2 2 3
2 3 2 3 2 2 3
2 3 2 3 2 2 3
2 3 2 2 2 2 3
2 3 2 3 2 2 3
2 3 2 3 2 2 3
2 2 2 3 2 2 2
2 3 2 3 2 2 3
2 3 2 2 2 2 3
2 3 2 3 2 2 3
2 2 2 2 2 2 2
2 2 2 3 2 2 3
2 2 2 3 2 2 3
2 3 2 3 2 2 3
2 3 2 3 2 2 2
2 3 2 3 2 2 3
2 2 2 3 2 2 3
2 3 2 3 2 2 3
2 2 2 3 2 2 3
2 3 1 3 2 2 3
2 3 2 2 2 2 3
2 3 2 3 2 2 2
2 3 2 1 2 2 3
2 3 2 3 2 2 3
2 3 2 3 2 2 3
2 3 2 3 2 2 3
2 2 2 2 2 2 3
2 3 2 3 2 2 3
2 3 1 3 2 2 3
2 3 2 3 2 2 3
2 3 1 3 2 2 3
2 3 2 2 2 2 3
2 2 2 3 2 2 3
2 3 2 3 2 2 3
2 3 2 3 2 2 3
2 2 2 3 2 2 3
1 2 2 3 2 2 2
2 3 2 3 2 2 3
2 3 2 2 2 2 3
2 2 2 2 2 2 3
2 3 2 3 2 2 3
2 3 2 3 2 2 3
2 2 2 1 2 2 3
2 3 2 1 2 2 3
2 3 2 3 2 2 3
2 3 2 3 2 2 2
2 3 2 3 2 2 3
2 3 2 3 2 2 3
2 2 2 2 2 2 3
2 3 2 3 2 2 2
2 3 2 3 2 2 3
2 3 2 2 2 2 3
2 3 2 3 2 2 3
1 3 1 3 2 2 3
2 3 2 3 2 2 3
1 3 2 2 2 2 3
2 3 2 3 2 2 3
2 2 2 3 2 2 3
2 3 2 3 2 2 3
2 3 2 1 2 2 3
2 3 2 3 2 2 3
2 3 2 3 2 2 3
2 2 2 3 2 2 3
1 2 2 3 2 2 3
2 3 2 3 2 2 3
2 3 2 3 2 2 3
2 3 2 3 2 2 3
2 3 1 3 2 2 2
2 3 2 3 2 2 3
2 3 2 3 2 2 3
2 2 2 3 2 2 3
2 3 2 3 2 2 2
2 3 2 3 2 2 3
2 2 2 3 2 2 3
2 3 2 2 2 2 3
1 3 2 3 2 2 3
2 3 2 3 2 2 3
2 3 2 3 2 2 3
2 3 2 3 2 2 3
2 3 2 3 2 2 3
2 3 2 3 2 2 3
2 3 1 3 2 2 3
2 2 2 3 2 2 3
2 2 2 3 2 2 3
2 3 2 3 2 2 3
2 3 2 2 2 2 3
2 2 2 3 2 2 3
2 3 2 3 2 2 3
2 3 2 1 2 2 3
2 3 2 3 2 2 3
2 3 1 3 2 2 3
2 3 2 3 2 2 3
2 3 2 3 2 2 2
2 3 2 3 2 2 3
2 3 2 3 2 2 3
2 3 2 3 2 2 3
2 2 2 3 2 2 3
2 3 2 2 2 2 3
2 3 2 3 2 2 3
2 3 2 3 2 2 3
2 3 2 1 2 2 3
2 3 2 3 2 2 3
2 3 2 1 2 2 3
2 3 2 2 2 2 3
2 2 2 3 2 2 3
2 3 2 3 2 2 3
2 3 2 3 2 2 3
2 3 2 3 2 2 2
2 3 2 1 2 2 3
2 3 2 1 2 2 3
2 3 2 3 2 2 3
2 3 2 3 2 2 3
2 3 2 3 2 2 3
2 3 2 3 2 2 3
2 3 2 3 2 2 3
2 3 2 3 2 2 3
2 3 2 3 2 2 3
2 3 1 3 2 2 3
2 2 2 3 2 2 3
2 3 2 3 2 2 3
2 3 2 3 2 2 3
2 3 2 3 2 2 3
2 3 2 3 2 2 3
2 3 2 3 2 2 3
2 3 2 3 2 2 3
2 3 2 3 2 2 3
2 3 2 3 2 2 3
2 3 2 2 2 2 3
2 3 2 3 2 2 3
2 3 2 3 2 2 3
2 3 2 3 2 2 3
2 3 2 3 2 2 3
2 3 2 3 2 2 2
2 3 2 3 2 2 3
2 2 2 3 2 2 3
2 3 2 3 2 2 3
2 3 2 3 2 2 3
2 3 2 2 2 2 3
2 3 2 3 2 2 3
2 3 2 1 2 2 3
2 3 2 3 2 2 3
1 3 2 3 2 2 2
2 3 2 3 2 2 3
2 2 2 3 2 2 3
2 3 2 3 2 2 3
2 1 2 1 2 2 3
1 3 2 3 2 2 3
2 2 2 3 2 2 3
2 3 2 3 2 2 3
2 3 2 3 2 2 3
2 3 2 3 2 2 3
2 3 2 3 2 2 3
2 2 2 2 2 2 2
2 3 2 3 2 2 3
2 3 2 3 2 2 3
2 3 2 3 2 2 2
2 3 2 3 2 2 3
2 3 1 1 2 2 3
2 3 2 3 2 2 3
1 3 1 2 2 2 3
1 3 2 3 2 2 2
2 3 2 3 2 2 3
2 3 2 3 2 2 3
2 3 2 3 2 2 3
2 3 2 3 2 2 2
2 3 1 3 2 2 2
2 3 2 3 2 2 3
2 3 2 3 2 2 3
1 3 2 3 2 2 3
1 3 2 1 2 2 3
1 2 2 3 2 2 3
2 3 2 1 2 2 3
2 3 2 3 2 2 3
2 3 2 3 2 2 3
2 2 2 3 2 2 2
2 3 2 3 2 2 3
1 2 2 3 2 2 3
2 3 2 3 2 2 2
1 2 2 2 2 2 2
2 3 2 3 2 2 3
2 3 2 3 2 2 3
1 3 2 3 2 2 3
2 3 2 3 2 2 3
2 2 2 2 2 2 3
2 3 2 3 2 2 3
2 2 2 2 2 2 3
1 3 2 3 2 2 3
2 2 2 3 2 2 2
2 3 2 3 2 2 3
2 3 2 3 2 2 3
2 3 1 3 2 2 2
2 3 2 3 2 2 3
2 3 2 3 2 2 3
1 2 2 3 2 2 3
2 2 1 3 2 2 3
2 2 2 3 2 2 3
2 2 2 1 2 2 3
2 2 2 2 2 2 3
2 2 1 3 2 2 3
2 3 2 3 2 2 3
2 2 2 3 2 2 3
2 3 2 3 2 2 3
2 3 2 3 2 2 3
2 3 2 3 2 2 3
2 3 2 3 2 2 3
2 3 1 2 2 2 3
2 3 2 3 2 2 3
2 2 2 3 2 2 3
2 3 2 3 2 2 3
2 3 2 2 2 2 3
2 2 2 3 2 2 3
2 2 2 2 2 2 3
2 3 2 1 2 2 3
2 3 2 3 2 2 3
2 3 2 2 2 2 2
2 3 2 3 2 2 3
2 2 2 3 2 2 3
2 3 2 3 2 2 3
2 3 2 3 2 2 3
2 3 2 3 2 2 3
2 2 2 2 2 2 3
2 3 2 2 2 2 2
2 3 2 3 2 2 2
2 3 2 1 2 2 3
2 2 2 3 2 2 3
2 2 2 3 2 2 3
2 2 2 3 2 2 3
2 3 2 3 2 2 3
2 3 2 3 2 2 3
2 3 2 1 2 2 3
2 2 2 3 2 2 3
2 3 2 1 2 2 3
2 3 2 3 2 2 3
2 3 2 3 2 2 3
2 3 2 3 2 2 3
2 3 2 2 2 2 3
2 2 2 1 2 2 3
2 3 2 1 2 2 3
2 3 2 3 2 2 3
2 2 2 3 2 2 3
2 3 2 3 2 2 3
2 2 2 3 2 2 3
2 3 2 3 2 2 3
2 3 2 3 2 2 3
2 3 2 3 2 2 3
2 3 2 3 2 2 3
2 2 2 3 2 2 3
2 3 2 3 2 2 3
2 3 2 2 2 2 2
2 3 2 3 2 2 3
2 3 2 3 2 2 3
2 3 2 3 2 2 2
2 3 1 1 2 2 3
2 3 1 3 2 2 3
2 3 2 3 2 2 3
2 3 2 1 2 2 2
2 3 2 3 2 2 3
2 3 2 1 2 2 3
2 3 2 3 2 2 3
2 3 2 3 2 2 3
2 3 2 3 2 2 3
2 2 2 3 2 2 3
2 2 2 3 2 2 2
2 2 2 3 2 2 2
2 3 2 3 2 2 3
2 3 2 3 2 2 3
2 3 2 3 2 2 3
2 2 2 3 2 2 3
1 3 2 3 2 2 3
1 2 2 3 2 2 3
2 3 2 3 2 2 3
2 3 2 3 2 2 2
2 3 2 3 2 2 3
2 3 2 3 2 2 3
2 3 2 3 2 2 3
2 3 2 3 2 2 2
2 3 2 2 2 2 3
2 3 2 3 2 2 2
2 3 2 1 2 2 3
2 3 2 1 2 2 3
2 3 2 3 2 2 3
2 2 2 3 2 2 3
2 2 2 3 2 2 3
2 3 2 3 2 2 3
2 2 2 3 2 2 3
2 3 2 2 2 2 3
2 3 2 3 2 2 3
1 2 2 3 2 2 3
2 3 2 3 2 2 3
2 3 1 3 2 2 3
2 3 2 3 2 2 2
2 3 2 3 2 2 3
2 3 2 2 2 2 2
2 3 2 3 2 2 3
1 2 2 3 2 2 3
2 2 2 3 2 2 3
2 3 2 2 2 2 2
2 2 2 3 2 2 3
1 2 2 3 2 2 3
2 3 2 3 2 2 3
2 3 2 3 2 2 3
2 3 2 3 2 2 3
2 3 2 3 2 2 3
2 3 2 3 2 2 3
1 3 2 3 2 2 3
2 3 2 3 2 2 3
2 2 2 3 2 2 3
2 3 2 3 2 2 3
2 3 2 3 2 2 3
2 3 2 1 2 2 3
1 2 2 1 2 2 3
2 3 1 3 2 2 3
2 3 2 3 2 2 3
2 3 2 1 2 2 3
2 3 2 1 2 2 3
2 3 2 3 2 2 3
2 3 2 3 2 2 3
2 3 2 2 2 2 3
2 3 2 3 2 2 3
2 3 2 3 2 2 3
2 2 2 3 2 2 3
2 3 2 1 2 2 3
1 3 2 3 2 2 3
2 3 2 3 2 2 3
2 3 2 3 2 2 3
2 3 2 1 2 2 3
2 3 1 3 2 2 3
2 3 2 3 2 2 3
2 3 2 3 2 2 3
2 3 2 3 2 2 3
2 2 2 2 2 2 3
2 2 2 2 2 2 3
2 3 2 3 2 2 3
2 3 2 1 2 2 3
2 3 2 3 2 2 3
2 3 2 3 2 2 3
2 3 2 3 2 2 2
2 3 2 3 2 2 3
2 3 2 3 2 2 3
2 2 2 3 2 2 3
2 3 2 3 2 2 3
2 3 2 3 2 2 3
2 3 2 3 2 2 3
2 3 2 3 2 2 3
1 3 2 2 2 2 2
2 3 2 3 2 2 3
2 2 2 1 2 2 3
2 3 2 3 2 2 3
2 3 2 3 2 2 3
2 3 2 3 2 2 2
2 3 2 3 2 2 3
2 3 2 3 2 2 2
2 3 2 3 2 2 3
2 3 2 3 2 2 2
2 3 2 1 2 2 3
2 3 2 3 2 2 3
2 3 2 3 2 2 2
2 3 2 3 2 2 2
2 3 2 3 2 2 3
2 3 2 3 2 2 3
2 3 2 2 2 2 3
2 2 2 3 2 2 3
2 2 2 1 2 2 3
2 3 2 3 2 2 3
2 2 2 3 2 2 3
2 3 2 3 2 2 3
2 3 2 3 2 2 2
2 3 2 3 2 2 3
2 3 2 3 2 2 3
2 3 2 3 2 2 3
2 3 2 3 2 2 3
2 3 2 2 2 2 3
2 3 2 3 2 2 3
2 3 2 1 2 2 3
2 2 2 3 2 2 3
2 2 1 3 2 2 3
2 3 2 1 2 2 3
2 3 2 3 2 2 3
2 3 2 3 2 2 3
1 3 2 3 2 2 3
2 3 2 3 2 2 3
1 2 2 3 2 2 2
2 3 2 3 2 2 3
2 3 2 3 2 2 3
2 3 2 3 2 2 3
2 3 2 3 2 2 2
1 3 2 2 2 2 3
2 3 2 3 2 2 3
2 2 2 2 2 2 3
2 3 2 3 2 2 3
2 3 2 3 2 2 2
2 3 2 3 2 2 3
2 2 2 3 2 2 3
2 2 2 3 2 2 3
2 3 2 3 2 2 2
2 3 2 3 2 2 3
1 3 2 3 2 2 3
2 3 2 3 2 2 3
2 3 2 3 2 2 3
1 2 2 3 2 2 3
2 3 2 3 2 2 3
2 3 2 3 2 2 3
2 2 2 3 2 2 3
2 3 2 3 2 2 3
2 3 2 2 2 2 2
2 3 2 1 2 2 3
2 2 2 3 2 2 3
1 3 2 3 2 2 3
2 2 2 3 2 2 3
1 3 2 1 2 2 3
2 3 2 3 2 2 2
2 2 2 1 2 2 3
1 2 2 3 2 2 3
2 3 2 3 2 2 3
2 2 2 3 2 2 3
2 3 2 3 2 2 3
1 3 2 3 2 2 3
2 3 2 3 2 2 3
2 3 2 3 2 2 3
2 3 2 3 2 2 3
2 3 2 3 2 2 3
2 2 2 1 2 2 3
2 3 2 3 2 2 3
2 3 2 3 2 2 3
2 3 2 3 2 2 3
2 3 2 3 2 2 2
2 2 2 3 2 2 3
2 3 1 3 2 2 3
2 3 2 1 2 2 3
2 2 2 1 2 2 3
2 3 2 1 2 2 3
1 3 1 3 2 2 3
2 3 2 3 2 2 2
2 3 2 1 2 2 3
2 3 2 3 2 2 3
2 2 2 3 2 2 3
2 2 2 2 2 2 3
2 3 2 3 2 2 3
2 3 2 2 2 2 3
2 3 2 3 2 2 3
2 3 2 3 2 2 2
2 2 2 3 2 2 3
2 3 2 3 2 2 3
1 2 2 3 2 2 3
2 3 2 3 2 2 3
2 3 1 3 2 2 3
2 3 2 3 2 2 3
1 3 2 2 2 2 3
2 2 2 3 2 2 3
2 3 2 3 2 2 3
1 3 2 3 2 2 3
2 3 2 3 2 2 3
2 3 2 3 2 2 3
2 2 2 3 2 2 3
2 2 2 3 2 2 3
2 3 2 3 2 2 3
2 3 2 3 2 2 3
2 3 2 3 2 2 3
2 3 2 3 2 2 3
2 3 2 2 2 2 3
2 3 2 2 2 2 3
2 3 2 2 2 2 3
2 3 2 3 2 2 3
1 3 2 3 2 2 3
2 3 2 3 2 2 2
2 2 2 1 2 2 3
2 2 1 3 2 2 3
2 3 2 3 2 2 3
2 3 2 3 2 2 3
2 2 2 3 2 2 3
1 3 2 3 2 2 3
2 3 2 3 2 2 3
2 3 2 3 2 2 3
2 3 2 3 2 2 3
2 2 2 3 2 2 3
2 3 2 3 2 2 3
2 2 2 1 2 2 3
2 3 2 3 2 2 3
2 3 1 3 2 2 3
2 3 2 2 2 2 3
2 3 2 3 2 2 3
1 3 2 1 2 2 3
2 2 2 3 2 2 3
2 3 2 3 2 2 3
2 2 2 3 2 2 3
2 2 2 1 2 2 3
2 3 2 3 2 2 3
2 3 2 3 2 2 3
2 3 2 3 2 2 3
2 3 2 3 2 2 3
2 3 2 2 2 2 3
2 3 2 3 2 2 2
2 2 2 3 2 2 3
2 2 2 3 2 2 3
2 3 2 3 2 2 3
2 2 2 2 2 2 3
2 2 2 3 2 2 3
2 3 2 2 2 2 3
2 3 2 1 2 2 3
1 3 2 3 2 2 3
2 2 2 1 2 2 3
2 3 2 3 2 2 3
2 2 2 3 2 2 3
2 2 2 3 2 2 3
2 3 2 3 2 2 2
2 3 1 3 2 2 3
2 3 2 3 2 2 2
2 3 2 3 2 2 3
2 2 2 3 2 2 3
2 2 2 1 2 2 3
2 3 2 3 2 2 3
2 3 2 3 2 2 2
2 3 2 1 2 2 3
2 3 2 1 2 2 2
2 3 2 3 2 2 3
2 3 2 3 2 2 3
2 3 2 3 2 2 3
2 3 2 3 2 2 3
2 3 2 3 2 2 3
2 3 2 3 2 2 3
2 2 2 1 2 2 2
2 2 2 2 2 2 3
1 3 2 3 2 2 3
2 3 2 3 2 2 2
2 3 2 3 2 2 3
2 3 2 3 2 2 2
2 3 2 2 2 2 3
2 3 2 3 2 2 3
2 2 2 3 2 2 2
2 3 2 2 2 2 3
2 3 2 3 2 2 3
2 3 2 3 2 2 3
2 3 2 3 2 2 3
2 3 2 3 2 2 3
2 3 2 3 2 2 3
2 3 2 3 2 2 3
1 3 2 3 2 2 3
2 3 2 3 2 2 3
2 3 1 3 2 2 2
2 3 2 3 2 2 3
2 3 2 3 2 2 3
2 3 2 3 2 2 3
2 2 2 3 2 2 3
2 3 2 2 2 2 3
2 3 2 2 2 2 3
2 2 2 3 2 2 3
2 3 2 2 2 2 3
2 3 2 3 2 2 3
2 3 2 2 2 2 3
2 3 2 1 2 2 3
1 3 2 1 2 2 3
2 3 2 1 2 2 3
2 3 2 3 2 2 2
2 3 2 3 2 2 3
1 3 2 3 2 2 3
2 3 2 3 2 2 3
2 3 2 3 2 2 3
2 3 2 3 2 2 3
2 2 2 3 2 2 3
2 3 2 3 2 2 3
2 3 2 3 2 2 3
2 3 2 3 2 2 3
2 3 2 1 2 2 3
2 3 2 3 2 2 3
2 3 2 3 2 2 3
2 3 2 3 2 2 3
1 3 2 3 2 2 2
2 3 2 1 2 2 3
2 2 2 3 2 2 3
1 3 2 3 2 2 3
2 3 2 2 2 2 3
2 2 2 3 2 2 3
2 3 2 3 2 2 3
2 3 2 2 2 2 3
2 3 2 3 2 2 3
1 2 2 3 2 2 2
2 3 2 3 2 2 3
2 3 1 1 2 2 3
2 3 2 3 2 2 2
2 2 2 3 2 2 3
1 3 2 1 2 2 3
2 3 2 3 2 2 3
2 3 2 3 2 2 3
2 3 2 3 2 2 2
1 2 2 3 2 2 3
1 3 2 1 2 2 2
1 3 2 3 2 2 3
2 3 2 3 2 2 2
1 3 2 2 2 2 3
2 2 2 3 2 2 3
2 2 2 3 2 2 3
1 3 2 3 2 2 3
1 3 2 3 2 2 3
2 2 2 3 2 2 3
2 3 2 2 2 2 3
2 3 2 3 2 2 3
2 3 2 1 2 2 3
2 3 2 1 2 2 3
2 3 2 3 2 2 3
2 3 2 3 2 2 3
2 2 2 2 2 2 3
2 3 2 2 2 2 3
2 2 2 3 2 2 2
2 3 2 3 2 2 3
2 3 2 3 2 2 3
2 3 2 1 2 2 3
1 3 2 3 2 2 3
2 3 2 3 2 2 3
2 3 2 3 2 2 3
2 3 1 2 2 2 3
1 3 2 1 2 2 2
1 2 2 3 2 2 3
1 3 2 3 2 2 3
2 3 2 3 2 2 3
2 3 2 3 2 2 2
2 3 2 1 2 2 3
2 2 2 3 2 2 3
2 3 2 1 2 2 3
2 3 2 3 2 2 3
2 3 2 3 2 2 3
1 2 2 3 2 2 3
2 3 2 2 2 2 3
2 3 2 3 2 2 3
2 3 2 3 2 2 3
2 2 2 3 2 2 3
2 2 2 3 2 2 3
2 3 2 3 2 2 3
2 3 2 1 2 2 3
2 3 2 3 2 2 3
1 2 2 2 2 2 3
2 3 2 3 2 2 3
2 3 2 3 2 2 2
2 2 2 3 2 2 3
2 3 2 3 2 2 3
2 3 2 1 2 2 3
2 3 2 3 2 2 3
2 2 2 3 2 2 2
1 2 2 1 2 2 3
1 3 2 3 2 2 3
2 2 2 2 2 2 3
2 3 2 1 2 2 3
2 3 2 3 2 2 3
1 3 2 3 2 2 3
2 2 2 2 2 2 3
2 2 2 3 2 2 3
2 3 2 3 2 2 3
1 3 2 3 2 2 3
2 3 2 3 2 2 3
2 3 2 3 2 2 2
2 3 2 2 2 2 3
2 3 2 3 2 2 3
2 3 2 1 2 2 2
2 3 2 3 2 2 3
2 3 1 1 2 2 3
1 3 2 3 2 2 3
2 2 2 3 2 2 3
2 3 2 1 2 2 3
2 3 2 1 2 2 3
2 3 2 3 2 2 3
2 3 2 2 2 2 3
2 3 2 3 2 2 3
2 2 2 1 2 2 3
2 3 2 3 2 2 3
2 3 2 3 2 2 3
2 2 2 3 2 2 3
2 3 2 3 2 2 3
2 3 2 2 2 2 3
2 3 2 2 2 2 3
2 3 2 3 2 2 3
2 3 2 2 2 2 3
2 3 2 3 2 2 3
2 3 2 3 2 2 3
2 3 2 1 2 2 2
1 3 2 1 2 2 3
2 3 1 1 2 2 2
2 3 2 3 2 2 3
2 3 2 3 2 2 3
2 3 2 3 2 2 3
2 3 2 1 2 2 3
2 3 2 1 2 2 3
2 3 2 1 2 2 3
2 3 2 3 2 2 3
2 2 2 3 2 2 3
2 3 1 1 2 2 3
2 3 2 3 2 2 3
2 3 2 3 2 2 3
2 3 2 2 2 2 3
2 3 2 3 2 2 3
2 2 2 1 2 2 2
2 3 2 1 2 2 2
2 3 2 3 2 2 3
2 3 2 3 2 2 3
2 2 2 3 2 2 3
2 3 2 3 2 2 2
1 3 2 3 2 2 3
2 3 2 3 2 2 3
2 3 2 3 2 2 3
2 3 2 1 2 2 3
2 3 2 1 2 2 3
2 3 2 3 2 2 3
2 3 1 1 2 2 3
2 3 2 3 2 2 3
2 3 2 3 2 2 2
2 3 2 3 2 2 3
2 3 1 2 2 2 3
1 3 2 3 2 2 3
2 3 2 3 2 2 3
2 3 2 1 2 2 3
2 3 2 3 2 2 2
2 3 2 3 2 2 3
2 3 2 3 2 2 3
2 3 2 3 2 2 3
2 3 2 2 2 2 3
2 3 2 3 2 2 2
2 3 2 3 2 2 2
1 2 2 3 2 2 3
2 3 2 3 2 2 3
2 3 2 3 2 2 2
1 3 2 1 2 2 3
2 2 2 3 2 2 3
2 3 2 3 2 2 3
2 3 2 3 2 2 3
2 3 2 3 2 2 3
1 3 2 3 2 2 3
2 2 2 3 2 2 3
2 3 2 3 2 2 3
2 3 2 3 2 2 3
2 3 2 1 2 2 2
2 3 2 3 2 2 3
2 3 2 2 2 2 3
1 3 2 3 2 2 3
2 3 2 3 2 2 3
2 2 2 1 2 2 3
2 3 2 1 2 2 3
2 3 2 3 2 2 2
2 2 2 3 2 2 3
2 3 2 2 2 2 3
2 3 2 3 2 2 3
2 2 2 3 2 2 2
2 2 2 3 2 2 3
2 3 2 3 2 2 3
2 2 2 3 2 2 3
2 3 2 1 2 2 3
2 3 2 3 2 2 3
2 2 2 1 2 2 3
2 2 2 3 2 2 3
2 3 2 1 2 2 3
2 3 2 3 2 2 3
2 3 2 2 2 2 3
2 3 2 1 2 2 3
2 2 2 1 2 2 3
1 3 2 2 2 2 3
2 3 2 2 2 2 3
2 2 1 3 2 2 3
2 2 2 3 2 2 2
2 3 2 3 2 2 2
2 2 2 2 2 2 2
1 3 2 2 2 2 2
2 3 2 3 2 2 3
1 3 2 2 2 2 2
2 2 2 3 2 2 3
2 2 2 1 2 2 3
2 3 2 3 2 2 3
1 2 2 3 2 2 3
1 3 2 3 2 2 3
2 3 2 3 2 2 2
1 3 2 1 2 2 3
2 3 2 3 2 2 3
2 3 2 3 2 2 2
2 2 2 3 2 2 3
2 3 2 3 2 2 3
2 2 2 3 2 2 2
2 2 2 3 2 2 3
2 2 2 1 2 2 3
2 3 2 3 2 2 3
2 2 2 3 2 2 2
2 3 2 1 2 2 3
2 2 2 3 2 2 3
2 3 2 3 2 2 3
1 3 2 3 2 2 3
2 3 1 3 2 2 3
2 3 2 3 2 2 2
2 3 2 3 2 2 3
1 3 2 1 2 2 3
2 3 2 3 2 2 3
2 2 2 2 2 2 3
2 2 2 3 2 2 3
2 3 2 1 2 2 2
2 3 2 3 2 2 2
2 3 2 2 2 2 3
2 2 2 3 2 2 3
1 3 2 3 2 2 3
2 2 2 3 2 2 3
2 2 2 1 2 2 3
2 2 2 3 2 2 3
2 3 2 3 2 2 3
2 3 2 2 2 2 3
2 3 2 3 2 2 3
2 3 2 3 2 2 3
2 3 2 2 2 2 3
2 3 2 1 2 2 3
1 3 1 3 2 2 3
2 2 1 2 2 2 3
2 2 2 3 2 2 3
1 3 2 3 2 2 3
2 3 2 3 2 2 3
2 2 2 3 2 2 3
2 3 2 3 2 2 3
2 3 2 3 2 2 3
2 2 2 3 2 2 3
2 2 2 3 2 2 3
2 3 2 3 2 2 3
2 2 2 3 2 2 3
2 3 2 3 2 2 3
2 2 2 3 2 2 3
2 3 2 3 2 2 3
2 3 2 3 2 2 2
2 2 2 2 2 2 3
2 3 2 3 2 2 3
2 2 2 3 2 2 3
2 3 2 3 2 2 3
2 3 2 3 2 2 3
2 3 2 3 2 2 3
2 3 2 3 2 2 3
1 3 2 3 2 2 3
2 3 2 2 2 2 3
2 3 2 3 2 2 3
1 2 2 3 2 2 3
2 2 2 3 2 2 3
2 3 2 3 2 2 3
2 3 2 3 2 2 3
2 3 2 3 2 2 3
1 3 2 3 2 2 2
2 3 2 3 2 2 3
1 2 2 3 2 2 3
2 3 2 3 2 2 3
2 2 2 3 2 2 2
2 2 2 3 2 2 3
2 2 2 3 2 2 3
2 3 2 3 2 2 3
2 2 2 3 2 2 3
1 3 2 3 2 2 3
2 3 2 1 2 2 3
1 3 2 3 2 2 3
2 3 2 3 2 2 3
2 2 2 3 2 2 3
2 3 2 3 2 2 3
2 3 2 1 2 2 3
2 2 2 3 2 2 3
2 3 2 3 2 2 3
2 3 2 2 2 2 2
2 3 2 3 2 2 3
2 3 2 3 2 2 3
2 3 2 3 2 2 3
2 3 2 2 2 2 3
2 2 2 3 2 2 2
1 3 2 3 2 2 3
2 2 2 1 2 2 3
2 3 1 3 2 2 3
2 2 2 1 2 2 3
2 3 2 3 2 2 3
2 3 2 1 2 2 3
2 3 2 3 2 2 3
2 2 2 3 2 2 3
2 2 2 3 2 2 3
2 3 2 3 2 2 3
2 3 2 3 2 2 3
1 2 2 3 2 2 2
2 2 2 3 2 2 2
2 3 2 3 2 2 3
2 3 2 3 2 2 3
2 3 2 3 2 2 3
2 3 2 3 2 2 3
2 3 2 1 2 2 2
2 2 2 2 2 2 3
2 3 1 2 2 2 3
2 3 2 3 2 2 3
2 3 2 3 2 2 2
2 3 1 1 2 2 3
2 3 2 3 2 2 3
2 2 2 3 2 2 2
1 3 2 3 2 2 3
2 3 2 3 2 2 3
2 2 2 3 2 2 3
2 2 2 2 2 2 3
2 2 2 2 2 2 3
2 3 2 1 2 2 2
2 3 2 2 2 2 3
2 3 1 3 2 2 3
2 3 2 3 2 2 3
2 2 2 3 2 2 3
2 3 2 3 2 2 3
2 2 2 3 2 2 2
1 2 2 3 2 2 3
1 2 2 3 2 2 3
2 3 2 3 2 2 3
2 3 2 3 2 2 3
2 3 2 3 2 2 3
2 3 2 3 2 2 3
2 3 2 1 2 2 3
1 3 2 2 2 2 3
2 2 1 3 2 2 3
2 2 2 1 2 2 3
2 3 2 3 2 2 3
2 3 2 3 2 2 3
2 3 2 3 2 2 3
1 3 2 3 2 2 3
2 3 2 3 2 2 3
1 3 2 3 2 2 3
2 2 2 3 2 2 3
2 3 2 3 2 2 3
2 3 2 3 2 2 3
2 3 2 3 2 2 2
2 3 2 1 2 2 2
2 3 2 3 2 2 3
2 3 2 2 2 2 3
1 3 2 3 2 2 3
2 3 2 1 2 2 3
2 3 2 2 2 2 3
1 2 2 3 2 2 3
1 3 2 3 2 2 3
2 3 2 3 2 2 3
2 3 2 3 2 2 3
2 3 2 1 2 2 3
2 3 2 2 2 2 3
2 3 2 3 2 2 3
2 3 2 2 2 2 3
2 3 2 3 2 2 3
2 3 2 2 2 2 3
1 3 1 1 2 2 3
2 3 2 3 2 2 2
2 2 2 3 2 2 2
2 2 2 3 2 2 3
2 3 2 2 2 2 2
2 3 2 3 2 2 3
2 3 2 1 2 2 3
1 3 2 1 2 2 3
2 3 2 2 2 2 3
1 3 2 3 2 2 3
2 2 2 3 2 2 3
2 3 2 2 2 2 3
1 3 2 3 2 2 3
2 3 2 3 2 2 2
2 3 2 3 2 2 3
2 3 2 3 2 2 2
2 3 2 3 2 2 3
2 3 1 3 2 2 3
2 3 2 3 2 2 2
1 2 2 3 2 2 3
1 3 2 3 2 2 3
2 3 2 3 2 2 3
2 3 2 2 2 2 3
2 2 2 3 2 2 2
1 2 2 1 2 2 2
2 2 2 3 2 2 3
2 3 2 3 2 2 3
1 3 2 1 2 2 3
2 3 1 2 2 2 3
1 2 2 3 2 2 3
1 3 2 3 2 2 3
2 3 2 3 2 2 3
2 2 2 3 2 2 2
2 3 2 1 2 2 3
2 3 2 1 2 2 3
2 3 2 3 2 2 3
2 2 2 3 2 2 2
2 3 2 3 2 2 3
2 3 2 1 2 2 3
2 3 2 3 2 2 2
2 3 2 3 2 2 3
2 2 2 2 2 2 3
1 3 2 3 2 2 3
2 3 2 3 2 2 3
2 3 2 3 2 2 3
2 3 2 3 2 2 3
2 3 2 1 2 2 2
1 3 2 3 2 2 3
2 3 2 1 2 2 3
2 2 2 3 2 2 3
2 2 2 3 2 2 3
1 2 2 3 2 2 3
2 3 2 3 2 2 3
2 3 2 1 2 2 3
2 3 2 3 2 2 3
2 3 2 3 2 2 3
2 2 2 3 2 2 3
2 3 1 3 2 2 3
2 2 2 3 2 2 3
2 3 2 3 2 2 3
2 3 2 3 2 2 2
2 3 2 1 2 2 3
1 2 2 2 2 2 3
2 3 2 3 2 2 3
2 3 2 3 2 2 3
2 3 1 3 2 2 3
2 3 2 3 2 2 3
2 3 2 1 2 2 3
2 3 1 3 2 2 3
2 3 2 3 2 2 3
2 3 2 3 2 2 3
2 3 2 1 2 2 3
2 2 2 1 2 2 3
2 2 2 3 2 2 3
2 3 2 3 2 2 3
2 2 2 3 2 2 3
1 2 2 3 2 2 3
1 2 2 3 2 2 3
2 3 2 3 2 2 2
2 3 2 3 2 2 3
2 3 2 3 2 2 3
1 3 2 2 2 2 3
2 3 2 2 2 2 3
1 2 1 3 2 2 3
2 3 2 2 2 2 3
2 2 2 3 2 2 3
2 3 2 3 2 2 3
2 2 2 1 2 2 2
2 3 2 3 2 2 3
2 3 2 2 2 2 2
2 2 2 3 2 2 3
1 3 1 1 2 2 3
2 2 2 3 2 2 3
2 3 2 3 2 2 3
2 3 2 2 2 2 3
2 3 2 3 2 2 2
2 3 2 1 2 2 3
2 3 2 3 2 2 3
2 2 2 3 2 2 3
2 3 2 1 2 2 2
2 3 2 3 2 2 3
2 2 2 3 2 2 3
1 3 2 3 2 2 3
2 3 2 2 2 2 3
2 3 2 3 2 2 3
1 2 2 3 2 2 3
1 3 2 3 2 2 3
2 2 2 3 2 2 3
2 2 1 3 2 2 3
1 2 2 2 2 2 3
2 3 2 3 2 2 3
2 3 2 3 2 2 2
2 3 2 3 2 2 2
2 3 2 1 2 2 3
2 2 2 1 2 2 3
2 2 2 3 2 2 3
2 2 2 3 2 2 3
2 3 2 3 2 2 3
2 3 2 3 2 2 2
2 2 2 3 2 2 3
1 2 2 3 2 2 3
1 3 2 3 2 2 3
2 3 2 3 2 2 3
2 3 2 2 2 2 3
2 3 2 3 2 2 3
2 3 2 2 2 2 3
2 3 2 1 2 2 3
2 2 2 3 2 2 3
2 2 2 3 2 2 3
2 2 2 3 2 2 2
2 3 2 3 2 2 3
2 3 2 3 2 2 3
2 3 2 3 2 2 2
2 2 2 1 2 2 3
2 2 2 3 2 2 3
2 3 1 3 2 2 3
1 3 2 3 2 2 3
2 3 2 3 2 2 2
2 3 2 2 2 2 3
2 3 2 2 2 2 3
1 3 2 2 2 2 3
2 3 2 3 2 2 3
2 3 2 3 2 2 2
1 3 2 3 2 2 3
2 3 2 3 2 2 3
2 3 2 2 2 2 3
2 3 2 3 2 2 3
2 3 2 3 2 2 3
2 3 2 3 2 2 3
2 3 2 1 2 2 3
2 3 2 3 2 2 3
2 3 2 3 2 2 3
2 3 2 3 2 2 3
2 3 2 3 2 2 3
1 2 2 1 2 2 3
2 3 2 2 2 2 3
1 3 2 3 2 2 2
2 3 2 3 2 2 3
2 3 1 3 2 2 2
2 3 2 3 2 2 2
2 3 2 1 2 2 2
2 2 2 3 2 2 3
2 3 2 1 2 2 3
2 3 2 3 2 2 3
2 3 2 3 2 2 3
1 3 2 2 2 2 3
1 2 2 3 2 2 3
2 3 2 3 2 2 2
2 3 1 3 2 2 3
1 3 2 3 2 2 3
1 3 2 3 2 2 3
2 3 2 3 2 2 3
2 3 2 3 2 2 3
2 3 2 3 2 2 3
2 3 2 3 2 2 3
1 3 2 3 2 2 2
2 3 2 3 2 2 3
2 3 2 3 2 2 2
1 3 2 3 2 2 3
2 3 2 3 2 2 3
2 3 2 2 2 2 3
2 2 2 3 2 2 3
1 3 2 3 2 2 3
2 3 2 3 2 2 3
2 2 2 2 2 2 3
1 3 2 3 2 2 2
1 3 2 3 2 2 3
2 3 2 1 2 2 3
2 2 2 3 2 2 3
2 3 2 3 2 2 3
2 2 2 3 2 2 3
2 3 2 3 2 2 3
2 3 2 3 2 2 3
2 2 1 1 2 2 3
2 3 2 3 2 2 3
1 3 2 1 2 2 3
2 3 2 3 2 2 2
2 3 2 3 2 2 3
2 3 2 3 2 2 3
2 2 2 3 2 2 3
2 2 2 3 2 2 3
2 3 1 3 2 2 3
2 3 2 3 2 2 2
2 2 2 3 2 2 3
2 3 2 3 2 2 3
2 3 2 3 2 2 3
2 2 2 2 2 2 3
2 3 2 1 2 2 3
2 3 1 3 2 2 3
2 2 1 3 2 2 3
2 3 2 1 2 2 2
2 3 2 2 2 2 3
2 3 2 1 2 2 3
2 3 2 3 2 2 3
2 2 2 3 2 2 2
1 3 2 2 2 2 2
2 3 1 3 2 2 3
2 3 2 3 2 2 3
2 3 2 3 2 2 3
1 3 2 1 2 2 3
2 3 1 3 2 2 2
2 2 2 3 2 2 3
1 3 2 3 2 2 3
2 3 2 3 2 2 3
2 2 2 3 2 2 3
1 2 2 3 2 2 3
2 2 1 3 2 2 3
2 3 2 3 2 2 3
2 3 2 2 2 2 3
2 2 2 3 2 2 3
2 3 2 3 2 2 3
2 2 2 3 2 2 3
2 3 2 2 2 2 3
2 3 2 3 2 2 2
2 3 2 3 2 2 3
1 2 2 3 2 2 3
2 2 2 1 2 2 3
1 3 2 3 2 2 2
2 3 2 1 2 2 3
2 3 2 1 2 2 3
2 3 2 1 2 2 3
2 2 2 1 2 2 3
2 3 2 3 2 2 2
1 3 2 3 2 2 3
2 2 2 3 2 2 3
2 3 2 3 2 2 3
2 3 2 3 2 2 3
2 2 2 1 2 2 3
2 2 2 3 2 2 2
1 3 2 3 2 2 3
2 3 2 1 2 2 2
2 3 2 3 2 2 3
2 2 1 3 2 2 2
1 3 2 3 2 2 3
2 3 2 3 2 2 3
2 3 2 3 2 2 2
2 3 2 3 2 2 3
2 2 2 3 2 2 3
2 2 2 1 2 2 3
2 3 2 3 2 2 3
2 3 2 1 2 2 3
2 3 2 3 2 2 3
2 2 2 3 2 2 3
2 3 2 3 2 2 3
2 3 2 3 2 2 3
2 3 2 3 2 2 3
2 2 2 3 2 2 3
2 3 2 3 2 2 3
2 3 2 3 2 2 3
2 3 2 3 2 2 3
2 3 2 3 2 2 3
2 2 2 3 2 2 3
2 3 2 3 2 2 2
2 2 2 3 2 2 3
2 2 2 3 2 2 3
2 3 2 3 2 2 3
2 3 2 3 2 2 3
2 2 1 3 2 2 2
2 3 2 3 2 2 3
2 3 2 2 2 2 3
2 3 2 3 2 2 2
2 3 2 3 2 2 3
2 1 2 3 2 2 3
2 3 2 3 2 2 3
2 3 2 2 2 2 3
2 3 2 1 2 2 2
2 2 2 3 2 2 3
2 2 2 3 2 2 3
2 3 2 1 2 2 3
2 3 2 1 2 2 2
2 2 2 1 2 2 3
2 3 2 2 2 2 3
1 3 2 3 2 2 3
2 2 2 2 2 2 3
2 3 2 3 2 2 3
1 3 2 3 2 2 2
1 2 2 1 2 2 3
2 3 2 3 2 2 3
1 3 2 1 2 2 3
2 3 2 3 2 2 3
1 3 2 3 2 2 2
2 3 2 3 2 2 3
2 3 2 3 2 2 3
2 3 2 3 2 2 3
2 3 2 3 2 2 3
2 3 2 1 2 2 3
2 3 2 2 2 2 2
2 2 2 3 2 2 3
2 3 2 1 2 2 2
2 2 2 2 2 2 3
2 3 2 3 2 2 3
2 3 2 3 2 2 2
2 2 2 3 2 2 3
2 3 2 3 2 2 3
2 2 2 3 2 2 2
1 3 2 3 2 2 3
2 3 2 2 2 2 2
2 3 2 3 2 2 3
2 3 2 3 2 2 3
2 3 2 2 2 2 3
2 3 2 3 2 2 3
2 3 2 1 2 2 3
1 3 2 1 2 2 3
2 3 2 3 2 2 3
2 2 2 3 2 2 3
2 3 2 3 2 2 3
2 2 2 3 2 2 3
1 3 2 3 2 2 3
1 3 2 3 2 2 2
2 3 2 2 2 2 3
2 3 2 3 2 2 3
2 2 2 3 2 2 3
2 2 2 3 2 2 3
2 3 2 3 2 2 3
2 2 1 3 2 2 3
2 2 2 3 2 2 3
2 1 2 3 2 2 3
2 3 2 1 2 2 3
2 3 2 3 2 2 2
2 3 2 3 2 2 3
2 3 2 3 2 2 3
2 2 2 3 2 2 3
1 3 2 3 2 2 3
2 3 2 2 2 2 3
2 3 2 3 2 2 3
1 3 2 1 2 2 2
2 3 2 3 2 2 3
2 3 2 3 2 2 3
2 3 2 1 2 2 3
2 3 2 3 2 2 3
2 3 2 1 2 2 3
2 3 2 1 2 2 3
2 2 2 3 2 2 3
2 3 2 3 2 2 3
2 3 2 2 2 2 3
2 2 2 3 2 2 3
2 2 2 3 2 2 3
2 3 1 1 2 2 3
2 3 2 3 2 2 3
1 3 2 3 2 2 3
2 2 2 3 2 2 3
2 3 2 3 2 2 3
2 3 2 1 2 2 2
2 3 2 3 2 2 3
1 3 2 3 2 2 3
2 2 2 3 2 2 3
2 2 2 2 2 2 3
2 3 2 3 2 2 3
1 3 2 2 2 2 3
2 3 2 3 2 2 3
2 2 2 3 2 2 3
1 3 2 3 2 2 3
2 2 2 3 2 2 2
2 2 2 3 2 2 3
2 3 2 3 2 2 3
2 3 2 2 2 2 3
2 3 2 3 2 2 3
1 3 2 1 2 2 3
2 2 2 3 2 2 3
2 3 2 3 2 2 3
2 2 2 2 2 2 3
2 3 2 3 2 2 3
1 2 2 3 2 2 3
1 2 2 3 2 2 3
1 2 2 1 2 2 3
2 3 2 3 2 2 3
1 3 2 3 2 2 3
1 3 2 1 2 2 3
2 3 2 3 2 2 3
2 2 2 1 2 2 3
2 3 2 3 2 2 3
2 3 2 1 2 2 3
2 2 2 3 2 2 3
2 3 1 3 2 2 3
2 3 2 3 2 2 3
2 2 2 3 2 2 3
2 2 2 1 2 2 3
2 3 2 3 2 2 3
2 3 2 1 2 2 3
1 3 2 3 2 2 2
2 3 2 3 2 2 3
2 3 2 3 2 2 3
1 3 2 3 2 2 2
2 2 2 3 2 2 3
2 2 2 3 2 2 2
1 3 2 3 2 2 3
2 2 2 3 2 2 3
2 3 2 3 2 2 2
1 3 2 3 2 2 2
1 3 2 2 2 2 2
2 3 2 3 2 2 3
2 2 2 2 2 2 3
2 3 2 3 2 2 3
2 2 2 2 2 2 2
2 2 2 3 2 2 3
2 3 2 3 2 2 2
2 2 2 1 2 2 3
2 3 2 3 2 2 3
2 2 2 3 2 2 3
2 3 1 1 2 2 3
2 1 2 3 2 2 3
2 3 2 3 2 2 2
2 3 2 3 2 2 3
1 2 2 3 2 2 3
2 3 2 3 2 2 3
2 3 2 2 2 2 3
1 3 2 2 2 2 3
2 3 2 2 2 2 2
2 3 2 3 2 2 3
1 3 2 3 2 2 3
2 3 2 2 2 2 3
2 3 2 3 2 2 3
2 3 2 3 2 2 2
2 2 2 3 2 2 3
2 2 2 3 2 2 2
1 2 2 1 2 2 3
2 2 2 3 2 2 3
2 2 2 1 2 2 3
1 3 2 3 2 2 3
2 2 2 3 2 2 3
2 3 1 1 2 2 3
1 3 2 3 2 2 2
2 2 2 3 2 2 2
2 3 2 3 2 2 3
1 3 2 3 2 2 3
2 2 2 3 2 2 3
2 3 2 3 2 2 3
2 3 2 1 2 2 2
2 3 2 3 2 2 3
2 3 2 3 2 2 3
2 2 2 3 2 2 3
2 3 2 3 2 2 3
2 2 2 1 2 2 2
2 3 2 3 2 2 3
2 2 2 3 2 2 3
2 3 2 3 2 2 3
2 3 1 3 2 2 3
2 3 2 1 2 2 3
2 3 2 2 2 2 3
2 3 2 3 2 2 3
2 2 2 1 2 2 3
2 2 2 3 2 2 3
1 2 2 3 2 2 3
2 3 2 2 2 2 3
2 3 2 2 2 2 3
2 3 2 3 2 2 2
2 3 2 3 2 2 3
2 3 2 3 2 2 3
2 3 2 2 2 2 3
1 3 2 3 2 2 3
2 3 2 1 2 2 3
1 3 2 3 2 2 3
2 2 2 3 2 2 3
2 2 2 3 2 2 2
2 2 2 3 2 2 3
2 3 2 3 2 2 3
2 3 2 3 2 2 3
1 2 2 3 2 2 3
1 2 2 1 2 2 3
2 3 2 3 2 2 2
2 3 2 3 2 2 3
2 2 2 3 2 2 3
2 3 2 3 2 2 3
2 3 1 3 2 2 2
2 3 2 2 2 2 3
2 3 2 1 2 2 3
2 3 2 3 2 2 3
2 3 2 3 2 2 3
2 3 2 2 2 2 2
2 3 2 3 2 2 3
2 3 2 3 2 2 3
2 3 2 2 2 2 3
2 3 2 3 2 2 3
2 3 2 3 2 2 3
1 3 1 3 2 2 3
2 3 2 1 2 2 3
2 2 2 1 2 2 3
2 2 2 3 2 2 3
2 3 2 3 2 2 3
2 3 2 3 2 2 3
1 3 2 3 2 2 3
2 3 2 1 2 2 3
2 3 2 3 2 2 3
2 3 2 3 2 2 3
1 3 2 3 2 2 3
2 3 2 3 2 2 2
2 3 2 3 2 2 3
2 3 2 3 2 2 3
2 3 2 1 2 2 3
2 2 2 3 2 2 3
2 2 2 1 2 2 3
1 3 2 3 2 2 3
1 3 2 2 2 2 3
1 3 2 2 2 2 3
2 2 2 3 2 2 2
2 3 2 2 2 2 3
2 3 2 1 2 2 3
1 2 2 3 2 2 3
2 3 2 3 2 2 2
1 3 2 3 2 2 2
2 3 2 3 2 2 3
2 3 2 3 2 2 3
2 3 2 3 2 2 3
2 3 2 3 2 2 2
2 2 2 2 2 2 3
2 2 2 3 2 2 3
2 3 2 3 2 2 3
2 3 2 3 2 2 2
2 3 2 1 2 2 3
1 3 2 2 2 2 3
2 2 2 3 2 2 3
2 2 2 3 2 2 3
1 3 2 3 2 2 2
1 2 2 2 2 2 2
2 3 2 3 2 2 2
2 3 2 3 2 2 3
2 2 1 1 2 2 2
2 2 2 3 2 2 3
1 3 1 3 2 2 3
2 2 2 3 2 2 3
2 3 2 3 2 2 2
2 3 2 3 2 2 3
2 3 2 3 2 2 2
2 2 2 3 2 2 3
2 3 2 3 2 2 3
2 2 2 3 2 2 3
2 3 2 1 2 2 3
1 3 2 1 2 2 3
2 3 2 3 2 2 3
1 3 2 3 2 2 3
2 3 2 3 2 2 3
2 3 2 3 2 2 3
2 2 2 3 2 2 3
2 3 2 3 2 2 3
2 3 2 3 2 2 3
2 2 1 1 2 2 3
2 3 2 2 2 2 3
2 3 2 1 2 2 3
2 3 2 2 2 2 2
2 2 2 3 2 2 2
2 1 2 1 2 2 3
2 3 2 3 2 2 3
2 3 1 3 2 2 3
1 2 2 3 2 2 3
1 3 2 3 2 2 3
2 2 2 3 2 2 3
2 3 2 3 2 2 3
1 3 2 3 2 2 2
1 2 1 2 2 2 3
2 3 2 2 2 2 3
2 2 2 3 2 2 3
2 3 2 2 2 2 3
1 3 2 3 2 2 2
2 2 2 1 2 2 3
2 3 2 2 2 2 3
2 2 2 3 2 2 2
2 3 2 3 2 2 3
2 3 2 1 2 2 3
2 3 2 3 2 2 3
2 3 2 3 2 2 3
2 3 2 1 2 2 3
2 3 2 3 2 2 2
2 2 2 1 2 2 3
2 3 2 3 2 2 2
1 3 2 3 2 2 3
2 3 2 3 2 2 2
1 3 2 3 2 2 3
1 2 2 3 2 2 3
2 3 2 3 2 2 3
1 2 2 3 2 2 3
1 2 2 3 2 2 3
2 3 2 3 2 2 3
2 3 2 3 2 2 3
1 2 2 2 2 2 3
2 3 2 1 2 2 2
1 3 2 3 2 2 3
2 2 2 3 2 2 3
2 3 2 3 2 2 3
2 2 2 3 2 2 3
2 2 2 3 2 2 3
2 3 2 3 2 2 3
2 3 2 1 2 2 3
2 1 2 3 2 2 3
2 3 2 3 2 2 3
2 3 2 2 2 2 3
2 3 2 1 2 2 3
2 2 2 1 2 2 3
2 2 2 3 2 2 3
1 3 2 2 2 2 3
2 3 2 3 2 2 3
2 3 1 2 2 2 3
1 3 1 3 2 2 2
2 3 2 2 2 2 3
1 3 2 3 2 2 3
2 3 1 3 2 2 3
2 2 1 3 2 2 2
2 3 2 3 2 2 3
1 3 2 2 2 2 3
2 3 2 3 2 2 3
2 3 2 2 2 2 3
2 3 2 3 2 2 3
2 3 2 3 2 2 3
2 3 2 3 2 2 3
1 2 2 3 2 2 3
2 3 2 2 2 2 3
1 2 2 3 2 2 2
2 3 2 1 2 2 3
2 3 2 3 2 2 3
2 3 1 3 2 2 3
2 2 2 3 2 2 3
1 3 2 3 2 2 3
1 3 2 1 2 2 3
2 3 2 1 2 2 3
2 3 2 2 2 2 3
2 2 2 3 2 2 3
2 2 2 2 2 2 3
2 3 2 3 2 2 3
2 2 2 1 2 2 3
2 3 2 3 2 2 3
1 2 2 3 2 2 3
2 3 2 3 2 2 3
1 2 2 3 2 2 3
2 3 2 3 2 2 3
2 2 2 3 2 2 3
2 3 2 3 2 2 3
1 3 2 3 2 2 3
2 3 2 3 2 2 3
2 3 2 2 2 2 3
2 3 2 2 2 2 3
2 3 2 3 2 2 3
2 3 2 1 2 2 3
2 2 2 1 2 2 3
2 3 2 3 2 2 3
1 2 2 3 2 2 3
2 2 2 3 2 2 3
2 2 2 3 2 2 3
1 3 2 3 2 2 3
2 3 2 2 2 2 2
2 3 2 3 2 2 3
2 3 2 3 2 2 3
2 2 2 2 2 2 2
2 3 2 1 2 2 3
1 3 2 1 2 2 2
2 2 1 3 2 2 2
2 3 2 1 2 2 3
1 3 2 3 2 2 3
2 2 2 3 2 2 3
2 3 1 1 2 2 3
2 3 1 3 2 2 3
2 3 2 3 2 2 3
2 3 2 3 2 2 3
2 2 2 3 2 2 3
2 3 2 1 2 2 3
2 3 2 3 2 2 3
2 3 2 1 2 2 3
2 2 2 3 2 2 3
2 3 2 3 2 2 2
2 3 2 3 2 2 3
2 2 2 2 2 2 3
1 2 2 3 2 2 3
2 3 2 3 2 2 3
1 3 2 3 2 2 3
1 3 2 3 2 2 3
2 2 2 3 2 2 2
1 3 2 3 2 2 3
2 2 2 3 2 2 2
1 3 2 1 2 2 3
2 3 2 3 2 2 3
1 3 2 3 2 2 2
2 2 2 3 2 2 2
2 3 2 3 2 2 3
2 2 2 3 2 2 3
2 3 2 1 2 2 3
2 3 2 1 2 2 3
1 3 2 3 2 2 3
2 3 2 3 2 2 3
2 2 2 1 2 2 3
1 3 2 3 2 2 3
2 3 2 2 2 2 3
2 3 2 1 2 2 3
1 3 2 3 2 2 3
2 3 1 3 2 2 3
1 3 2 1 2 2 3
2 3 2 3 2 2 3
2 3 2 3 2 2 3
1 2 2 3 2 2 3
2 3 2 1 2 2 3
1 3 2 2 2 2 2
2 3 2 3 2 2 2
2 3 2 3 2 2 3
2 3 2 1 2 2 2
2 3 1 1 2 2 3
2 3 2 3 2 2 2
2 3 2 3 2 2 3
1 2 2 3 2 2 3
2 3 2 3 2 2 3
2 3 2 3 2 2 2
2 3 2 2 2 2 3
1 3 1 2 2 2 3
2 2 2 3 2 2 3
2 3 2 2 2 2 3
2 2 2 2 2 2 3
1 3 2 3 2 2 3
2 2 2 3 2 2 3
2 3 2 2 2 2 3
1 3 2 1 2 2 3
1 3 2 3 2 2 3
2 3 2 2 2 2 3
2 3 1 1 2 2 3
1 2 2 3 2 2 3
1 2 2 3 2 2 3
2 3 2 3 2 2 2
2 3 2 3 2 2 3
2 2 2 3 2 2 3
2 3 2 3 2 2 3
1 3 2 3 2 2 3
1 2 2 3 2 2 3
2 2 2 3 2 2 2
2 3 2 3 2 2 3
2 3 2 3 2 2 3
2 3 2 1 2 2 3
2 3 2 3 2 2 3
2 3 2 3 2 2 3
2 3 2 3 2 2 2
2 3 2 3 2 2 2
2 3 2 3 2 2 3
2 2 2 3 2 2 3
2 2 2 3 2 2 2
1 2 2 3 2 2 3
1 2 2 2 2 2 3
2 3 1 1 2 2 3
2 3 2 1 2 2 3
1 2 2 3 2 2 2
2 3 1 3 2 2 3
2 3 2 1 2 2 3
2 2 2 1 2 2 3
2 3 2 1 2 2 3
2 3 2 3 2 2 3
1 3 2 3 2 2 3
1 3 2 3 2 2 3
2 3 2 3 2 2 2
2 2 2 2 2 2 3
2 3 2 3 2 2 3
2 2 2 3 2 2 3
2 3 2 3 2 2 3
2 3 2 3 2 2 3
2 3 2 3 2 2 3
2 3 2 1 2 2 2
2 3 2 3 2 2 3
2 3 2 3 2 2 3
2 2 2 1 2 2 3
2 2 2 2 2 2 2
1 3 2 3 2 2 3
2 3 2 2 2 2 2
2 3 2 3 2 2 3
2 2 2 3 2 2 3
1 3 2 3 2 2 3
2 2 2 3 2 2 3
2 3 2 3 2 2 3
1 3 2 3 2 2 3
1 3 2 3 2 2 3
2 3 2 3 2 2 2
2 3 2 3 2 2 3
2 2 1 3 2 2 2
2 3 1 3 2 2 3
2 3 2 3 2 2 3
1 2 2 2 2 2 3
2 3 2 3 2 2 3
2 3 2 3 2 2 3
1 3 2 3 2 2 2
2 3 2 1 2 2 3
2 3 2 1 2 2 3
1 2 2 1 2 2 3
2 3 2 3 2 2 3
1 3 2 3 2 2 3
2 3 2 3 2 2 3
2 3 1 3 2 2 2
2 3 2 3 2 2 3
2 2 2 3 2 2 3
2 3 2 1 2 2 3
2 2 2 3 2 2 3
2 3 2 3 2 2 2
2 3 2 3 2 2 3
2 3 2 3 2 2 3
2 3 2 2 2 2 3
2 3 2 3 2 2 3
2 3 2 3 2 2 3
2 3 2 3 2 2 3
2 3 2 3 2 2 3
1 3 2 2 2 2 3
2 3 2 3 2 2 3
1 2 2 2 2 2 3
2 2 2 3 2 2 2
2 2 2 3 2 2 2
2 3 2 3 2 2 3
2 3 2 3 2 2 3
2 3 2 3 2 2 3
1 3 2 3 2 2 3
2 3 2 1 2 2 3
2 3 2 3 2 2 2
2 3 2 2 2 2 3
1 3 2 1 2 2 3
2 3 2 2 2 2 3
1 2 2 2 2 2 2
1 2 2 1 2 2 3
1 3 2 3 2 2 3
2 3 2 3 2 2 3
2 3 2 3 2 2 2
2 3 2 3 2 2 3
2 3 2 3 2 2 3
2 3 2 2 2 2 3
2 3 2 2 2 2 3
1 3 1 3 2 2 3
2 3 2 1 2 2 3
1 3 2 2 2 2 3
1 3 2 2 2 2 3
2 2 2 1 2 2 3
2 3 2 1 2 2 3
2 2 2 3 2 2 3
1 3 2 3 2 2 3
2 3 2 3 2 2 3
1 2 2 2 2 2 3
2 2 2 3 2 2 3
2 3 2 3 2 2 3
2 2 2 3 2 2 3
2 2 2 3 2 2 3
2 2 2 3 2 2 3
2 3 2 1 2 2 3
2 3 2 3 2 2 2
2 3 2 1 2 2 2
2 3 2 3 2 2 3
1 3 2 1 2 2 3
1 2 2 1 2 2 3
2 3 2 3 2 2 3
2 3 2 3 2 2 3
1 3 2 2 2 2 3
2 2 2 3 2 2 3
2 2 2 2 2 2 3
1 3 2 2 2 2 3
2 2 2 1 2 2 3
2 3 2 3 2 2 3
2 2 2 1 2 2 3
2 3 2 3 2 2 3
2 2 1 1 2 2 3
2 3 2 1 2 2 3
2 3 2 1 2 2 3
2 3 2 3 2 2 3
2 2 2 3 2 2 3
2 3 2 1 2 2 3
1 3 2 1 2 2 3
2 3 2 1 2 2 3
2 3 2 2 2 2 3
2 2 2 2 2 2 3
2 3 2 3 2 2 3
1 3 2 2 2 2 2
2 3 2 3 2 2 3
1 2 2 3 2 2 3
2 3 2 1 2 2 2
2 3 2 2 2 2 3
2 3 2 3 2 2 3
1 3 2 2 2 2 2
2 3 2 3 2 2 3
2 3 2 3 2 2 2
2 3 2 1 2 2 2
2 2 2 3 2 2 3
2 3 2 3 2 2 3
2 3 2 3 2 2 3
1 2 2 1 2 2 3
2 2 2 1 2 2 3
1 3 2 3 2 2 3
2 2 2 3 2 2 3
2 3 2 1 2 2 3
2 2 2 2 2 2 2
2 3 2 3 2 2 3
2 3 2 3 2 2 3
2 3 2 3 2 2 3
2 3 2 3 2 2 3
1 3 2 3 2 2 3
1 3 2 3 2 2 3
2 3 2 2 2 2 2
2 3 2 3 2 2 3
2 3 1 3 2 2 3
1 2 1 3 2 2 3
2 3 2 3 2 2 3
2 3 2 3 2 2 3
1 3 2 3 2 2 2
2 3 2 2 2 2 3
1 3 2 2 2 2 3
1 2 2 1 2 2 2
2 3 2 3 2 2 2
2 3 2 3 2 2 3
2 3 2 1 2 2 3
2 3 2 3 2 2 3
2 3 2 3 2 2 3
1 3 2 1 2 2 3
2 3 2 3 2 2 3
2 2 2 3 2 2 2
1 2 2 3 2 2 2
2 2 2 3 2 2 2
2 2 2 2 2 2 3
2 3 2 3 2 2 3
2 2 2 3 2 2 3
2 2 2 3 2 2 3
2 3 2 3 2 2 3
1 3 2 3 2 2 3
2 3 2 1 2 2 2
2 2 2 3 2 2 3
2 3 2 3 2 2 3
2 3 2 3 2 2 2
1 3 2 3 2 2 3
2 3 2 3 2 2 3
2 3 2 3 2 2 3
1 3 2 3 2 2 2
2 3 2 1 2 2 3
2 3 2 3 2 2 3
1 3 2 2 2 2 3
1 3 2 3 2 2 2
2 3 2 3 2 2 3
2 2 2 1 2 2 2
2 3 2 3 2 2 2
2 3 2 1 2 2 2
1 3 2 3 2 2 3
2 2 2 1 2 2 3
2 2 2 3 2 2 2
2 3 2 3 2 2 3
2 3 2 3 2 2 2
2 3 2 3 2 2 3
1 3 2 1 2 2 3
2 2 2 3 2 2 3
2 3 2 3 2 2 3
2 3 2 3 2 2 3
2 3 2 3 2 2 3
2 2 2 3 2 2 3
2 3 2 2 2 2 2
2 2 2 3 2 2 2
2 2 2 1 2 2 3
2 3 2 2 2 2 2
2 3 2 3 2 2 3
2 3 2 3 2 2 3
1 2 2 3 2 2 3
2 3 2 2 2 2 2
2 2 2 2 2 2 2
2 3 2 2 2 2 3
2 3 2 3 2 2 3
2 3 2 3 2 2 3
2 2 2 3 2 2 3
2 3 2 2 2 2 3
1 3 2 3 2 2 3
1 2 2 3 2 2 2
1 3 2 3 2 2 3
2 3 2 3 2 2 3
2 3 2 2 2 2 3
2 3 2 3 2 2 3
2 3 2 3 2 2 2
2 3 1 3 2 2 3
2 3 2 3 2 2 3
2 2 2 3 2 2 3
2 2 2 3 2 2 2
1 3 2 2 2 2 3
1 3 2 1 2 2 3
2 3 2 3 2 2 3
2 2 2 3 2 2 3
1 3 1 3 2 2 2
2 3 2 1 2 2 3
2 3 2 3 2 2 3
2 3 2 3 2 2 3
2 3 2 2 2 2 3
1 2 2 2 2 2 3
1 3 2 2 2 2 3
2 3 2 2 2 2 3
2 3 2 1 2 2 3
2 3 1 3 2 2 3
2 3 2 3 2 2 3
2 3 2 2 2 2 2
1 3 2 3 2 2 3
2 3 2 2 2 2 2
2 3 2 2 2 2 3
2 3 2 2 2 2 3
1 3 2 3 2 2 3
2 2 2 3 2 2 3
2 2 2 3 2 2 3
2 3 2 3 2 2 3
2 3 2 3 2 2 3
2 3 2 3 2 2 3
2 3 2 1 2 2 3
2 3 1 3 2 2 2
1 3 2 3 2 2 2
1 2 2 3 2 2 3
2 3 2 3 2 2 3
2 3 2 3 2 2 3
2 3 2 3 2 2 3
2 3 2 3 2 2 3
1 3 2 3 2 2 3
2 3 2 3 2 2 2
1 3 2 3 2 2 3
2 3 2 2 2 2 3
2 3 2 3 2 2 3
1 3 2 3 2 2 3
1 3 1 3 2 2 3
2 3 2 1 2 2 3
2 2 2 3 2 2 3
2 2 2 3 2 2 3
1 3 2 3 2 2 3
2 3 2 2 2 2 3
2 3 2 3 2 2 3
1 3 2 3 2 2 3
2 3 2 3 2 2 3
2 3 2 2 2 2 3
2 3 2 3 2 2 3
2 3 2 2 2 2 3
2 2 2 3 2 2 3
2 2 2 3 2 2 3
2 3 2 1 2 2 2
2 2 2 3 2 2 3
2 2 2 3 2 2 2
2 3 2 1 2 2 3
2 3 2 1 2 2 3
2 3 2 3 2 2 3
1 3 2 3 2 2 3
2 3 2 3 2 2 3
1 2 2 3 2 2 2
2 3 2 3 2 2 2
2 2 2 3 2 2 3
1 3 2 3 2 2 3
2 3 2 1 2 2 3
2 2 2 1 2 2 3
2 2 2 3 2 2 3
2 2 2 3 2 2 3
2 3 2 3 2 2 3
1 3 2 3 2 2 2
2 3 2 3 2 2 3
2 2 2 2 2 2 3
2 2 2 3 2 2 3
2 3 2 3 2 2 2
2 3 2 3 2 2 3
1 3 2 1 2 2 3
2 2 2 2 2 2 3
2 2 2 2 2 2 2
2 3 2 3 2 2 3
2 3 2 3 2 2 3
2 3 2 2 2 2 3
2 2 2 1 2 2 3
2 3 2 3 2 2 3
2 2 2 1 2 2 3
2 3 1 1 2 2 2
2 3 2 3 2 2 3
2 3 2 2 2 2 3
2 3 2 3 2 2 3
2 3 2 3 2 2 2
2 3 2 3 2 2 3
2 2 2 3 2 2 3
2 2 2 3 2 2 2
2 3 2 3 2 2 2
1 2 2 3 2 2 3
1 2 2 2 2 2 3
2 3 1 3 2 2 2
2 3 2 2 2 2 3
1 3 2 2 2 2 3
2 3 2 3 2 2 2
1 3 2 2 2 2 3
2 3 2 1 2 2 3
1 2 2 2 2 2 2
1 2 2 3 2 2 3
2 3 2 1 2 2 3
2 3 2 3 2 2 3
2 2 2 1 2 2 2
1 2 2 3 2 2 3
2 3 2 2 2 2 3
2 2 2 3 2 2 3
2 3 2 1 2 2 3
2 2 2 3 2 2 3
2 3 2 2 2 2 3
2 3 2 3 2 2 3
2 3 1 3 2 2 3
2 3 2 3 2 2 3
2 3 2 3 2 2 3
2 3 2 3 2 2 3
2 2 2 3 2 2 3
2 3 2 3 2 2 3
2 2 2 3 2 2 3
2 2 2 3 2 2 2
2 3 2 1 2 2 3
2 3 2 3 2 2 3
2 3 2 3 2 2 3
2 3 2 3 2 2 3
2 3 2 3 2 2 3
2 2 2 3 2 2 3
2 2 2 3 2 2 3
2 3 2 3 2 2 3
2 2 2 3 2 2 3
2 3 2 3 2 2 2
1 2 2 3 2 2 2
2 3 1 3 2 2 3
2 3 2 3 2 2 3
2 2 2 3 2 2 3
2 3 2 2 2 2 3
2 3 2 2 2 2 3
2 3 2 3 2 2 3
2 3 2 3 2 2 2
1 3 2 3 2 2 3
2 2 2 2 2 2 3
2 3 2 2 2 2 3
2 3 2 2 2 2 3
2 3 2 3 2 2 3
2 2 2 3 2 2 3
2 2 2 2 2 2 3
2 3 2 3 2 2 2
2 3 2 3 2 2 3
1 3 2 2 2 2 2
2 3 2 3 2 2 3
2 2 2 3 2 2 3
2 3 2 1 2 2 3
2 3 2 1 2 2 3
2 2 2 3 2 2 3
2 3 2 3 2 2 3
2 3 2 1 2 2 3
2 3 2 3 2 2 3
2 3 2 3 2 2 3
2 2 2 3 2 2 3
1 3 2 3 2 2 3
2 2 1 2 2 2 3
1 3 2 3 2 2 2
1 3 2 3 2 2 3
2 2 2 3 2 2 2
2 2 2 2 2 2 3
2 2 2 3 2 2 3
2 3 2 3 2 2 3
1 3 2 1 2 2 3
2 2 2 2 2 2 3
1 2 2 2 2 2 3
2 3 2 2 2 2 3
2 3 2 1 2 2 3
2 2 2 1 2 2 3
2 3 2 3 2 2 3
2 2 2 1 2 2 3
2 3 2 1 2 2 3
2 2 2 3 2 2 3
2 3 2 2 2 2 3
2 3 2 1 2 2 2
2 3 2 3 2 2 3
2 2 2 1 2 2 2
2 3 2 3 2 2 3
2 3 2 1 2 2 2
2 2 2 3 2 2 3
2 3 2 3 2 2 3
2 2 2 1 2 2 3
1 2 2 2 2 2 3
2 3 2 2 2 2 3
2 3 2 2 2 2 3
2 2 2 3 2 2 3
1 3 2 3 2 2 3
2 2 2 3 2 2 3
2 2 2 3 2 2 2
2 2 2 3 2 2 3
2 3 1 3 2 2 3
2 3 2 1 2 2 3
1 3 1 3 2 2 3
2 3 2 3 2 2 2
2 3 2 1 2 2 3
2 2 2 3 2 2 3
2 2 2 3 2 2 3
2 3 2 3 2 2 3
1 2 2 1 2 2 3
1 2 2 1 2 2 3
2 3 2 2 2 2 3
2 2 2 1 2 2 2
2 3 1 3 2 2 3
2 2 2 3 2 2 3
2 2 2 3 2 2 3
2 3 2 3 2 2 3
2 2 2 3 2 2 3
2 3 2 3 2 2 3
2 3 2 3 2 2 3
1 3 2 3 2 2 3
2 2 2 1 2 2 3
1 3 2 2 2 2 3
1 3 2 3 2 2 3
2 2 1 3 2 2 2
2 1 2 3 2 2 3
1 3 2 3 2 2 3
2 3 2 3 2 2 2
2 3 2 3 2 2 3
2 3 2 1 2 2 3
2 2 2 1 2 2 3
1 3 1 2 2 2 2
1 3 2 3 2 2 3
2 3 2 2 2 2 3
2 3 2 3 2 2 2
1 3 2 2 2 2 2
2 2 2 3 2 2 3
2 3 2 3 2 2 3
2 2 2 3 2 2 2
2 3 2 1 2 2 3
2 2 2 3 2 2 2
2 3 2 3 2 2 3
2 3 2 3 2 2 3
2 3 2 1 2 2 3
2 2 2 3 2 2 2
2 3 2 3 2 2 3
1 3 2 3 2 2 3
1 3 2 1 2 2 2
1 3 2 2 2 2 2
2 3 2 2 2 2 3
2 3 2 3 2 2 3
2 3 2 3 2 2 3
2 2 2 3 2 2 3
1 2 2 3 2 2 3
1 3 2 1 2 2 2
1 2 2 3 2 2 3
2 3 2 1 2 2 2
2 2 2 3 2 2 2
1 2 2 3 2 2 3
2 2 2 1 2 2 3
2 3 2 3 2 2 3
1 2 2 3 2 2 3
2 2 2 2 2 2 3
2 3 2 3 2 2 3
2 3 2 3 2 2 3
2 3 2 3 2 2 3
2 2 2 3 2 2 3
2 2 2 3 2 2 3
2 2 2 3 2 2 3
1 2 2 3 2 2 3
2 3 2 3 2 2 3
1 3 2 2 2 2 3
2 3 2 3 2 2 3
1 3 2 3 2 2 3
2 3 2 3 2 2 3
2 3 2 1 2 2 3
2 2 2 3 2 2 3
2 3 2 2 2 2 3
1 2 2 3 2 2 3
2 3 2 3 2 2 2
2 2 2 1 2 2 3
2 2 2 1 2 2 3
2 3 2 3 2 2 2
2 2 1 3 2 2 3
2 3 1 3 2 2 3
2 3 2 3 2 2 3
2 3 2 1 2 2 3
2 3 2 3 2 2 2
1 3 2 3 2 2 2
2 2 2 3 2 2 3
2 2 2 3 2 2 2
1 3 2 3 2 2 2
1 3 2 3 2 2 2
2 3 2 3 2 2 3
1 2 2 3 2 2 3
2 3 2 2 2 2 3
2 2 2 3 2 2 3
2 3 2 3 2 2 3
1 3 2 3 2 2 2
2 3 2 3 2 2 3
2 3 2 1 2 2 3
1 2 2 3 2 2 3
1 3 2 3 2 2 3
2 2 2 1 2 2 2
2 3 2 2 2 2 3
1 3 2 2 2 2 3
2 3 2 2 2 2 2
1 2 1 3 2 2 2
2 3 2 3 2 2 3
1 2 2 1 2 2 3
2 3 2 3 2 2 3
2 2 2 1 2 2 3
1 3 2 1 2 2 3
2 3 2 3 2 2 2
1 3 2 3 2 2 3
1 3 2 3 2 2 3
2 2 2 3 2 2 2
2 3 2 3 2 2 3
2 2 2 1 2 2 3
1 3 2 3 2 2 3
2 3 2 2 2 2 3
2 3 2 1 2 2 2
2 3 2 1 2 2 3
1 3 2 3 2 2 3
1 3 2 1 2 2 3
2 2 2 2 2 2 2
2 2 2 3 2 2 2
2 3 2 2 2 2 2
2 3 2 2 2 2 3
1 2 2 3 2 2 2
2 3 2 3 2 2 3
2 3 2 3 2 2 3
2 3 2 1 2 2 3
1 3 2 2 2 2 2
2 2 1 1 2 2 3
2 2 2 3 2 2 3
2 2 2 3 2 2 3
2 2 2 3 2 2 2
2 2 2 1 2 2 2
2 2 2 3 2 2 3
1 2 2 3 2 2 2
1 2 2 1 2 2 3
2 3 2 3 2 2 3
2 2 2 3 2 2 2
2 3 2 3 2 2 3
2 3 2 2 2 2 3
2 3 2 3 2 2 2
2 3 2 3 2 2 3
2 3 2 1 2 2 2
2 3 2 2 2 2 3
2 3 2 2 2 2 2
2 3 2 2 2 2 3
1 3 2 2 2 2 3
2 2 2 3 2 2 3
2 3 2 2 2 2 3
2 2 2 2 2 2 2
1 3 2 1 2 2 3
1 2 2 3 2 2 3
2 3 2 2 2 2 3
2 2 2 3 2 2 3
1 2 2 1 2 2 2
2 3 2 3 2 2 3
2 3 2 1 2 2 2
1 3 2 3 2 2 3
2 3 2 1 2 2 2
2 3 2 3 2 2 3
2 3 2 3 2 2 2
2 3 2 2 2 2 3
2 3 2 3 2 2 3
2 2 2 3 2 2 3
2 3 2 3 2 2 3
2 3 2 3 2 2 3
2 3 2 3 2 2 3
2 3 2 2 2 2 2
2 3 2 3 2 2 3
2 3 2 3 2 2 3
2 3 2 3 2 2 3
2 3 2 3 2 2 3
1 2 1 3 2 2 3
2 3 2 3 2 2 3
2 2 2 1 2 2 3
2 3 2 2 2 2 3
2 2 2 3 2 2 3
2 3 2 3 2 2 2
2 2 2 3 2 2 3
2 3 2 1 2 2 3
1 2 2 2 2 2 3
1 3 2 1 2 2 3
1 2 2 3 2 2 3
2 3 2 3 2 2 3
1 3 2 3 2 2 3
2 3 2 3 2 2 3
2 3 2 2 2 2 3
1 3 2 3 2 2 3
2 3 2 2 2 2 2
1 2 2 1 2 2 3
2 3 2 2 2 2 3
2 2 2 3 2 2 3
1 2 2 3 2 2 3
2 3 2 1 2 2 3
2 3 2 1 2 2 3
2 3 2 2 2 2 3
2 2 1 3 2 2 3
2 2 2 3 2 2 3
2 3 2 1 2 2 3
2 3 2 1 2 2 3
2 3 2 3 2 2 3
2 3 2 1 2 2 3
2 2 2 3 2 2 3
2 3 2 1 2 2 2
2 3 2 3 2 2 3
2 2 2 2 2 2 3
1 3 1 1 2 2 2
2 3 2 1 2 2 3
2 3 2 1 2 2 3
1 2 2 3 2 2 3
1 3 2 1 2 2 3
1 3 2 2 2 2 3
1 3 2 3 2 2 3
1 2 2 3 2 2 3
2 3 2 3 2 2 3
1 3 2 1 2 2 3
1 3 2 3 2 2 3
1 2 2 1 2 2 3
2 2 2 1 2 2 3
2 3 2 2 2 2 3
2 3 2 1 2 2 3
2 1 2 3 2 2 3
1 3 2 2 2 2 3
1 3 2 3 2 2 3
2 3 2 3 2 2 3
2 2 2 1 2 2 3
2 2 2 3 2 2 3
1 2 2 3 2 2 3
2 2 2 3 2 2 3
2 3 1 3 2 2 3
2 3 2 3 2 2 2
2 3 2 1 2 2 3
2 3 2 2 2 2 3
2 3 1 3 2 2 3
2 3 2 3 2 2 3
2 3 2 3 2 2 3
2 2 2 3 2 2 3
1 2 2 1 2 2 3
2 3 2 3 2 2 3
2 2 2 1 2 2 3
2 2 2 3 2 2 3
2 2 2 1 2 2 3
2 3 1 2 2 2 2
2 2 2 1 2 2 3
2 3 2 3 2 2 3
2 3 2 3 2 2 3
2 3 2 2 2 2 3
2 3 2 1 2 2 3
2 3 2 3 2 2 3
1 3 2 2 2 2 3
2 3 1 3 2 2 3
2 2 2 3 2 2 3
2 2 2 1 2 2 3
2 3 2 2 2 2 3
1 3 2 1 2 2 3
2 3 2 3 2 2 3
2 3 1 3 2 2 2
2 2 2 3 2 2 3
2 2 2 1 2 2 3
2 3 2 3 2 2 3
2 3 2 2 2 2 3
2 3 2 3 2 2 3
1 3 2 3 2 2 3
1 3 2 3 2 2 3
2 2 2 3 2 2 3
2 3 2 3 2 2 3
1 3 2 1 2 2 3
2 2 2 3 2 2 3
2 3 2 3 2 2 2
1 3 2 1 2 2 2
2 3 2 3 2 2 2
2 2 1 3 2 2 3
2 2 2 3 2 2 3
2 2 1 3 2 2 2
2 2 2 3 2 2 3
2 2 2 3 2 2 3
2 3 1 3 2 2 3
1 3 2 3 2 2 3
2 3 2 3 2 2 3
2 3 2 3 2 2 3
2 2 2 2 2 2 3
2 2 2 3 2 2 3
2 2 2 3 2 2 2
2 2 2 3 2 2 3
2 3 2 2 2 2 2
2 3 2 3 2 2 3
2 3 2 1 2 2 3
1 3 2 3 2 2 3
1 3 2 2 2 2 3
2 3 2 2 2 2 3
2 3 2 2 2 2 3
2 3 2 1 2 2 2
2 2 2 3 2 2 3
1 3 2 1 2 2 3
2 3 2 3 2 2 3
2 3 2 3 2 2 3
2 3 2 3 2 2 2
2 3 2 3 2 2 3
2 2 2 3 2 2 3
1 1 2 3 2 2 3
1 3 2 1 2 2 2
2 3 2 3 2 2 2
2 3 2 3 2 2 3
1 2 2 3 2 2 3
2 3 2 3 2 2 2
2 3 2 3 2 2 3
2 2 2 2 2 2 3
2 3 2 2 2 2 3
1 3 2 3 2 2 3
2 3 2 3 2 2 3
2 3 2 2 2 2 3
2 3 1 1 2 2 3
2 3 2 1 2 2 2
2 2 2 1 2 2 3
2 3 2 3 2 2 2
2 3 2 3 2 2 3
1 3 2 3 2 2 3
2 2 2 3 2 2 3
2 2 2 2 2 2 3
2 3 2 1 2 2 2
2 2 2 3 2 2 3
2 3 2 3 2 2 3
2 3 2 3 2 2 3
1 2 2 1 2 2 3
2 3 2 3 2 2 3
2 2 2 3 2 2 3
2 2 2 3 2 2 3
2 2 2 1 2 2 3
2 2 2 3 2 2 3
2 3 2 1 2 2 3
2 3 2 3 2 2 3
2 3 2 3 2 2 2
2 3 1 3 2 2 3
2 3 1 1 2 2 3
2 3 1 2 2 2 3
1 2 2 3 2 2 3
2 2 2 3 2 2 2
1 3 1 2 2 2 2
2 3 2 3 2 2 3
2 3 2 3 2 2 2
1 3 2 3 2 2 2
2 3 2 3 2 2 3
2 2 2 3 2 2 3
2 3 2 2 2 2 2
2 2 2 3 2 2 3
2 3 2 1 2 2 2
2 2 2 3 2 2 3
2 3 2 1 2 2 3
2 2 1 1 2 2 2
2 2 2 2 2 2 3
1 3 2 1 2 2 2
1 2 2 1 2 2 3
1 2 2 1 2 2 3
2 2 2 3 2 2 3
2 3 2 3 2 2 3
1 2 2 3 2 2 2
1 3 2 3 2 2 3
2 3 2 3 2 2 3
1 3 2 2 2 2 3
2 3 2 3 2 2 3
1 2 2 1 2 2 2
1 3 2 2 2 2 3
1 3 2 3 2 2 3
2 2 2 3 2 2 3
2 3 2 1 2 2 2
2 2 2 3 2 2 3
1 3 2 3 2 2 3
2 3 2 3 2 2 3
2 2 2 1 2 2 3
2 3 2 1 2 2 3
1 2 2 2 2 2 3
2 3 2 1 2 2 3
2 3 2 3 2 2 3
2 2 2 3 2 2 3
1 3 2 1 2 2 3
2 2 2 3 2 2 3
2 3 2 1 2 2 3
2 3 2 3 2 2 2
2 3 2 1 2 2 2
1 3 1 2 2 2 3
2 2 2 3 2 2 3
2 2 2 3 2 2 3
1 3 2 1 2 2 3
2 3 2 3 2 2 3
2 3 2 1 2 2 3
2 2 1 3 2 2 2
2 3 1 3 2 2 3
1 3 2 3 2 2 3
2 2 2 3 2 2 3
2 3 2 2 2 2 3
2 3 2 2 2 2 3
2 2 2 1 2 2 2
1 2 2 3 2 2 3
1 3 2 3 2 2 3
2 3 2 2 2 2 2
1 3 2 3 2 2 2
2 3 2 3 2 2 3
2 2 2 3 2 2 3
2 3 2 3 2 2 3
2 3 2 2 2 2 3
1 3 2 3 2 2 3
2 2 2 3 2 2 3
1 3 2 3 2 2 2
2 3 2 3 2 2 3
2 3 2 3 2 2 3
2 3 2 2 2 2 3
2 3 2 3 2 2 3
2 3 2 3 2 2 3
2 2 2 3 2 2 2
1 2 2 3 2 2 3
2 2 2 3 2 2 3
2 2 2 3 2 2 3
2 3 2 2 2 2 3
2 2 2 1 2 2 3
1 3 2 2 2 2 3
2 3 1 3 2 2 3
2 3 2 3 2 2 3
2 2 2 1 2 2 3
2 3 2 3 2 2 3
2 3 2 3 2 2 3
2 2 2 3 2 2 3
1 2 2 3 2 2 3
1 3 2 3 2 2 3
2 3 2 1 2 2 3
2 2 2 3 2 2 3
2 3 2 2 2 2 3
2 3 2 3 2 2 3
2 3 2 1 2 2 2
2 2 2 3 2 2 3
2 2 2 3 2 2 3
2 2 2 3 2 2 3
2 3 2 3 2 2 3
1 3 2 1 2 2 3
2 3 2 2 2 2 3
2 3 2 2 2 2 3
2 3 1 2 2 2 3
2 3 2 2 2 2 3
2 3 2 3 2 2 3
2 3 2 3 2 2 3
2 3 2 1 2 2 3
2 3 2 3 2 2 3
2 3 2 3 2 2 3
2 2 2 1 2 2 3
1 3 2 1 2 2 3
2 3 2 3 2 2 3
1 2 2 2 2 2 3
2 2 2 3 2 2 2
2 2 2 2 2 2 3
2 2 2 3 2 2 3
1 2 2 3 2 2 3
1 3 2 3 2 2 3
2 3 2 3 2 2 3
1 3 2 3 2 2 3
2 3 2 3 2 2 3
2 2 2 1 2 2 2
2 2 2 3 2 2 3
2 3 2 3 2 2 2
2 3 2 3 2 2 3
2 3 2 3 2 2 3
2 3 2 2 2 2 3
1 3 2 1 2 2 2
2 3 2 3 2 2 3
2 3 2 3 2 2 3
2 3 2 2 2 2 3
2 2 2 3 2 2 3
2 3 1 3 2 2 3
2 2 2 3 2 2 3
2 3 2 3 2 2 3
2 2 2 3 2 2 3
2 3 2 1 2 2 2
2 3 2 3 2 2 3
2 3 2 1 2 2 3
1 3 2 2 2 2 3
2 2 2 2 2 2 2
1 2 2 1 2 2 3
2 3 2 3 2 2 2
1 2 2 2 2 2 2
1 3 2 3 2 2 3
2 3 1 1 2 2 3
2 3 2 1 2 2 3
2 3 2 2 2 2 2
1 3 2 1 2 2 2
2 3 2 2 2 2 2
2 3 2 2 2 2 3
1 2 2 2 2 2 3
2 3 2 2 2 2 3
2 1 2 3 2 2 2
1 2 2 3 2 2 3
1 2 2 3 2 2 3
2 3 2 3 2 2 2
2 3 2 3 2 2 2
2 3 2 3 2 2 3
2 3 2 3 2 2 3
2 3 2 3 2 2 2
2 3 2 3 2 2 3
1 3 2 3 2 2 3
2 3 2 2 2 2 3
1 3 2 3 2 2 3
2 3 2 3 2 2 3
2 3 2 1 2 2 3
1 2 2 3 2 2 3
2 3 2 1 2 2 2
2 2 1 2 2 2 3
2 3 2 3 2 2 3
2 3 2 1 2 2 2
1 2 2 3 2 2 3
2 3 2 1 2 2 3
2 2 2 3 2 2 3
2 3 2 3 2 2 3
2 3 2 2 2 2 3
2 2 2 3 2 2 3
2 3 2 1 2 2 3
2 3 2 1 2 2 3
2 3 2 1 2 2 3
2 3 2 2 2 2 3
2 3 2 3 2 2 3
2 3 1 2 2 2 3
2 3 2 3 2 2 3
2 3 2 3 2 2 3
2 3 2 3 2 2 3
2 3 2 2 2 2 3
1 3 1 2 2 2 2
2 3 2 3 2 2 3
2 2 2 3 2 2 2
1 3 2 3 2 2 2
2 2 2 3 2 2 3
2 3 2 1 2 2 3
2 3 2 1 2 2 3
2 3 2 3 2 2 2
2 3 2 1 2 2 2
1 3 2 3 2 2 3
2 2 2 2 2 2 3
2 2 2 3 2 2 3
1 3 2 3 2 2 3
2 3 2 3 2 2 3
2 3 2 3 2 2 3
2 3 2 1 2 2 2
2 3 2 1 2 2 3
1 2 2 3 2 2 3
2 3 2 3 2 2 3
2 3 2 3 2 2 3
2 3 2 1 2 2 3
2 3 2 1 2 2 3
2 2 2 3 2 2 3
2 2 2 3 2 2 3
2 3 2 2 2 2 3
1 2 2 3 2 2 2
1 2 2 1 2 2 3
2 2 2 1 2 2 3
2 3 2 3 2 2 3
2 2 2 3 2 2 3
2 2 2 3 2 2 3
2 2 2 3 2 2 2
2 3 2 3 2 2 2
2 3 2 3 2 2 3
1 3 2 1 2 2 3
1 2 2 3 2 2 3
2 3 2 1 2 2 3
1 3 2 3 2 2 3
2 3 2 1 2 2 3
2 3 2 2 2 2 2
2 2 1 1 2 2 3
2 3 2 3 2 2 3
2 2 2 1 2 2 2
1 2 2 3 2 2 3
2 2 2 1 2 2 2
2 3 2 3 2 2 3
2 3 2 3 2 2 3
2 3 1 3 2 2 2
2 2 2 2 2 2 2
2 3 2 3 2 2 2
2 3 1 3 2 2 2
1 3 2 3 2 2 2
2 3 2 3 2 2 2
1 2 2 3 2 2 3
2 2 2 3 2 2 3
2 2 2 1 2 2 3
2 2 2 1 2 2 3
2 3 2 1 2 2 2
2 3 2 3 2 2 3
2 3 2 2 2 2 3
2 2 2 3 2 2 3
2 3 2 1 2 2 3
2 2 2 3 2 2 3
2 2 2 3 2 2 3
2 3 2 3 2 2 3
2 3 2 3 2 2 2
2 3 2 3 2 2 2
2 2 1 1 2 2 2
2 3 2 1 2 2 3
1 3 2 1 2 2 3
2 3 2 3 2 2 3
2 2 2 2 2 2 3
1 3 2 3 2 2 3
2 2 2 3 2 2 3
2 3 2 1 2 2 3
2 3 2 3 2 2 2
2 3 2 3 2 2 3
2 3 2 1 2 2 3
2 2 2 2 2 2 3
1 3 2 3 2 2 2
1 3 2 1 2 2 3
2 3 2 2 2 2 3
1 2 2 3 2 2 3
2 3 2 1 2 2 3
1 3 2 3 2 2 3
2 3 2 3 2 2 3
2 2 2 3 2 2 3
1 2 2 3 2 2 3
2 2 2 1 2 2 3
2 3 2 2 2 2 3
2 3 2 2 2 2 3
2 2 2 3 2 2 3
2 3 2 3 2 2 3
2 2 2 3 2 2 3
2 3 2 3 2 2 3
2 3 2 3 2 2 2
1 3 2 3 2 2 3
2 3 2 1 2 2 3
2 3 2 1 2 2 3
2 2 2 2 2 2 3
2 3 2 3 2 2 3
2 3 2 2 2 2 2
2 3 2 2 2 2 3
2 3 2 1 2 2 3
2 3 2 2 2 2 2
2 2 2 3 2 2 2
1 2 2 1 2 2 3
2 2 2 1 2 2 3
2 3 2 2 2 2 2
2 3 2 3 2 2 3
2 2 2 3 2 2 3
2 3 2 3 2 2 3
1 2 2 3 2 2 3
2 3 2 3 2 2 3
2 3 2 1 2 2 3
2 3 2 3 2 2 3
2 3 1 1 2 2 2
2 3 2 1 2 2 3
2 3 2 2 2 2 3
2 1 2 1 2 2 3
2 3 2 3 2 2 3
2 3 2 3 2 2 2
2 3 1 3 2 2 2
1 3 2 1 2 2 3
2 3 2 3 2 2 3
1 3 2 2 2 2 3
2 3 2 1 2 2 3
2 3 2 3 2 2 2
1 3 2 3 2 2 3
1 3 2 1 2 2 3
2 2 2 2 2 2 3
2 3 1 1 2 2 3
2 2 2 1 2 2 3
1 3 2 3 2 2 2
1 3 2 3 2 2 3
2 3 2 3 2 2 3
1 3 2 2 2 2 3
2 3 2 3 2 2 2
1 2 2 3 2 2 3
1 2 2 1 2 2 2
2 3 2 2 2 2 3
2 2 2 1 2 2 3
2 2 2 2 2 2 3
2 2 2 3 2 2 3
2 3 2 3 2 2 2
2 3 2 3 2 2 3
2 3 2 2 2 2 2
2 2 2 3 2 2 3
1 3 2 3 2 2 3
1 3 2 3 2 2 3
2 3 2 3 2 2 3
2 3 2 1 2 2 3
1 2 2 3 2 2 3
2 3 2 3 2 2 3
2 3 2 1 2 2 3
2 3 2 2 2 2 3
2 3 2 3 2 2 2
2 2 2 1 2 2 3
2 3 2 3 2 2 3
1 3 2 3 2 2 3
2 3 2 1 2 2 3
2 3 2 3 2 2 3
2 2 2 3 2 2 2
1 3 2 3 2 2 3
1 3 2 3 2 2 3
2 3 2 3 2 2 3
2 3 2 2 2 2 2
2 2 2 1 2 2 3
2 2 2 1 2 2 2
2 2 2 3 2 2 3
2 3 2 1 2 2 3
2 3 2 2 2 2 2
2 3 2 2 2 2 3
2 2 2 3 2 2 3
2 3 2 1 2 2 3
2 3 2 2 2 2 3
1 3 2 3 2 2 2
2 3 2 1 2 2 3
2 3 2 3 2 2 3
2 2 2 2 2 2 3
2 3 2 2 2 2 3
2 2 2 1 2 2 3
2 2 2 3 2 2 3
2 2 2 3 2 2 2
2 3 2 1 2 2 3
2 2 2 3 2 2 3
1 3 2 3 2 2 3
1 3 1 1 2 2 3
2 3 2 3 2 2 3
2 3 2 3 2 2 3
2 3 2 3 2 2 2
1 3 2 3 2 2 3
1 3 2 1 2 2 3
2 2 2 1 2 2 3
2 3 2 3 2 2 3
2 3 2 3 2 2 3
2 2 2 3 2 2 3
1 3 2 3 2 2 3
2 3 2 1 2 2 3
2 3 2 3 2 2 3
2 3 2 3 2 2 3
2 3 2 1 2 2 3
1 3 2 3 2 2 3
2 3 2 3 2 2 3
2 2 2 1 2 2 3
2 2 2 2 2 2 3
2 2 2 1 2 2 3
1 3 2 3 2 2 2
2 2 2 3 2 2 3
1 2 1 1 2 2 3
2 2 2 3 2 2 3
2 3 2 1 2 2 2
2 3 2 1 2 2 2
2 2 2 1 2 2 3
2 2 2 3 2 2 3
2 3 2 3 2 2 3
2 3 2 3 2 2 3
1 2 2 3 2 2 2
1 2 2 3 2 2 2
2 3 2 2 2 2 2
1 3 2 1 2 2 3
2 3 2 3 2 2 3
2 3 2 1 2 2 3
2 3 2 3 2 2 3
2 3 2 3 2 2 3
2 3 2 3 2 2 3
2 2 2 2 2 2 3
1 3 2 3 2 2 3
1 3 2 2 2 2 3
2 2 1 2 2 2 3
2 2 2 3 2 2 3
2 3 2 2 2 2 2
2 2 2 3 2 2 3
2 3 2 3 2 2 3
1 3 2 2 2 2 3
2 2 2 2 2 2 3
2 3 2 3 2 2 3
2 2 2 3 2 2 3
2 2 2 1 2 2 3
2 3 2 3 2 2 3
1 2 2 3 2 2 3
2 2 2 3 2 2 3
2 3 2 1 2 2 3
1 3 2 3 2 2 3
2 3 2 3 2 2 2
2 3 1 1 2 2 2
2 3 2 3 2 2 3
2 3 2 3 2 2 2
2 3 2 1 2 2 3
1 3 2 3 2 2 3
2 2 2 1 2 2 2
2 3 2 3 2 2 2
1 2 2 2 2 2 2
2 3 2 3 2 2 3
2 3 2 1 2 2 2
2 3 2 3 2 2 3
1 3 2 2 2 2 3
2 2 2 3 2 2 3
1 3 2 3 2 2 3
1 3 2 1 2 2 3
2 2 2 3 2 2 3
2 3 2 2 2 2 2
2 3 2 3 2 2 3
2 3 2 1 2 2 3
2 3 2 3 2 2 2
1 2 2 3 2 2 3
2 2 2 3 2 2 2
2 3 2 3 2 2 3
1 3 1 1 2 2 3
2 3 1 3 2 2 2
2 3 2 1 2 2 3
2 3 2 3 2 2 3
2 3 2 2 2 2 3
2 3 2 3 2 2 2
2 3 2 3 2 2 2
2 2 1 3 2 2 3
2 3 2 2 2 2 3
2 2 2 3 2 2 3
2 3 2 3 2 2 2
1 2 2 3 2 2 2
2 3 2 3 2 2 2
2 2 2 3 2 2 3
2 2 2 2 2 2 3
1 3 2 2 2 2 3
1 3 1 3 2 2 3
1 3 2 1 2 2 2
2 3 2 3 2 2 3
2 3 2 3 2 2 3
2 3 2 2 2 2 2
2 2 2 2 2 2 3
1 3 2 3 2 2 3
2 3 2 3 2 2 3
1 2 2 3 2 2 3
1 3 2 3 2 2 3
2 3 2 1 2 2 3
2 2 2 3 2 2 3
2 2 2 1 2 2 3
2 2 2 3 2 2 3
1 3 2 3 2 2 3
2 3 1 3 2 2 2
2 3 2 2 2 2 2
2 3 2 3 2 2 2
1 3 2 3 2 2 3
2 3 2 3 2 2 3
2 2 2 3 2 2 3
2 2 2 2 2 2 2
1 3 1 1 2 2 3
2 3 2 3 2 2 3
2 3 2 3 2 2 3
2 2 2 3 2 2 2
2 3 2 2 2 2 2
1 3 2 2 2 2 3
2 2 2 3 2 2 2
1 2 2 3 2 2 3
2 2 1 3 2 2 3
2 2 2 3 2 2 3
1 3 2 3 2 2 3
1 2 2 1 2 2 2
2 3 2 3 2 2 3
2 2 2 1 2 2 3
2 3 2 3 2 2 3
2 2 2 1 2 2 3
2 2 2 2 2 2 3
1 3 2 1 2 2 3
1 2 2 2 2 2 3
1 2 1 3 2 2 3
2 2 2 1 2 2 2
2 2 2 1 2 2 3
2 3 2 3 2 2 3
2 3 2 3 2 2 3
2 3 2 3 2 2 2
2 2 2 3 2 2 2
2 2 2 3 2 2 3
2 3 2 2 2 2 3
2 3 2 3 2 2 3
2 2 2 3 2 2 3
2 2 2 2 2 2 3
1 3 2 2 2 2 2
2 3 2 3 2 2 3
2 2 2 3 2 2 3
2 3 2 1 2 2 3
2 2 2 3 2 2 3
2 2 2 3 2 2 2
1 2 2 3 2 2 2
2 3 2 3 2 2 2
1 3 2 1 2 2 3
1 2 2 3 2 2 2
2 2 2 2 2 2 3
2 2 2 2 2 2 3
2 3 2 1 2 2 3
1 2 2 3 2 2 3
1 2 2 3 2 2 2
1 3 2 2 2 2 3
2 2 2 2 2 2 2
2 3 2 1 2 2 3
1 2 2 2 2 2 2
2 3 2 3 2 2 3
1 3 2 3 2 2 3
1 3 2 3 2 2 3
2 2 2 1 2 2 3
2 3 2 2 2 2 2
2 3 2 1 2 2 3
2 2 2 3 2 2 3
2 2 2 3 2 2 2
2 3 2 3 2 2 2
2 2 1 3 2 2 3
2 2 2 1 2 2 3
2 3 2 3 2 2 3
2 3 2 3 2 2 3
2 3 2 2 2 2 3
2 3 2 2 2 2 3
1 3 2 3 2 2 3
1 3 1 3 2 2 3
2 2 2 2 2 2 3
1 3 2 1 2 2 2
2 3 2 1 2 2 2
2 3 2 3 2 2 3
2 3 2 3 2 2 2
2 3 2 3 2 2 3
2 2 2 2 2 2 3
1 3 2 3 2 2 3
1 3 2 3 2 2 3
1 3 2 1 2 2 3
1 3 2 1 2 2 3
2 2 2 2 2 2 3
2 3 2 2 2 2 3
1 3 2 3 2 2 3
2 3 2 3 2 2 3
2 3 2 3 2 2 3
1 2 2 2 2 2 2
2 2 2 1 2 2 3
2 2 2 3 2 2 3
2 3 2 3 2 2 3
1 2 2 2 2 2 3
1 2 2 3 2 2 3
2 2 2 3 2 2 2
2 3 2 3 2 2 3
2 3 2 3 2 2 2
2 3 2 3 2 2 2
2 2 2 3 2 2 3
2 2 2 3 2 2 2
1 2 1 2 2 2 3
2 2 2 3 2 2 3
2 2 2 1 2 2 2
2 2 2 3 2 2 3
1 3 2 2 2 2 2
2 3 2 1 2 2 3
2 3 2 3 2 2 3
2 3 2 3 2 2 2
2 3 2 3 2 2 3
2 2 2 3 2 2 3
1 3 2 2 2 2 3
2 2 2 3 2 2 3
2 2 2 3 2 2 3
2 2 2 1 2 2 3
2 3 2 2 2 2 3
2 3 2 1 2 2 3
2 3 2 2 2 2 2
2 2 2 3 2 2 3
2 3 2 3 2 2 3
2 3 2 3 2 2 3
1 3 2 3 2 2 3
2 3 2 3 2 2 3
2 3 2 1 2 2 2
1 2 2 3 2 2 3
2 3 2 3 2 2 3
2 2 2 1 2 2 2
2 2 1 3 2 2 3
2 3 2 1 2 2 3
2 2 2 3 2 2 3
2 3 2 1 2 2 2
1 3 2 3 2 2 2
2 2 2 3 2 2 2
2 2 2 3 2 2 3
2 3 2 2 2 2 3
2 3 2 3 2 2 3
2 2 2 3 2 2 3
2 2 2 3 2 2 3
2 2 2 3 2 2 3
2 3 2 3 2 2 3
2 3 2 3 2 2 3
2 3 2 3 2 2 2
2 2 1 3 2 2 3
2 2 1 3 2 2 3
2 3 2 2 2 2 3
2 2 2 2 2 2 3
2 2 2 2 2 2 3
2 3 2 1 2 2 3
2 3 2 1 2 2 2
2 3 2 3 2 2 3
2 3 2 1 2 2 3
2 3 2 2 2 2 2
2 3 2 1 2 2 3
2 3 2 1 2 2 3
2 3 2 3 2 2 3
1 2 2 3 2 2 3
2 3 2 3 2 2 3
2 2 2 2 2 2 3
2 3 2 1 2 2 3
1 3 2 3 2 2 3
2 3 2 3 2 2 3
2 3 2 3 2 2 2
2 2 2 3 2 2 3
2 3 1 1 2 2 2
1 2 2 3 2 2 2
2 3 2 3 2 2 3
2 3 2 2 2 2 3
2 3 2 3 2 2 2
1 3 2 3 2 2 2
2 3 2 3 2 2 3
2 2 2 3 2 2 3
2 3 2 3 2 2 3
1 2 2 3 2 2 3
2 3 2 3 2 2 3
1 3 2 2 2 2 2
2 2 2 3 2 2 3
2 3 2 3 2 2 2
2 3 2 3 2 2 2
1 3 2 3 2 2 2
1 3 2 3 2 2 3
2 3 2 3 2 2 3
2 3 2 3 2 2 3
1 2 2 3 2 2 2
1 2 2 3 2 2 3
2 3 2 1 2 2 3
1 3 2 3 2 2 3
2 3 2 1 2 2 3
2 3 2 1 2 2 3
2 3 2 1 2 2 3
1 3 2 1 2 2 3
2 2 2 3 2 2 2
1 3 2 1 2 2 3
1 3 2 1 2 2 3
2 3 2 1 2 2 2
2 2 2 1 2 2 3
1 2 2 2 2 2 3
2 3 2 3 2 2 2
1 3 2 3 2 2 3
1 3 2 3 2 2 3
2 3 2 1 2 2 3
2 3 2 2 2 2 2
1 3 2 3 2 2 3
2 2 2 2 2 2 3
1 3 2 1 2 2 2
2 2 2 3 2 2 2
2 3 2 1 2 2 3
2 3 2 1 2 2 3
1 3 2 3 2 2 3
2 2 2 2 2 2 3
2 3 2 2 2 2 2
2 3 2 1 2 2 3
2 3 2 1 2 2 2
2 3 2 1 2 2 3
2 3 2 3 2 2 3
2 3 2 3 2 2 3
1 2 2 3 2 2 3
1 2 2 2 2 2 3
2 3 2 3 2 2 3
2 2 2 3 2 2 2
1 3 2 1 2 2 3
2 2 2 3 2 2 3
1 3 2 1 2 2 3
2 2 2 1 2 2 2
2 3 2 3 2 2 3
1 3 2 3 2 2 3
2 3 2 3 2 2 3
2 3 2 3 2 2 3
2 3 2 3 2 2 3
2 3 2 2 2 2 2
2 3 2 1 2 2 3
2 2 2 2 2 2 3
2 2 1 3 2 2 3
2 3 2 1 2 2 3
2 2 2 2 2 2 3
2 2 2 3 2 2 3
1 2 1 1 2 2 3
1 3 2 2 2 2 3
1 3 2 1 2 2 3
1 3 2 1 2 2 3
2 3 2 3 2 2 3
1 2 2 3 2 2 2
2 3 2 3 2 2 3
2 3 2 3 2 2 3
2 3 2 3 2 2 3
2 3 1 3 2 2 2
2 3 2 1 2 2 2
2 3 2 1 2 2 3
2 3 2 3 2 2 3
2 3 2 1 2 2 3
1 3 2 3 2 2 2
1 2 2 3 2 2 3
2 3 2 3 2 2 3
1 3 2 3 2 2 3
1 3 1 1 2 2 2
2 3 2 1 2 2 2
2 2 2 1 2 2 2
2 3 2 3 2 2 3
2 2 2 3 2 2 3
1 3 2 3 2 2 3
1 2 2 3 2 2 3
2 3 2 2 2 2 3
2 3 1 2 2 2 2
2 3 2 3 2 2 3
2 3 2 3 2 2 3
2 2 2 3 2 2 2
1 3 2 3 2 2 3
2 3 2 1 2 2 3
2 3 2 2 2 2 3
2 3 2 3 2 2 2
1 3 1 1 2 2 3
2 3 2 1 2 2 3
1 3 2 2 2 2 2
2 2 2 3 2 2 3
2 3 2 1 2 2 3
2 2 2 1 2 2 3
1 2 2 3 2 2 3
1 2 2 3 2 2 3
1 3 2 3 2 2 2
2 3 2 2 2 2 3
2 3 2 3 2 2 3
2 2 2 3 2 2 3
1 3 2 1 2 2 2
1 3 2 1 2 2 2
2 3 2 3 2 2 2
2 3 2 1 2 2 3
2 2 2 3 2 2 2
2 2 2 1 2 2 2
2 2 2 3 2 2 2
1 3 2 3 2 2 3
2 3 2 3 2 2 3
1 2 1 2 2 2 3
2 3 2 1 2 2 3
2 3 2 2 2 2 2
2 3 2 2 2 2 3
2 2 2 3 2 2 2
2 3 2 3 2 2 3
1 2 2 2 2 2 3
2 3 2 1 2 2 2
2 3 2 3 2 2 3
1 2 2 3 2 2 3
2 3 2 3 2 2 3
2 3 2 3 2 2 3
2 3 2 2 2 2 2
2 3 2 1 2 2 3
2 3 2 1 2 2 3
1 3 2 1 2 2 2
1 2 2 3 2 2 3
1 3 2 1 2 2 3
2 2 1 3 2 2 2
1 3 2 2 2 2 2
2 3 2 1 2 2 3
2 3 2 3 2 2 3
2 3 2 3 2 2 3
2 2 2 3 2 2 3
2 2 2 1 2 2 3
2 3 2 2 2 2 3
2 3 2 3 2 2 3
2 3 2 3 2 2 3
2 3 2 3 2 2 3
2 3 2 1 2 2 2
2 3 2 3 2 2 2
2 3 2 1 2 2 3
2 2 2 3 2 2 3
2 2 2 3 2 2 3
1 2 2 1 2 2 3
2 3 2 3 2 2 3
2 3 2 1 2 2 3
2 3 2 1 2 2 3
2 2 2 3 2 2 3
1 3 2 3 2 2 3
2 3 2 3 2 2 2
2 3 2 3 2 2 3
2 3 2 1 2 2 3
2 3 2 3 2 2 3
2 3 2 2 2 2 3
2 2 2 3 2 2 3
2 2 2 3 2 2 3
2 2 2 3 2 2 3
2 3 2 3 2 2 3
2 3 2 1 2 2 2
1 3 2 1 2 2 3
1 2 2 1 2 2 3
2 3 2 3 2 2 2
2 3 2 1 2 2 2
2 3 2 3 2 2 2
2 3 2 2 2 2 3
2 2 2 3 2 2 3
2 2 2 2 2 2 3
1 2 2 1 2 2 2
2 2 2 2 2 2 3
1 3 2 2 2 2 3
2 3 1 1 2 2 3
2 3 2 3 2 2 2
2 3 2 3 2 2 3
1 2 2 3 2 2 3
2 3 2 1 2 2 2
1 2 2 2 2 2 3
1 3 2 3 2 2 3
2 3 2 3 2 2 3
2 3 1 2 2 2 2
2 3 2 2 2 2 3
2 3 2 3 2 2 2
2 3 2 3 2 2 3
1 3 2 3 2 2 2
2 3 2 3 2 2 2
2 2 2 2 2 2 3
2 2 2 3 2 2 3
2 3 2 2 2 2 2
2 2 2 3 2 2 3
2 2 2 3 2 2 3
1 2 2 2 2 2 2
1 2 2 3 2 2 3
2 2 2 3 2 2 2
2 2 2 3 2 2 2
2 2 2 1 2 2 3
2 2 1 3 2 2 3
2 3 2 3 2 2 3
1 3 2 3 2 2 3
2 3 2 3 2 2 3
2 3 2 2 2 2 3
2 2 2 2 2 2 3
2 3 2 3 2 2 2
2 3 2 3 2 2 3
1 3 2 1 2 2 3
1 2 2 3 2 2 3
2 3 2 3 2 2 3
2 2 2 3 2 2 2
2 3 2 3 2 2 3
1 3 2 1 2 2 3
2 2 2 3 2 2 3
1 2 2 3 2 2 3
2 3 2 3 2 2 3
1 3 2 3 2 2 3
2 2 2 1 2 2 2
2 2 2 3 2 2 3
1 3 2 1 2 2 3
2 2 2 3 2 2 3
1 3 2 3 2 2 3
1 3 2 2 2 2 3
1 2 2 1 2 2 2
2 2 2 1 2 2 3
2 3 2 3 2 2 3
1 2 2 3 2 2 3
1 2 2 3 2 2 3
2 3 2 3 2 2 3
1 3 2 2 2 2 3
2 3 2 3 2 2 3
1 2 2 3 2 2 2
2 3 2 3 2 2 3
1 2 2 2 2 2 3
1 3 2 3 2 2 3
1 3 2 2 2 2 2
2 2 2 3 2 2 3
2 3 2 2 2 2 3
2 3 2 1 2 2 3
2 2 2 1 2 2 3
2 3 2 2 2 2 3
2 3 2 3 2 2 3
2 2 2 1 2 2 2
2 2 2 3 2 2 3
1 3 2 2 2 2 3
2 3 2 2 2 2 2
2 3 2 3 2 2 3
2 3 2 3 2 2 3
2 3 2 2 2 2 3
1 2 2 3 2 2 3
2 2 2 1 2 2 3
2 3 2 2 2 2 3
2 2 2 1 2 2 2
1 2 2 3 2 2 3
2 2 2 2 2 2 3
2 2 2 3 2 2 2
2 3 2 3 2 2 3
2 3 2 1 2 2 3
2 3 2 2 2 2 3
2 3 2 3 2 2 3
1 2 2 3 2 2 3
1 2 2 1 2 2 3
2 3 2 2 2 2 3
2 3 2 1 2 2 3
2 2 2 3 2 2 3
2 3 2 3 2 2 2
2 2 2 1 2 2 3
2 3 2 2 2 2 2
2 2 2 1 2 2 3
2 3 2 3 2 2 3
2 3 2 3 2 2 3
2 2 2 3 2 2 3
1 3 2 2 2 2 3
2 3 2 3 2 2 2
2 3 2 3 2 2 2
2 2 2 3 2 2 3
2 3 2 2 2 2 3
2 3 2 3 2 2 3
2 3 2 3 2 2 3
2 2 2 3 2 2 2
1 2 2 1 2 2 3
1 3 2 1 2 2 3
2 3 2 2 2 2 3
2 3 2 2 2 2 3
2 2 2 3 2 2 3
1 2 2 3 2 2 2
2 3 2 2 2 2 3
2 2 2 3 2 2 2
1 3 2 1 2 2 3
2 2 2 3 2 2 3
2 3 2 3 2 2 3
1 3 2 2 2 2 2
1 3 2 1 2 2 2
2 2 2 1 2 2 3
2 3 2 1 2 2 3
1 2 2 1 2 2 3
1 3 2 1 2 2 3
2 3 2 1 2 2 2
1 2 2 3 2 2 3
2 3 2 3 2 2 3
2 3 2 1 2 2 3
2 3 2 1 2 2 3
2 3 2 1 2 2 3
1 2 2 2 2 2 3
1 3 2 3 2 2 3
1 2 2 1 2 2 2
2 3 2 1 2 2 2
2 2 2 3 2 2 3
2 3 2 3 2 2 3
2 2 2 1 2 2 3
2 2 1 1 2 2 3
1 2 2 1 2 2 2
1 3 2 3 2 2 3
2 2 1 3 2 2 2
2 3 2 3 2 2 3
1 3 2 1 2 2 2
2 3 2 3 2 2 2
1 3 2 3 2 2 3
2 3 2 2 2 2 3
2 3 2 3 2 2 3
2 3 2 3 2 2 3
2 3 2 3 2 2 3
2 3 2 3 2 2 2
2 3 2 3 2 2 3
2 3 2 3 2 2 3
2 3 2 3 2 2 2
1 3 2 3 2 2 3
2 3 1 2 2 2 2
2 3 2 2 2 2 3
2 2 2 1 2 2 3
2 2 2 3 2 2 3
1 3 2 3 2 2 2
2 3 2 1 2 2 3
1 2 2 3 2 2 3
1 3 2 2 2 2 2
1 2 2 1 2 2 3
2 2 2 3 2 2 2
2 3 2 3 2 2 3
1 3 2 3 2 2 2
1 3 2 3 2 2 3
2 2 1 3 2 2 2
2 3 2 3 2 2 3
1 3 2 2 2 2 3
1 2 2 1 2 2 3
2 2 2 3 2 2 2
2 3 2 1 2 2 3
1 3 2 3 2 2 3
2 3 2 2 2 2 3
2 2 2 1 2 2 3
2 3 1 1 2 2 3
1 2 2 1 2 2 3
2 2 2 2 2 2 2
2 3 2 3 2 2 3
1 3 1 2 2 2 3
2 3 2 2 2 2 3
2 3 1 3 2 2 3
2 3 1 3 2 2 3
2 3 1 3 2 2 3
2 3 2 3 2 2 2
2 3 2 3 2 2 2
2 3 2 1 2 2 3
2 3 2 2 2 2 3
2 3 2 3 2 2 3
2 2 2 1 2 2 3
2 3 1 3 2 2 3
2 2 1 2 2 2 3
1 2 2 2 2 2 3
2 2 2 1 2 2 3
2 2 2 3 2 2 3
2 3 2 3 2 2 3
1 3 2 3 2 2 3
2 2 2 3 2 2 3
2 3 2 2 2 2 3
1 3 2 3 2 2 3
2 3 2 2 2 2 2
2 3 2 3 2 2 3
1 3 1 3 2 2 3
2 3 2 1 2 2 3
1 2 2 1 2 2 2
1 2 2 3 2 2 3
2 3 2 1 2 2 3
2 2 2 3 2 2 3
1 3 2 3 2 2 2
2 3 2 1 2 2 3
1 2 2 1 2 2 3
2 2 2 3 2 2 3
2 3 2 1 2 2 3
1 3 2 3 2 2 2
2 3 2 2 2 2 3
2 3 2 3 2 2 3
2 3 2 1 2 2 3
2 3 2 3 2 2 3
2 2 2 1 2 2 3
2 3 2 3 2 2 3
2 3 2 1 2 2 2
1 3 2 1 2 2 3
2 3 2 1 2 2 3
1 3 2 1 2 2 3
1 2 1 2 2 2 3
1 3 2 1 2 2 3
2 2 1 3 2 2 3
1 3 2 3 2 2 3
2 3 2 2 2 2 3
2 2 2 3 2 2 3
2 3 2 1 2 2 3
2 3 2 2 2 2 3
2 3 2 3 2 2 2
2 3 2 2 2 2 3
2 3 2 3 2 2 2
2 2 2 1 2 2 2
2 3 2 2 2 2 2
2 3 2 2 2 2 2
1 2 2 2 2 2 3
2 1 2 2 2 2 2
2 3 2 2 2 2 3
2 2 2 3 2 2 3
2 3 2 1 2 2 3
2 3 2 3 2 2 3
1 2 2 2 2 2 2
2 3 2 3 2 2 3
1 3 2 3 2 2 3
2 3 2 1 2 2 2
2 3 2 3 2 2 2
2 2 2 1 2 2 2
2 3 2 1 2 2 2
2 3 2 2 2 2 3
2 3 1 2 2 2 2
2 3 2 3 2 2 2
2 3 2 3 2 2 3
2 3 2 1 2 2 3
2 2 2 1 2 2 3
1 2 2 1 2 2 3
2 3 2 2 2 2 2
2 2 2 3 2 2 3
1 3 2 3 2 2 3
2 3 1 3 2 2 3
1 3 1 3 2 2 2
2 2 2 3 2 2 3
2 3 2 3 2 2 3
2 3 2 3 2 2 2
1 3 2 3 2 2 2
2 3 2 1 2 2 3
1 3 2 1 2 2 3
2 3 2 3 2 2 3
2 3 2 2 2 2 2
2 3 2 3 2 2 2
2 3 2 1 2 2 3
2 3 2 3 2 2 3
2 3 2 3 2 2 3
1 3 2 1 2 2 3
2 3 2 3 2 2 3
1 2 2 2 2 2 3
2 3 2 3 2 2 3
2 3 2 3 2 2 3
2 3 2 1 2 2 3
2 3 2 2 2 2 3
2 2 2 2 2 2 3
2 2 2 3 2 2 3
2 3 2 3 2 2 3
2 3 2 3 2 2 3
2 3 2 3 2 2 3
1 2 2 1 2 2 3
2 3 2 1 2 2 3
2 2 2 3 2 2 3
2 2 2 3 2 2 3
2 3 1 3 2 2 3
2 2 2 1 2 2 3
2 2 2 3 2 2 3
2 3 2 1 2 2 3
2 3 2 3 2 2 3
2 3 2 2 2 2 3
2 3 2 3 2 2 3
2 2 2 3 2 2 3
2 2 2 3 2 2 3
2 2 2 2 2 2 3
2 3 2 3 2 2 3
2 3 2 3 2 2 3
2 3 2 3 2 2 3
2 3 2 3 2 2 3
2 3 2 3 2 2 2
2 3 1 1 2 2 3
1 3 2 3 2 2 3
2 3 2 3 2 2 3
1 3 2 1 2 2 3
2 3 2 2 2 2 3
2 2 2 3 2 2 3
2 2 2 2 2 2 3
2 2 2 2 2 2 2
2 3 2 2 2 2 2
2 3 1 3 2 2 3
2 2 2 3 2 2 3
2 2 2 3 2 2 2
2 3 2 1 2 2 2
2 3 2 3 2 2 3
1 2 2 1 2 2 3
2 2 2 1 2 2 3
1 2 2 3 2 2 3
1 3 2 3 2 2 3
2 3 2 3 2 2 3
2 2 2 1 2 2 3
2 3 2 2 2 2 3
1 3 2 3 2 2 3
2 3 1 1 2 2 3
2 3 2 3 2 2 3
2 3 2 2 2 2 3
1 2 2 3 2 2 3
2 3 2 2 2 2 3
2 2 2 1 2 2 3
2 2 2 1 2 2 3
2 2 2 3 2 2 2
2 2 2 2 2 2 2
1 2 2 3 2 2 2
2 3 2 2 2 2 3
1 2 2 3 2 2 2
1 3 2 3 2 2 3
2 2 2 3 2 2 2
2 3 2 3 2 2 3
1 3 2 3 2 2 3
2 3 2 3 2 2 3
2 2 2 1 2 2 3
2 2 2 3 2 2 3
2 3 2 3 2 2 3
2 3 2 1 2 2 3
1 3 2 3 2 2 3
2 2 2 3 2 2 3
1 3 2 3 2 2 3
2 3 2 2 2 2 3
2 3 2 1 2 2 2
2 3 2 3 2 2 3
2 3 2 3 2 2 3
1 3 2 1 2 2 3
1 3 2 3 2 2 2
2 2 2 3 2 2 3
2 3 1 1 2 2 2
1 3 2 3 2 2 3
1 2 2 3 2 2 3
2 3 2 3 2 2 2
2 3 2 3 2 2 3
2 3 2 3 2 2 2
2 3 2 2 2 2 3
2 3 2 3 2 2 3
1 2 1 1 2 2 2
2 3 2 3 2 2 3
2 2 1 3 2 2 3
2 3 2 3 2 2 3
2 3 2 2 2 2 3
2 3 2 3 2 2 2
1 2 2 3 2 2 3
2 3 2 3 2 2 3
1 2 2 1 2 2 3
2 2 2 1 2 2 3
2 3 2 2 2 2 3
2 2 2 3 2 2 3
2 3 2 3 2 2 2
2 2 2 1 2 2 3
1 2 2 1 2 2 3
2 2 2 1 2 2 2
2 3 2 3 2 2 3
2 2 2 1 2 2 3
2 2 2 2 2 2 3
2 3 2 2 2 2 3
2 2 1 3 2 2 3
2 2 2 3 2 2 2
2 3 2 3 2 2 3
2 2 2 3 2 2 3
1 3 2 3 2 2 2
1 3 2 3 2 2 3
2 3 2 3 2 2 2
2 3 2 3 2 2 3
2 3 2 3 2 2 3
2 3 2 3 2 2 3
1 3 2 3 2 2 3
1 2 1 1 2 2 2
1 2 1 3 2 2 3
1 2 2 3 2 2 2
2 2 2 2 2 2 2
2 3 2 3 2 2 2
2 2 2 1 2 2 2
2 3 2 2 2 2 3
2 3 2 3 2 2 3
2 2 2 1 2 2 3
1 3 2 3 2 2 2
1 3 1 2 2 2 2
2 3 2 3 2 2 2
2 2 2 3 2 2 3
2 2 2 3 2 2 3
2 3 2 1 2 2 3
2 3 2 1 2 2 3
2 3 2 2 2 2 3
1 3 2 2 2 2 3
1 2 2 3 2 2 3
2 2 2 3 2 2 2
2 3 2 3 2 2 3
2 2 2 3 2 2 3
2 2 2 3 2 2 3
1 2 2 1 2 2 2
2 3 2 3 2 2 3
2 3 2 3 2 2 3
2 3 2 1 2 2 3
2 3 2 3 2 2 3
1 2 2 3 2 2 3
2 3 2 2 2 2 3
2 2 2 3 2 2 3
2 2 2 3 2 2 2
2 2 2 1 2 2 2
2 2 2 3 2 2 3
2 3 2 1 2 2 3
1 3 2 1 2 2 3
2 2 2 3 2 2 3
1 3 2 2 2 2 2
2 3 2 2 2 2 3
2 3 2 3 2 2 3
2 2 2 3 2 2 3
2 3 2 2 2 2 2
2 3 2 3 2 2 3
2 2 2 1 2 2 3
2 3 2 3 2 2 3
2 3 2 3 2 2 3
2 3 2 1 2 2 3
2 2 2 3 2 2 3
2 2 2 1 2 2 3
2 2 2 3 2 2 3
2 3 2 3 2 2 2
2 3 2 3 2 2 3
1 3 2 3 2 2 3
1 3 2 2 2 2 2
2 2 1 2 2 2 2
2 3 2 2 2 2 3
2 2 2 3 2 2 3
2 2 2 1 2 2 2
2 3 2 1 2 2 3
2 3 2 3 2 2 3
1 2 2 2 2 2 2
2 3 2 1 2 2 3
2 2 2 3 2 2 3
2 3 2 3 2 2 3
1 3 2 1 2 2 3
2 3 2 3 2 2 3
2 3 2 3 2 2 2
2 2 2 2 2 2 3
1 3 2 1 2 2 2
2 3 2 1 2 2 3
1 2 1 1 2 2 3
2 3 2 3 2 2 2
2 3 2 1 2 2 3
2 3 2 3 2 2 3
1 3 2 2 2 2 3
1 3 2 2 2 2 3
1 3 2 2 2 2 3
1 2 2 3 2 2 3
2 3 2 3 2 2 3
1 3 2 1 2 2 2
1 3 2 1 2 2 2
1 3 2 3 2 2 2
2 2 2 3 2 2 3
2 2 2 3 2 2 3
2 3 2 1 2 2 2
2 3 2 3 2 2 3
1 3 2 1 2 2 2
2 2 2 3 2 2 2
2 2 2 1 2 2 3
2 2 2 1 2 2 3
1 3 2 3 2 2 2
1 2 2 3 2 2 2
1 3 2 3 2 2 3
2 3 2 2 2 2 3
2 2 2 3 2 2 3
2 2 2 2 2 2 3
1 3 2 3 2 2 2
1 3 2 3 2 2 2
2 2 2 3 2 2 3
2 2 2 3 2 2 3
2 2 2 2 2 2 2
2 2 2 2 2 2 3
2 3 2 3 2 2 3
2 2 2 3 2 2 3
2 3 2 2 2 2 3
2 3 2 1 2 2 3
2 2 2 3 2 2 3
2 2 2 3 2 2 3
2 2 2 1 2 2 2
2 2 2 3 2 2 3
1 3 1 1 2 2 2
2 3 2 2 2 2 3
2 2 2 3 2 2 2
2 2 2 3 2 2 3
1 3 2 1 2 2 3
2 3 2 3 2 2 3
2 2 2 1 2 2 3
2 2 2 3 2 2 3
2 3 2 3 2 2 3
2 3 2 3 2 2 3
2 2 2 2 2 2 3
2 2 2 1 2 2 3
1 3 2 3 2 2 3
1 3 2 3 2 2 3
2 3 2 1 2 2 3
1 3 2 3 2 2 2
2 2 2 3 2 2 3
2 3 2 3 2 2 3
2 2 2 3 2 2 2
2 3 2 1 2 2 3
2 3 2 1 2 2 3
1 3 2 1 2 2 3
2 3 2 3 2 2 2
2 2 2 3 2 2 2
1 3 2 2 2 2 3
2 3 2 1 2 2 3
2 3 2 1 2 2 3
2 2 2 3 2 2 3
1 2 2 2 2 2 2
2 3 2 2 2 2 3
2 2 2 1 2 2 3
2 3 2 3 2 2 2
2 2 2 3 2 2 3
2 3 2 2 2 2 2
1 3 2 3 2 2 2
2 2 2 3 2 2 3
2 3 2 3 2 2 3
2 2 2 2 2 2 2
1 2 2 3 2 2 2
1 3 2 3 2 2 2
1 3 2 3 2 2 3
1 2 2 1 2 2 3
2 2 2 1 2 2 3
2 3 2 3 2 2 2
1 3 2 3 2 2 3
2 3 2 2 2 2 2
1 3 2 2 2 2 3
2 2 2 3 2 2 2
2 3 2 1 2 2 3
2 3 2 2 2 2 2
2 2 2 3 2 2 3
1 3 2 1 2 2 2
2 2 2 2 2 2 3
1 2 2 3 2 2 3
2 3 2 3 2 2 3
2 3 2 2 2 2 3
1 2 2 1 2 2 3
1 3 1 3 2 2 3
2 2 2 1 2 2 3
2 3 2 1 2 2 3
2 3 2 3 2 2 3
2 3 2 1 2 2 3
1 3 2 1 2 2 3
1 3 2 1 2 2 3
2 3 2 1 2 2 3
2 3 2 2 2 2 2
1 2 2 2 2 2 3
2 2 2 3 2 2 2
2 3 2 3 2 2 3
2 3 2 2 2 2 2
1 3 2 2 2 2 3
2 3 2 3 2 2 2
2 2 2 2 2 2 3
2 3 2 1 2 2 3
2 3 2 2 2 2 3
1 3 2 3 2 2 3
2 2 2 1 2 2 3
2 2 2 1 2 2 3
2 3 2 1 2 2 2
1 2 2 3 2 2 3
2 3 2 3 2 2 3
2 3 2 3 2 2 3
2 3 2 3 2 2 3
2 3 2 3 2 2 3
2 3 2 2 2 2 2
1 2 2 1 2 2 3
2 3 2 3 2 2 3
2 3 2 3 2 2 3
2 3 2 1 2 2 3
2 2 2 1 2 2 3
2 2 2 1 2 2 2
2 3 1 2 2 2 3
2 2 2 3 2 2 2
2 3 2 3 2 2 2
2 3 1 3 2 2 2
2 2 2 3 2 2 3
2 2 2 2 2 2 3
2 3 2 3 2 2 3
2 3 2 2 2 2 3
2 2 2 3 2 2 3
2 3 2 1 2 2 3
2 2 2 2 2 2 3
1 2 2 3 2 2 3
2 2 1 1 2 2 3
2 2 2 3 2 2 3
2 3 2 1 2 2 3
2 2 2 1 2 2 3
2 3 2 2 2 2 3
2 2 2 3 2 2 3
2 3 2 3 2 2 3
2 2 2 3 2 2 2
1 2 2 1 2 2 2
2 3 2 3 2 2 3
2 3 2 3 2 2 2
2 2 2 3 2 2 3
1 3 1 3 2 2 3
2 2 2 3 2 2 3
2 3 2 3 2 2 2
2 3 2 1 2 2 2
2 3 2 3 2 2 2
2 3 2 1 2 2 3
2 2 2 3 2 2 3
1 2 2 1 2 2 3
2 3 2 2 2 2 3
1 3 2 3 2 2 2
2 3 2 1 2 2 3
2 3 2 3 2 2 3
2 3 2 1 2 2 3
2 2 1 2 2 2 3
1 2 2 3 2 2 2
2 3 2 3 2 2 3
2 2 2 3 2 2 3
1 3 2 3 2 2 3
1 2 2 3 2 2 2
2 3 2 3 2 2 3
2 3 2 2 2 2 2
2 3 2 1 2 2 2
1 3 2 2 2 2 2
1 2 1 3 2 2 3
2 3 2 3 2 2 3
2 2 2 1 2 2 3
2 2 2 3 2 2 3
2 3 2 1 2 2 3
2 2 2 3 2 2 2
1 3 2 3 2 2 3
2 3 2 2 2 2 3
1 3 2 2 2 2 3
2 3 2 2 2 2 3
2 2 2 2 2 2 3
1 2 2 3 2 2 3
2 2 2 3 2 2 3
2 2 2 1 2 2 3
1 3 1 1 2 2 3
2 3 2 1 2 2 3
1 2 2 1 2 2 2
2 3 2 1 2 2 2
2 2 2 1 2 2 3
2 2 2 2 2 2 3
2 2 2 2 2 2 3
2 3 2 3 2 2 3
1 2 2 1 2 2 3
2 3 2 2 2 2 2
2 2 2 3 2 2 3
2 3 2 3 2 2 3
2 3 2 3 2 2 3
2 3 2 3 2 2 2
1 3 2 1 2 2 2
1 2 1 2 2 2 3
2 2 2 3 2 2 3
2 2 2 3 2 2 2
2 3 2 2 2 2 3
1 3 1 3 2 2 2
2 2 2 3 2 2 2
2 3 2 3 2 2 3
1 3 2 2 2 2 3
1 2 2 3 2 2 3
2 2 2 3 2 2 3
2 3 2 2 2 2 3
1 3 2 2 2 2 2
1 2 1 2 2 2 3
2 3 2 1 2 2 3
1 3 2 3 2 2 2
1 2 2 3 2 2 2
2 2 1 3 2 2 3
1 3 2 3 2 2 3
2 2 2 3 2 2 2
2 2 2 3 2 2 3
1 3 2 3 2 2 3
2 2 2 3 2 2 2
1 3 2 3 2 2 3
2 2 2 2 2 2 3
2 3 2 3 2 2 2
1 2 2 3 2 2 3
2 3 2 3 2 2 3
2 3 2 2 2 2 2
1 3 2 3 2 2 3
2 2 2 2 2 2 2
2 3 2 1 2 2 3
2 2 2 3 2 2 3
1 3 2 1 2 2 2
2 2 2 3 2 2 3
1 3 2 1 2 2 3
1 2 2 3 2 2 3
2 3 2 3 2 2 3
2 2 2 1 2 2 3
1 3 2 2 2 2 3
2 2 2 3 2 2 3
2 3 2 2 2 2 3
2 3 2 1 2 2 2
1 2 2 1 2 2 2
1 2 2 1 2 2 3
1 3 2 1 2 2 3
1 3 2 3 2 2 3
2 2 2 2 2 2 3
1 2 2 1 2 2 3
1 3 2 1 2 2 3
2 2 2 3 2 2 2
2 2 2 3 2 2 3
2 2 2 2 2 2 3
2 2 2 1 2 2 2
2 2 2 3 2 2 2
2 2 1 2 2 2 2
2 3 2 3 2 2 3
1 2 2 3 2 2 3
2 2 2 1 2 2 2
1 3 2 3 2 2 3
2 2 2 1 2 2 3
2 2 2 3 2 2 3
2 2 2 3 2 2 3
1 2 2 3 2 2 3
2 3 2 3 2 2 3
2 3 2 1 2 2 3
1 3 2 2 2 2 2
1 2 2 3 2 2 3
2 3 2 3 2 2 3
2 2 2 3 2 2 3
2 3 2 2 2 2 2
2 3 2 2 2 2 3
2 2 2 3 2 2 3
2 2 2 3 2 2 3
2 2 2 1 2 2 3
2 3 2 3 2 2 2
2 2 2 3 2 2 3
2 3 2 1 2 2 3
1 2 2 3 2 2 3
2 3 2 2 2 2 3
2 3 2 3 2 2 3
2 3 2 3 2 2 3
2 3 2 3 2 2 2
2 2 2 1 2 2 3
1 3 2 1 2 2 2
2 2 2 1 2 2 3
1 2 2 1 2 2 3
2 3 2 3 2 2 3
2 3 2 1 2 2 3
2 2 2 3 2 2 2
2 3 2 2 2 2 3
2 3 2 2 2 2 3
2 2 2 2 2 2 3
1 2 2 3 2 2 3
1 3 2 1 2 2 2
2 3 2 3 2 2 3
1 3 2 3 2 2 2
1 3 2 1 2 2 3
2 3 2 1 2 2 3
2 2 2 3 2 2 3
1 3 2 3 2 2 3
1 2 2 3 2 2 3
2 3 2 2 2 2 3
2 2 2 3 2 2 3
2 2 2 3 2 2 2
2 3 2 3 2 2 2
2 2 2 3 2 2 2
2 3 2 2 2 2 2
2 3 2 3 2 2 3
2 3 2 1 2 2 3
2 2 2 2 2 2 3
2 3 2 1 2 2 3
2 3 2 1 2 2 3
1 3 1 2 2 2 3
2 2 2 1 2 2 3
2 3 2 3 2 2 2
2 2 2 3 2 2 3
2 2 2 1 2 2 3
2 3 2 3 2 2 3
2 3 2 1 2 2 3
2 2 2 3 2 2 3
2 2 2 1 2 2 3
1 2 2 2 2 2 3
2 2 2 3 2 2 2
2 3 1 2 2 2 3
1 2 2 3 2 2 3
2 3 1 3 2 2 2
2 2 2 3 2 2 3
1 2 2 3 2 2 3
1 2 2 1 2 2 2
2 3 2 1 2 2 3
2 3 2 3 2 2 3
2 2 2 1 2 2 3
2 3 2 3 2 2 3
1 3 2 1 2 2 2
1 2 2 1 2 2 3
2 3 2 1 2 2 2
1 2 2 1 2 2 3
1 2 2 3 2 2 3
2 3 2 1 2 2 3
1 3 2 3 2 2 2
2 2 2 1 2 2 3
2 3 2 3 2 2 3
2 3 2 1 2 2 3
2 2 2 3 2 2 3
2 2 1 2 2 2 2
2 3 2 3 2 2 2
2 3 2 3 2 2 3
2 3 2 1 2 2 3
2 3 2 3 2 2 2
1 3 2 1 2 2 2
2 3 2 3 2 2 3
1 2 2 1 2 2 3
2 3 2 3 2 2 3
2 3 2 3 2 2 2
2 2 2 3 2 2 3
2 2 2 3 2 2 2
2 2 2 3 2 2 3
2 3 2 3 2 2 3
2 3 2 1 2 2 2
2 3 2 3 2 2 2
2 2 2 1 2 2 2
2 3 2 3 2 2 3
2 3 2 3 2 2 3
2 2 2 3 2 2 2
1 2 2 3 2 2 3
2 3 2 2 2 2 3
2 3 2 1 2 2 2
2 3 2 1 2 2 3
2 2 2 1 2 2 2
2 3 2 1 2 2 3
1 2 2 2 2 2 3
1 2 2 1 2 2 3
1 2 2 3 2 2 3
1 2 2 3 2 2 3
2 2 2 3 2 2 3
2 2 2 2 2 2 2
1 2 2 3 2 2 2
2 3 2 3 2 2 3
1 2 2 3 2 2 3
1 2 2 1 2 2 2
2 2 2 3 2 2 3
2 3 2 3 2 2 3
2 3 2 2 2 2 3
2 3 2 2 2 2 3
2 3 2 3 2 2 2
2 3 2 3 2 2 2
2 3 1 3 2 2 2
1 3 2 1 2 2 3
1 3 2 3 2 2 3
2 3 2 2 2 2 2
2 2 2 3 2 2 3
2 3 2 3 2 2 2
2 3 2 2 2 2 3
1 3 2 3 2 2 3
2 3 1 1 2 2 3
2 3 2 3 2 2 3
2 2 2 1 2 2 3
1 3 2 3 2 2 3
2 3 2 3 2 2 2
2 3 2 1 2 2 3
1 2 2 1 2 2 3
1 3 2 3 2 2 3
2 3 2 3 2 2 2
2 3 2 1 2 2 3
1 2 2 2 2 2 3
2 3 2 2 2 2 3
2 3 2 1 2 2 3
1 3 2 1 2 2 3
2 3 2 2 2 2 3
2 3 2 1 2 2 3
1 2 2 1 2 2 3
2 2 2 1 2 2 3
1 3 2 3 2 2 2
1 2 2 1 2 2 3
2 3 2 1 2 2 3
2 2 2 3 2 2 3
1 2 2 1 2 2 2
2 2 2 2 2 2 3
2 2 2 1 2 2 3
2 3 2 1 2 2 3
2 2 2 1 2 2 2
1 2 2 3 2 2 3
2 2 2 1 2 2 3
2 2 2 2 2 2 2
1 3 2 1 2 2 2
1 3 2 1 2 2 3
2 3 2 3 2 2 2
1 2 2 3 2 2 2
2 3 2 3 2 2 3
2 3 2 1 2 2 3
1 3 2 2 2 2 3
2 3 2 3 2 2 2
2 2 2 2 2 2 2
2 3 2 3 2 2 3
2 3 2 1 2 2 3
2 2 2 3 2 2 3
2 3 2 2 2 2 3
2 3 2 3 2 2 3
2 3 2 1 2 2 3
2 3 2 2 2 2 3
1 2 2 3 2 2 3
2 2 2 3 2 2 2
1 3 2 3 2 2 2
2 3 2 2 2 2 3
2 2 2 2 2 2 2
2 2 2 1 2 2 3
2 3 2 2 2 2 2
2 3 2 3 2 2 3
2 2 2 1 2 2 3
2 3 2 2 2 2 2
2 3 2 3 2 2 2
2 2 2 3 2 2 3
2 3 2 1 2 2 3
2 3 2 1 2 2 2
2 3 2 1 2 2 3
2 2 1 2 2 2 2
2 2 2 3 2 2 2
2 2 2 3 2 2 2
2 3 2 3 2 2 2
2 2 2 1 2 2 3
1 3 2 3 2 2 2
2 3 2 2 2 2 3
2 2 2 2 2 2 3
2 3 2 3 2 2 3
1 2 2 3 2 2 3
1 2 2 3 2 2 2
2 2 2 3 2 2 3
2 2 1 1 2 2 2
2 3 2 2 2 2 3
2 3 2 2 2 2 2
2 3 2 3 2 2 3
1 2 1 3 2 2 2
2 3 2 2 2 2 3
2 2 2 3 2 2 3
