RIndependent Gonzalez BaselineGreedy Bottleneck Dynamic FullyDynamic ModifiedIncremental
62909 8263 6013 18189 562534 372 41162
5292 766 608 5909 471825 386 50566
5261 825 565 5857 317737 509 41310
5644 754 594 6440 307529 373 36687
5223 871 562 4872 326990 356 37720
4941 673 549 5648 310102 351 38517
5051 661 554 5540 297338 378 34946
4332 797 553 5718 300717 349 36540
4653 1114 585 6051 311911 359 34465
4857 875 557 5427 313539 363 40091
5170 1019 582 4984 329144 356 59552
4974 660 545 5559 352991 356 84746
4483 774 552 5581 300032 345 35727
4875 980 548 5470 308107 351 35982
4254 1174 540 5307 312587 357 40847
5470 961 564 6001 306055 414 40490
5306 803 612 6473 327222 357 38097
5165 683 550 4880 313530 361 37381
4728 897 662 5784 301333 348 35453
4953 795 550 5626 313163 355 47932
4967 819 542 5085 367449 377 103506
5682 1080 580 6207 302836 351 36080
4242 866 551 4905 302054 343 36497
5097 712 552 4738 304640 382 41409
4918 988 589 5712 357963 375 90807
4561 1049 562 5970 313429 355 35275
5106 1003 549 5339 302604 354 35014
5070 607 547 5559 304428 390 37069
4551 673 548 5751 299190 350 35141
4564 729 551 5704 305977 354 35349
4909 812 548 5503 301783 398 40189
4925 1121 584 6281 307520 369 37736
4953 965 557 5664 341364 367 40136
4535 1147 568 6204 649430 481 306514
4659 1169 538 6271 310652 344 37224
4904 1155 538 5754 309244 336 36902
5140 932 539 6111 318045 352 43580
5036 770 536 5960 315587 337 43783
4829 765 537 4705 320326 340 42463
5112 762 533 6095 321382 367 47291
5231 792 579 6082 332057 366 44373
5372 621 555 6136 340266 341 40385
5047 993 531 5603 314625 339 38551
4872 815 535 5739 307576 350 37909
4973 919 547 4961 306627 331 37685
5139 698 539 5607 307582 340 38205
5324 942 571 6114 311251 339 38337
5304 874 539 5981 311317 345 39435
5495 978 500 5995 842007 294 549061
5105 812 493 5025 457231 289 163781
4380 922 495 5896 338121 287 42600
4857 991 487 5983 478376 304 181750
5255 770 493 5523 374688 302 78549
4653 667 506 6080 336802 282 39548
5160 879 490 5706 340977 285 39406
4949 1014 489 5953 342895 283 45841
4831 730 494 5751 341243 286 41424
5306 1357 493 5903 338769 277 41704
5020 812 497 5871 340160 293 40965
4982 926 503 5827 350280 287 39287
5189 1121 498 6050 342153 284 38584
4305 751 495 5849 336468 290 40253
4453 837 498 4987 335582 288 38994
5180 911 497 5941 334789 286 39381
4294 827 497 4757 342501 282 41259
5196 845 493 5175 337683 291 41678
4393 884 495 6051 346638 291 39550
5161 916 494 5865 342466 291 40184
4414 823 497 5555 338017 288 38986
5100 989 498 5921 340616 288 39597
4467 802 505 6024 338946 292 38595
5363 914 508 5947 353698 283 56488
4808 701 511 5965 343823 300 42078
5071 732 503 5925 338631 295 40224
5443 745 504 5837 349396 299 42892
5192 752 510 5797 336789 286 39408
4951 790 496 5857 350157 318 42594
5258 988 528 6319 358882 309 41605
5453 950 548 6409 340034 289 39152
4469 835 492 4946 336182 289 38840
4520 738 494 5669 334430 281 38806
4942 686 498 5081 357222 315 54997
5530 853 534 6160 354019 287 43341
4909 850 514 5121 359294 315 41496
5386 910 514 6326 355274 283 39743
4380 834 506 5828 346964 292 44397
4893 1003 503 5993 340398 294 39891
5241 788 508 5798 351682 291 39125
5073 940 505 5050 346309 289 39460
5274 938 508 5757 363315 317 43579
4528 1174 516 6050 376777 361 51977
4443 759 515 6372 397241 355 75125
5445 760 547 5991 344327 289 39915
5150 677 506 5846 344269 298 39715
4946 661 523 5947 339753 288 41794
4736 964 554 6631 354606 293 42775
4730 903 518 6017 347051 292 39907
5390 888 510 6036 344090 290 40151
5375 875 506 6077 347320 289 41586
4893 896 551 5999 348664 329 42368
5745 1436 3122 8284 345647 296 39360
4940 1006 504 6236 350274 300 42453
4963 917 513 6073 342871 308 46391
5513 858 524 6331 350388 302 39002
5478 869 569 5983 342550 308 40410
4516 1147 525 6162 353029 310 41166
5664 1018 544 5350 357065 297 39538
4304 963 514 6108 340937 302 39166
5002 663 514 6185 354539 288 44104
5025 701 512 5958 340818 290 40249
5232 752 531 5894 346788 297 38876
4946 842 507 5987 344071 295 43379
4993 746 515 5944 339811 287 39709
5156 856 515 5335 341472 290 39201
4941 987 520 6105 338404 283 39434
4342 747 512 5842 352404 317 41385
4895 963 557 5365 353417 293 40659
4962 873 518 6038 343453 301 41727
5181 917 522 6387 344148 296 39740
5008 716 517 6159 337226 286 39335
5075 832 511 5442 339312 338 38910
5371 1021 511 6054 340045 291 38915
5463 779 518 5772 337482 299 38545
5329 683 513 5981 338087 291 39023
5196 833 527 6138 345888 305 52927
5244 800 529 6380 346065 294 38678
5415 764 572 6434 340188 298 39300
5431 873 540 5470 341620 316 45064
5448 645 533 6708 342174 292 39729
4453 824 533 6132 338295 296 39110
4371 901 527 5964 338676 297 40297
4508 1067 522 6859 348405 303 49366
4663 737 522 5965 343426 302 43034
5299 951 534 6178 345464 294 40152
4903 830 522 5950 340087 310 38905
5432 1041 542 6269 337700 294 39754
4952 901 545 6069 340725 293 39927
4959 656 524 6070 338753 293 38965
4424 837 518 5878 338534 298 38991
4609 840 519 6050 341735 301 46014
5095 653 538 6273 346105 307 40077
4505 668 524 5957 341848 329 39127
4969 606 524 6048 341283 293 42129
5136 848 528 6163 354702 297 42895
5389 829 526 6139 339296 307 39397
4406 822 529 6102 337954 307 38939
4606 980 521 6032 343591 291 44726
5099 743 518 6012 344704 295 41273
5191 741 533 6251 342810 296 39122
4978 802 521 6019 346689 292 43909
5196 804 524 5493 339242 298 39482
4352 930 529 6050 339265 292 39149
4920 782 519 6425 337814 289 38790
5128 1199 521 5919 341021 301 39799
4880 599 525 5828 340952 304 39015
5413 851 539 6077 385680 308 62729
5598 901 559 6535 355670 296 41096
5228 913 525 6212 340338 285 40026
4953 868 531 6238 358507 300 46809
4503 871 525 6208 338723 297 38944
4936 805 526 6088 347492 299 40930
4555 684 529 6145 340491 287 39931
5066 799 508 6184 1034147 302 710338
5055 933 516 5091 352627 285 41576
4497 807 511 6080 348096 272 41042
5094 848 510 6107 349178 286 42405
4389 926 516 6133 354679 278 43045
4428 1048 511 6050 358524 291 42050
5140 896 522 5471 356296 276 48345
4723 930 514 6046 361953 312 46613
5603 1046 556 6710 374832 338 47878
5544 1150 531 6409 365295 292 43900
5204 1083 532 6252 362785 291 42008
5525 811 526 6116 366951 302 49725
5081 1351 525 6331 362879 292 43247
4833 798 541 6638 378629 325 47412
4687 1013 559 5603 401918 305 45035
4441 850 530 5510 1043432 324 715177
5314 922 539 6241 374062 312 56721
5425 1239 707 7871 424982 319 47548
4734 845 537 6319 365274 284 45029
5135 1077 547 6318 1522779 314 716783
4723 656 526 5528 1158534 290 315575
5415 1059 529 6303 865295 293 44831
4977 817 532 6335 847010 290 43700
5329 879 529 5360 844768 287 42998
4827 970 531 6350 864129 306 45556
5340 580 558 6088 864924 297 61590
5068 888 539 6455 849803 299 45570
4969 914 531 6576 847705 299 42053
5048 1009 534 6350 858088 292 45010
4754 847 540 6204 850319 296 45206
5167 1067 539 6213 852916 294 46488
5116 720 535 6644 1438392 307 581283
4575 1217 544 6152 863948 308 45478
5199 1005 544 6510 901019 299 70647
5342 813 543 6213 938152 297 103509
5272 1193 540 6401 946754 308 96024
4987 777 543 6528 904224 300 69758
5004 890 539 6204 876215 304 46835
5439 852 538 6558 882717 315 47340
5150 833 560 6579 887135 308 46026
5568 856 537 6537 871545 298 43885
4997 886 546 6443 892626 318 70393
5134 968 537 6641 895190 311 58364
5322 802 535 6338 928015 316 89387
5382 992 543 6200 879373 305 45043
5117 744 550 6731 890148 320 51832
5263 867 569 6757 905668 325 50322
5065 727 542 6283 874205 323 49846
4402 1272 558 6826 910805 475 76842
5305 991 544 6658 893367 364 61842
5599 964 551 6641 874747 298 45784
5134 1008 545 6517 881592 307 46699
5502 949 561 6746 954735 335 48315
5266 901 548 6244 878100 301 47751
5240 1051 544 6599 1123594 543 76299
7672 1441 828 8036 976420 320 48351
5139 952 562 7283 925110 361 47817
5092 897 545 5934 952586 303 44697
5191 1024 545 6493 887459 300 45175
5447 912 565 6921 900661 458 45824
6765 1151 578 7059 918409 367 50158
5044 838 580 6318 872303 309 45427
5107 1033 551 6245 870752 306 44620
5637 804 549 5926 1025274 343 88672
5659 781 565 6743 1183794 1261 84206
5016 1142 807 6861 1013028 510 95195
6252 918 589 6833 913958 313 45155
5537 861 577 6747 1066832 543 55336
4586 766 616 6676 892415 302 47690
5422 985 582 6551 980985 366 47620
5268 928 550 6525 874484 323 60586
5546 920 566 6633 876281 367 49614
9117 1423 773 9015 900934 355 56043
5151 1118 580 7157 935763 424 55238
5359 1016 583 6919 886584 319 45305
5376 730 572 6735 989650 885 65388
6210 1332 581 6611 940261 382 72640
6022 926 657 8139 918126 333 50245
5075 955 558 6460 897709 501 53105
5486 1145 555 6682 889995 316 49738
4852 1738 1159 7693 880151 300 47027
5245 688 554 6296 1458814 300 580963
5495 1336 574 6612 924378 329 48879
6044 889 580 5714 901006 2844 51988
5817 1097 574 6636 901495 302 45563
5556 885 556 6485 1672196 357 695864
4511 827 565 6783 925019 311 49103
5199 866 553 6531 923565 367 48547
5470 902 592 6686 1546075 327 650027
5290 1042 558 6621 991926 494 59437
5962 829 580 6910 1335548 597 89658
5180 936 590 6625 1171390 464 256082
5900 969 562 6529 982732 310 50707
4981 865 601 6805 962062 458 74861
5115 718 565 6144 975190 326 50970
5488 928 617 6905 1325073 423 395982
4639 747 667 6759 1116995 359 178304
5261 876 611 6734 992915 360 72012
4967 902 613 6838 977292 357 63802
4562 734 613 6722 1005247 461 69191
5736 1013 646 6741 1016039 358 83812
5569 894 636 6969 963019 366 51041
4449 876 622 5603 1159970 578 126996
5645 1157 678 7111 1036059 392 68854
4619 1173 632 7021 997017 365 68082
4879 883 624 5640 1051269 536 76459
5324 865 627 5863 975602 387 55327
5678 1102 657 5349 965152 364 48071
5397 622 627 5652 1004420 401 50998
5301 921 658 7083 971391 364 49256
5396 1252 642 5662 989739 530 60395
5092 998 660 7249 1167838 451 59913
5349 914 629 6596 996127 392 51715
4690 998 646 6951 1000706 369 47822
5167 795 623 6958 978932 438 60267
4716 899 657 7064 982878 491 61588
4414 1251 624 5414 969503 379 50099
4793 1028 636 6945 997136 368 49158
5069 1029 646 6993 1056064 654 89535
4678 1012 769 6636 1024804 381 49704
5546 817 626 6930 976203 364 49426
4621 1255 635 6937 992205 473 51632
4940 727 657 5828 959497 437 55796
4693 775 662 7056 1026582 379 53070
4408 761 631 6897 1011003 395 75441
5296 738 630 6671 974189 437 54771
4341 1094 643 6796 986082 389 56272
4672 1115 672 6071 1024167 403 50649
5184 1025 700 5976 1030570 681 55692
4685 876 653 7276 981793 367 50337
4586 1013 652 5665 1005257 372 67142
4933 857 650 6875 976360 372 50053
4723 1190 641 6050 974305 482 50400
5012 1347 638 5670 959277 369 48183
5479 1195 644 5705 976408 399 51085
5552 1046 665 6022 1010722 371 49073
5354 758 645 6945 992656 1110 52664
4891 968 712 7216 1032004 607 78244
5395 754 665 7510 1030057 380 49787
5259 750 644 6602 966532 397 50667
5523 852 640 6524 984990 483 50777
4756 1224 664 6515 966981 368 48888
4636 1274 640 6736 971805 380 49348
4363 939 645 5843 976268 448 55225
5744 1248 673 6111 975884 432 68794
5403 820 643 6389 998909 445 70512
5647 1089 659 5881 1284931 1664 62792
5812 1488 745 6961 974299 396 53123
5508 954 672 6996 974917 407 55020
5381 1081 754 5795 1013416 1177 61295
11947 857 911 9347 1002477 853 79002
9505 981 972 7834 991823 420 57895
4880 691 668 7429 1032795 497 67785
5525 1110 680 6657 1000984 376 48830
5393 932 653 6632 1090734 1004 100736
6221 860 838 7859 1042577 377 52103
5767 994 661 7318 981673 503 50263
4501 1193 649 7027 995756 375 56185
4358 808 646 6559 973275 449 49535
5504 958 656 7106 991165 373 55643
4537 926 649 6758 1075053 810 65496
5269 772 689 5848 1035322 400 58396
5489 1092 651 7210 1025569 667 55581
5487 1050 651 6006 1002257 387 50021
5342 675 654 6686 1056917 1967 322604
14470 2510 2056 20191 1512572 1212 68690
5147 934 655 6039 1035694 400 70044
5477 832 676 7432 1117724 784 67588
5148 902 653 7087 1023505 442 57330
5825 1436 663 5853 997429 739 63574
5630 1015 677 6002 1034516 428 58392
7299 1485 985 10475 1017640 755 95971
7837 1947 788 11815 1094716 732 63579
4479 823 659 5901 1019194 402 51534
5869 1071 693 7506 1223799 4590 68590
5355 1116 700 7278 1078653 414 56917
5234 992 665 6666 1026164 684 66490
5890 766 692 7352 1178315 1017 84374
5780 1055 694 5925 1034552 376 49667
4532 1100 671 7155 1016543 812 94863
4901 1163 686 9214 1340772 750 73851
5557 752 662 6784 1051503 403 60240
5357 776 654 6016 1048028 561 57768
5745 1037 680 6030 1103305 510 58528
5432 1511 656 7553 1099376 435 73262
5366 1086 683 6403 1030977 723 77872
5224 868 732 6974 1084500 708 66656
5946 808 657 7269 990984 423 52158
5163 1372 699 6356 1035923 395 49822
5552 925 665 5954 1033895 784 81558
5743 779 694 6174 1050415 447 52351
5272 727 662 5831 1151273 1325 113688
9230 1356 803 8019 1295854 862 73461
6128 1288 810 8666 1099413 427 54367
5827 949 697 7599 1020320 736 51956
5706 794 667 6825 1028866 397 61094
5273 932 737 6287 1002126 1129 67211
5610 928 696 7051 1139234 810 111245
8452 1971 2043 7927 1348719 563 161764
5600 776 669 5988 1596276 943 133066
12022 2001 1911 6348 1068271 414 77978
4554 936 688 6169 1054429 734 77914
5714 1096 741 7173 1031000 394 51470
5323 671 666 7358 1043606 643 87088
5680 1208 670 7977 1023492 434 57793
5686 746 735 6507 1101191 714 73423
5326 758 668 7105 989811 436 58671
5006 882 836 10729 1084085 576 58283
6029 1070 716 6306 1021190 410 68026
4798 950 678 6054 1012209 400 54050
5819 1180 680 6165 996885 629 51597
5772 1012 683 6645 1022314 429 68622
5528 1169 676 6044 1020310 592 60796
5711 982 681 7601 1031773 448 81490
5763 1026 726 7002 979026 500 67230
5606 915 675 6531 1071770 415 127650
5832 1104 682 6129 984795 409 55732
5966 1054 704 6338 1027318 727 70896
6019 766 686 5987 2155390 731 1420607
5607 1527 962 8987 1223778 568 87217
5118 913 714 6405 1119418 623 60047
5513 1076 696 6119 1125049 649 70699
6221 807 724 7261 1115930 724 70475
5240 779 687 6217 1073098 1510 91344
36505 1007 2019 20500 1208860 702 94053
4670 937 693 6301 1214596 607 222194
6846 1997 992 6654 1182410 520 122844
5753 889 700 7488 1124624 641 101240
5438 979 711 7416 1261345 648 215117
5709 842 701 7488 1079567 496 70287
4763 1189 738 9394 1365282 594 264703
5316 1008 740 7448 1286530 727 84531
5720 1052 718 7446 2433102 654 1364998
6072 1119 753 8145 1513410 849 115320
6536 733 722 7720 1372314 852 83152
5195 905 744 7510 1061326 446 53106
5129 1031 729 7372 1104000 429 59820
5694 798 729 7598 1137413 1869 97833
8456 1052 802 7824 1174181 461 127674
4871 756 745 7817 3069121 1085 1823250
5897 952 755 7613 1119995 597 83446
5231 1424 770 7525 1221054 2350 112600
13606 1277 890 8771 1491288 730 250948
6367 866 781 7538 1197381 574 64744
5585 849 748 7672 1107854 630 67833
4822 1105 863 7472 1209136 522 65010
5022 1097 753 7808 1236038 655 88817
5919 1355 752 7313 1096767 500 59283
5530 802 782 7313 1098845 574 69140
5774 1304 752 7440 1203968 645 89583
5547 971 754 7371 1124388 568 66793
7184 1171 794 7519 1116402 501 74574
5674 1089 791 7649 1084330 475 54848
5126 666 763 7681 1127135 666 61740
4970 763 818 7838 1092992 513 75748
6236 903 836 9077 1097456 495 56739
5025 1027 763 7551 1102145 505 75340
5252 923 761 7289 1090908 471 63892
4782 1059 767 7678 1110217 495 75125
5833 985 762 7311 1084734 526 57915
4936 1206 775 7351 1243983 621 118242
5124 1121 763 7335 1125685 679 64154
5872 799 758 7738 1101687 491 57603
5613 1104 771 7862 1093562 529 61236
5210 1050 803 7679 1101794 524 61919
5649 837 861 7737 1105696 510 63732
5778 814 765 7745 1157559 473 124422
4767 995 772 7568 1145311 711 81788
6115 1079 798 7792 1085150 496 54808
6011 1133 802 7691 1101747 469 56229
5687 944 757 7342 1113042 540 65162
5652 750 771 7319 1087589 552 62222
5363 713 768 7729 1095166 625 62499
5015 1306 797 7874 1117816 475 55951
5712 931 769 7642 1109618 487 105373
5864 892 778 7627 1109023 575 60146
5045 878 780 7770 1097703 466 55820
5159 999 801 7618 1144215 543 57203
5799 1048 809 7488 1098018 465 55309
5105 1086 787 7779 1113127 574 105870
6030 1150 771 7393 1097123 473 57623
5748 961 775 7523 1087240 476 55884
5571 860 784 7667 1153164 684 57992
6066 1688 791 7833 1105382 745 62412
4832 880 768 7467 1090855 501 66322
5752 994 774 7736 1150043 662 67649
5720 1171 760 7738 4055830 659 2842820
6052 779 773 7364 1306779 535 74547
6072 909 802 8266 1277878 460 69077
5024 1186 769 7723 1275736 461 81639
5828 979 771 8095 1320171 733 105299
5675 2039 770 7419 1258092 477 71402
5693 860 763 7535 1274752 473 70372
4940 730 779 7700 1373578 548 96024
5760 822 773 7815 1275861 478 65239
6002 1017 771 8052 1264963 492 64859
5844 871 773 7400 1268724 478 64941
5554 945 767 7729 1321232 499 69007
5887 967 813 8224 1298495 779 76389
5683 1098 821 7794 1266137 501 65535
5098 1109 771 7709 1264150 465 65292
5735 984 799 8345 1264879 477 63696
5360 843 768 7810 1261232 468 66370
5877 780 770 7952 1765407 571 520367
5680 1278 776 7780 1284425 490 65976
5902 1122 773 7831 1369739 939 240460
11890 875 819 13646 1406055 670 94056
5830 1049 777 7712 1310858 473 79764
5917 1175 769 7797 1317916 488 67079
6240 847 770 7544 1280674 496 68960
4872 948 776 7584 1379365 1004 80107
6221 811 819 7732 4290105 620 2860101
5652 815 793 7914 1466477 505 141378
6021 1224 821 8104 1722249 580 88923
5916 925 805 7670 1503022 705 101460
6200 1079 848 8609 3051536 638 1636498
5839 1244 796 7778 1992539 1282 181225
5919 1276 907 8490 1601010 1002 110229
5922 906 826 7862 1500482 493 78523
5957 888 797 7794 1518157 1020 98556
6641 1532 835 7922 1463644 579 83399
5693 789 845 7526 1530095 1021 88555
5770 1045 807 7617 1806663 1079 90569
6153 1139 817 7886 1543022 605 80454
5914 1014 816 8210 2167484 1247 124112
7122 1283 832 8212 1454253 493 76601
5913 791 835 7910 1531765 574 89430
5858 797 804 7865 2056008 998 83542
5500 992 804 8070 1424205 489 76386
5769 1025 803 7626 1393907 476 74104
5463 983 785 7572 1397609 478 72578
5923 1123 793 7637 1428352 487 74889
5732 1733 792 7697 1420866 565 76807
5777 1272 819 8024 1395277 476 71502
5651 1003 794 7303 1404676 536 76437
5819 837 803 7608 1411827 582 77085
5502 884 792 7600 1526426 485 187655
5571 724 792 7812 1428063 503 81192
6064 1075 841 7827 1558091 493 220799
5957 981 826 7536 1790667 511 437659
5467 999 837 7924 1431499 508 80544
5552 858 829 8173 1461193 545 79598
5515 861 827 7519 1423810 611 76926
5768 1004 838 7824 1429119 508 76429
5687 777 829 7616 1438212 512 72561
5660 995 835 7602 1444475 516 84763
5667 1149 844 7663 1463338 535 113898
5670 1160 873 8175 1667610 545 319738
5978 859 889 8302 1509898 595 77834
5697 1085 821 7901 1612494 580 253028
5606 1050 828 8453 1583824 575 215453
5377 1153 893 8906 1444456 530 73465
5771 850 828 7797 1440389 513 74421
5721 1082 849 7837 1450188 538 83273
6123 935 845 7959 1494311 516 121916
5416 860 825 7905 1498330 667 83999
5658 1036 911 10248 1457023 513 74727
5854 935 840 7778 1452232 532 75425
5738 1065 832 7057 1564830 507 175564
5822 918 831 8062 1690111 540 314169
5648 1238 840 7745 1497948 808 101245
5886 1077 844 7814 1507418 541 76403
6078 1225 859 7852 1806547 960 662888
6047 879 860 7614 1476319 557 79135
5961 1564 879 8127 1497161 550 86492
6132 1007 879 7737 1461087 542 76434
5802 1075 870 7694 1491145 841 78411
5553 795 867 7851 1464439 545 74676
5566 1136 861 8134 1547281 556 164379
5575 1040 855 7645 1469810 601 84556
6532 872 923 8176 1481716 544 75288
5525 993 860 7584 1479920 767 79788
6269 987 933 8430 1480429 542 75549
5765 894 863 7808 1790996 581 95342
5687 1136 937 8362 1477828 567 86289
6003 1048 872 7770 1513874 587 99642
6076 945 857 7988 1479941 599 77068
5725 756 868 7946 1480075 871 79077
5864 1198 859 7747 1519513 540 129627
5608 927 857 8142 1491731 574 91714
5912 955 929 8052 1473675 551 83484
5820 1182 882 8141 1469699 551 75961
6443 1085 874 7916 1474738 595 80042
6264 1074 896 8396 1462305 539 75699
5220 782 882 7755 1487632 558 87993
6067 993 890 8219 1473170 538 76038
4821 943 870 7714 1482154 540 75406
5770 872 864 8043 1475167 532 75212
5051 1010 862 7989 1486213 551 81153
4864 1071 876 7698 1476302 721 86386
5805 1194 895 8575 1502237 546 86381
5603 1685 864 7984 1470339 544 75922
5645 892 881 7896 1493715 564 80614
5608 907 867 7814 1490946 860 87054
6161 1057 987 7960 1536361 798 80455
5701 1132 880 7666 1574576 616 81955
5427 849 877 8062 1526927 1066 82228
5723 1246 867 7714 1500045 558 89090
5880 1194 876 7929 1464584 542 75746
5674 1197 879 7721 1540032 636 86534
5913 1050 902 8776 1471785 733 81350
5821 962 895 7860 1474830 543 76074
5963 1150 865 7978 1465491 539 75733
5628 969 866 7753 1491017 549 104664
5694 888 866 8052 1465274 548 83346
5025 791 875 8691 1501572 527 96316
4916 981 863 7891 1461847 523 76517
4977 1030 866 7831 1474097 523 79580
5580 831 1141 8145 1479456 630 95230
5935 1078 857 7947 1481139 559 84632
6128 960 947 8875 1480836 527 79260
5520 1050 855 7919 1482116 551 82985
5679 828 854 7930 1465077 561 82309
6381 1132 880 8122 1484290 530 75792
5808 1079 863 7797 1489956 554 77282
5751 942 855 8046 1715912 1101 83270
5611 937 864 7771 1476346 544 77328
4976 1272 861 7927 1459359 540 79728
5637 900 857 7713 1482488 524 76005
4899 863 861 7696 1482222 567 79856
5248 1084 919 8646 1484420 541 74984
5679 860 858 8100 1465260 525 74784
5721 851 856 7757 1472777 528 76379
5725 1284 917 7790 1479013 535 76024
5940 843 868 8366 1471410 526 75421
5748 782 863 7914 1483639 532 77432
5714 889 861 7927 1459359 665 75715
5734 1229 855 7988 1549697 683 85580
5706 935 885 8307 1475758 538 75905
6024 954 856 7947 1462297 598 85831
6061 1171 918 8665 1492142 998 78346
4978 1133 854 7969 1483299 530 85702
5940 1198 861 8086 1502111 578 77786
4986 1013 866 8142 1476893 725 88252
5871 1346 877 7995 1487741 542 76089
5844 1194 896 8127 1473288 555 78419
5486 968 873 8130 1454989 523 87031
5003 1134 860 8023 1466139 534 75110
5893 1044 868 8038 1487537 569 77586
5923 806 870 8114 1471264 531 77483
5874 800 887 7976 1817420 662 372529
5834 1200 1125 9089 1703302 541 309808
4843 841 881 7836 3299854 860 1857717
6064 1198 986 8660 1801792 1205 152159
5678 746 886 7823 1488876 566 80488
5606 1053 882 8044 1478650 548 77172
5939 798 887 7941 1492313 588 98833
6780 1084 916 8442 1565488 559 97272
5637 1056 887 8114 1502708 823 103009
5997 1100 958 8094 1499215 552 92119
4931 921 891 8071 1487367 546 86344
4924 810 944 8150 1811497 657 385135
5554 1247 902 7899 1476184 556 75496
5856 863 905 8028 1483826 559 75359
5997 1027 917 7943 1488207 559 75982
5411 1009 903 8084 1485944 555 74945
5007 1070 906 8065 1520538 558 75439
4790 1069 911 8217 1479351 570 75262
6165 896 899 6794 1521180 636 91800
5779 967 937 8750 1584553 591 178188
5060 1055 930 7997 1502940 614 99480
5064 1030 931 7922 1485083 721 92475
5900 771 985 8092 1482726 592 76055
4822 820 945 8063 1491431 600 80571
5476 1071 932 8078 1485486 591 76126
5606 838 941 7963 1484369 622 76178
5774 1371 949 6766 1550961 597 77141
4799 1342 953 8161 1477761 1051 79351
5744 1499 957 7692 1806823 660 387768
5598 996 965 7943 1709442 1061 79477
5789 968 966 7854 1472523 669 87792
6583 1468 997 6925 1472973 623 77356
4901 1233 970 6949 1487667 620 75509
5643 962 957 8103 1476630 622 75776
4735 1107 966 8044 1500212 652 78418
5561 793 966 8065 1488855 635 81497
5662 770 990 8476 1505928 615 77352
5570 1096 972 7751 1567080 1290 85417
4882 1007 973 8092 1493406 688 81326
6218 1324 967 8593 1632843 657 221873
5093 878 1032 8673 1481626 642 77063
5785 978 992 7910 1473412 663 79110
6143 1005 956 7854 1513833 926 96446
4934 1043 980 7958 1481682 628 76625
4998 868 964 7756 1504212 620 77164
5800 1115 1003 8035 1518311 958 83201
5137 925 1102 7290 1507008 635 78203
5049 1031 973 7142 1482523 628 78761
5304 1117 971 8066 1508139 724 82237
6382 1040 1008 8199 1534823 648 126497
5914 952 983 8327 1488853 804 78831
5693 1109 964 8114 1476813 622 77830
5606 923 985 6972 1480022 617 76418
6190 909 971 7865 1616388 646 190298
4823 1028 1132 9192 1517450 666 78682
4789 858 987 7910 1513862 659 81998
5937 874 990 8261 1480497 627 77092
6420 1610 977 7983 1483408 844 77974
5875 976 980 6845 1472130 623 75863
6453 1069 986 8136 1487506 637 75976
5716 1132 985 7895 1493710 638 76636
5568 1222 981 8028 1489647 626 76540
5529 956 986 7913 1489245 622 76450
5000 966 994 8101 1541562 917 87952
5578 1467 1006 8257 1516050 674 80113
5639 1491 988 7935 1516959 638 78207
5687 887 996 8117 1483410 641 79212
5988 1192 984 7885 1474579 676 81822
5000 1090 1019 8607 1476938 791 76159
5641 1032 984 8091 1482671 657 78925
5102 864 987 8135 1474536 648 76014
5003 896 990 8000 1490658 625 76550
5968 892 980 6992 1482726 701 84135
6218 1321 1052 9056 1787621 1384 94562
4947 1208 999 8206 1497746 639 76857
6252 756 1028 8335 1540288 636 79090
5890 1210 987 7992 1474188 633 75443
5756 1115 992 8171 1494323 739 92011
4948 1046 991 7978 1725321 895 87599
6795 1332 1050 8564 1517075 636 102170
5824 1088 989 8207 1577052 1462 103511
5026 970 1027 8367 1492246 630 76565
5706 1158 995 8411 1527814 706 107773
5664 1077 997 7984 1503065 1708 98152
5499 896 1020 8356 1496679 688 78499
5869 1090 994 7400 1651513 671 209947
5076 963 949 7392 1480454 589 78348
4938 1214 971 7254 1493558 605 78634
5592 988 994 8185 1483825 652 78311
5639 1121 957 8289 1510576 663 97359
4786 1079 952 8229 1565320 620 82833
5895 1105 970 8262 1516628 604 77986
4769 907 945 8147 1484920 817 78656
4913 1227 960 8159 1494069 585 76537
5165 955 951 6989 1495376 654 82439
5265 1058 972 8607 1494226 601 81820
6283 955 952 8116 1492960 623 78284
6129 810 967 8228 1667595 1098 224666
6004 924 1012 7394 1529138 663 135464
6459 1207 1028 7716 1498629 660 100296
5823 823 1019 8437 1516582 1061 98674
5370 1124 1061 7432 1470957 640 88185
4812 902 1005 6961 1489998 644 89369
4988 922 1045 8319 1470214 644 85047
6214 1335 1072 8620 1511940 739 89655
5774 771 1072 7511 1458873 763 80070
5963 1168 996 8397 1467786 650 83590
4898 810 1000 7992 1484514 650 76664
5372 1033 997 8399 1488649 679 79312
5942 1010 1003 8317 1501329 637 77165
5000 1045 1016 8143 1495325 665 76112
5657 1008 996 8461 1552535 1753 94816
6546 922 1108 8148 1482042 640 77118
6505 1076 1090 7191 1479566 768 85955
6171 1093 1205 10089 1531123 878 82264
5719 879 1036 8310 1475211 699 76861
5418 877 1296 8073 1476230 647 77519
6371 1217 1212 8567 1493332 640 77502
5431 869 1171 8209 1791580 1532 87762
5176 1006 998 7103 1496053 656 77901
5738 1082 1002 10050 1527261 964 79995
6194 1216 1006 8423 1474931 647 76450
5218 861 1010 7127 1482501 687 77630
4993 1062 1006 8335 1466932 655 75976
5973 1250 997 7237 1496068 658 76809
6009 1067 1039 7338 1488955 652 76137
6405 1066 1012 8162 1569851 1005 87530
6210 1124 1037 8367 1486330 651 75609
6093 1007 1034 6868 1484101 640 75519
6352 869 995 8061 1757193 1028 169334
4749 866 995 7007 1498660 642 81409
4906 893 1002 8518 1508564 779 84500
5071 1142 998 8328 1484546 641 101096
4961 1103 997 6987 1480817 633 80540
6195 992 992 8170 1516362 641 78010
6252 640 996 8785 1484090 656 79471
5152 809 1055 8634 1489288 1474 96020
6715 1032 1062 7353 1492400 1113 87488
4967 1114 999 7370 1494957 634 76628
5249 1303 987 7305 1582753 636 132951
4788 944 987 7095 1509436 648 82130
6199 950 991 8402 1504710 1116 98447
6324 1103 985 7364 1470380 622 76701
5873 981 991 8152 1496468 647 80775
6287 1306 1061 8815 1508358 631 81248
6158 1052 1003 7341 1502961 615 81246
6164 999 1004 7020 1487380 618 76589
6122 1113 983 7218 1493062 616 76950
5927 1244 985 7333 1538159 1626 113350
4989 1293 1023 7475 1489900 628 89028
4951 1086 1004 7291 1506530 670 84578
6227 1020 994 8348 1467076 625 75589
6263 813 989 8286 1513510 1083 102355
6044 1109 994 7288 1486039 666 86640
5032 920 1018 8735 1506792 634 81939
6057 934 996 8184 1468536 621 76178
6137 1019 999 7109 1797615 1807 92439
6415 1165 983 7296 1482407 623 76582
6358 1230 1004 8343 1508973 620 78177
4833 1296 998 7279 1488196 645 88975
6288 1244 1112 7622 4562433 1054 2943552
6249 954 1072 7391 1507187 765 88354
5916 1118 1063 7554 1489736 846 83233
6273 1662 1071 8941 1640956 1950 189487
7139 967 1166 15899 1503269 938 81135
6102 1141 1108 12917 1490658 870 82690
5867 929 1071 8704 1480669 749 85082
6097 1295 1066 8849 1490524 731 81926
6362 1276 1085 7420 1486496 748 77324
6086 865 1082 8911 1679467 1016 270966
6206 987 1139 9147 3300309 863 1863434
5947 1132 1103 9113 1490819 828 77905
6341 704 1115 7343 1515533 863 77931
6049 1222 1104 12960 1487421 747 86351
5008 1093 1107 9315 1492540 765 76571
6017 800 1124 7369 1499636 767 81611
5715 931 1106 7394 1489518 726 76594
6078 1038 1116 7410 1533260 768 88254
6527 924 1125 7435 1483880 769 77163
5984 977 1118 8864 1507424 754 80647
4961 1247 1126 9203 1491053 905 85468
5296 1511 1140 11893 1664366 1656 103617
6612 964 1216 11435 1609937 1458 109417
6112 1188 1203 9612 1645918 1888 125011
6440 1001 1208 12791 1586134 2014 144025
6417 883 1270 8819 1576597 2562 125579
6319 1405 1179 9392 1543603 1909 114252
6406 810 1203 7640 1545149 736 89538
6154 783 1114 7087 1471711 740 82073
6135 860 1112 8950 1801512 1766 139792
7085 1214 1190 9362 2949875 1351 1290104
6403 1438 1166 7408 1518587 780 89134
6100 717 1152 7408 1508558 1108 87892
6566 1224 1158 7562 1483636 850 80688
6244 1102 1157 8491 1561359 1180 124858
6799 1302 1275 10280 1488717 802 82844
6474 1072 1188 7815 1486162 763 76229
4982 831 1226 7618 1575490 1787 113288
6262 945 1155 8811 1527557 770 90633
6175 1201 1158 7216 1482243 789 94321
6055 648 1196 7478 1542702 824 95961
5923 1142 1173 9036 1485205 1788 82583
7047 1436 1270 9255 1489673 780 83375
6070 1174 1168 9086 2124205 1106 725423
6506 1223 1228 9431 1501253 788 77367
6317 1099 1154 8682 1549184 1447 120845
6013 1096 1164 7374 1562329 947 159157
6615 1243 1161 7833 1471360 804 77602
6411 1268 1376 7779 1493250 778 83034
5060 1152 1158 7274 1898898 1129 521862
5983 1178 1165 9143 1506767 788 85422
4714 1119 1156 7222 1713937 1857 120048
5671 1060 1163 7432 1636219 937 91984
6310 1126 1261 10013 1507080 1712 85445
6188 1500 1159 7407 1522481 813 78246
6204 1002 1168 8950 1504095 788 82521
5964 1129 1176 7309 1498532 802 81332
5816 1594 1167 7375 1543520 2041 103796
6539 1176 1190 7595 1507892 827 80391
6179 985 1168 7265 1493264 834 81532
5759 1011 1173 7623 1499301 1750 99810
6241 787 1189 7614 1488720 793 87659
6404 1103 1187 7500 1688256 835 239017
6294 954 1171 9180 1494011 793 88844
5822 1123 1159 9107 1547135 2050 110725
6692 1272 1438 10146 1541959 836 100316
6029 1060 1186 7501 1494830 831 80720
5862 948 1171 7772 1488099 1099 85246
5882 1158 1172 9442 1505220 912 82513
6203 957 1264 9730 1549318 868 95981
5258 1067 1474 9095 1474091 799 78541
5738 1064 1171 9126 1480062 1069 81552
6026 1089 1165 7214 1568929 978 91113
6311 1112 1202 9419 1679645 2529 144797
7004 1031 1329 11865 1545497 794 124321
5971 1046 1172 9107 1527342 1193 94977
6094 899 1174 7374 1493700 837 77608
6363 1031 1171 7358 1493305 810 79391
5992 962 1170 7434 1507102 790 87973
5985 1072 1184 7619 1501880 1122 84836
5943 1208 1197 8573 1514673 822 83089
5936 1112 1178 7427 1502965 886 86127
6325 1210 1530 9832 1511141 1154 104376
6346 1072 1254 9676 1512778 1064 117796
5943 1120 1225 11015 1456600 823 80724
5840 986 1183 9929 1469941 798 80530
5508 1052 1196 8983 1488623 795 84237
5914 866 1207 7828 1489646 1119 80868
6169 1038 1176 9105 1477815 948 80357
6317 1336 1185 7482 1545731 1305 150920
5580 1154 1330 10640 1612600 2072 90386
6000 1001 1180 9580 1545242 841 111483
6641 1413 1207 10350 1528307 1347 85063
6219 1239 1245 7609 1496000 826 86660
5981 1249 1231 9570 1494606 829 82714
6679 1363 1262 9959 1500515 796 77109
6019 993 1187 7597 1508068 2603 101186
6379 923 1263 7623 1506572 800 83798
5594 853 1181 9252 1509532 795 78057
6097 1259 1171 9241 1493529 787 77299
6341 1135 1186 7458 1488184 799 77409
5901 869 1186 9102 1493277 800 79821
6525 1010 1213 7702 1542457 2697 101849
4910 2617 1351 9491 1491043 790 77208
5925 1013 1193 9248 1669101 2034 107302
6117 1125 1178 10597 1472981 843 85556
6311 1189 1189 7940 1637466 1902 89473
6030 1217 1197 9550 1500736 790 80132
6254 1264 1192 9030 1513449 1274 99039
7078 1012 1277 10218 1489027 795 78650
6012 1004 1175 7537 1510966 1673 88519
5771 1110 1199 9541 1534368 821 96893
5856 1107 1190 9254 1479318 945 78922
5746 1513 1190 9254 1481158 790 77507
6112 1069 1193 8469 1477111 802 78163
6084 1341 1191 9159 1500257 1857 99697
6009 824 1198 9619 1529828 851 84095
5924 826 1220 9338 1509723 809 81741
5807 996 1215 7435 1505425 835 88098
5904 926 1192 9648 1493236 793 81238
5974 868 1197 9194 1502122 817 89446
6200 735 1199 9801 1577692 1850 81038
6477 862 1264 10113 1506215 794 102536
6675 1032 1340 10407 1529252 837 103837
6013 1101 1202 9264 1550893 2034 98573
5698 1355 1200 9272 1512191 803 103958
6094 1193 1227 9861 1509449 789 76981
5795 893 1188 8865 1595352 1912 96601
5843 1036 1194 9268 1517224 800 85943
6157 949 1223 7591 1649185 2040 118502
6323 1056 1213 7852 1507813 873 99683
6363 1293 1275 10627 1496083 792 85430
5924 976 1196 7821 1512248 1911 103812
5848 887 1201 9107 1511843 879 90638
6164 900 1295 11558 1588444 2389 107022
6494 892 1336 13838 1649580 4727 123625
6377 1036 1207 9197 1837080 2768 127489
5180 1245 1273 14622 1598580 804 109274
5509 1002 1191 9844 1535592 1270 275762
6068 1424 1222 9537 1677014 916 159801
7073 2379 1335 10171 1554268 1823 89976
6092 1393 1198 9031 1506524 789 78102
6315 1061 1204 9400 1479837 853 94048
6611 1208 1333 9797 1540639 815 113914
9044 916 1233 7943 1572671 2185 103567
6026 995 1198 9649 1499695 804 79714
6055 1352 1201 9628 1495976 803 77988
6364 955 1194 9255 1488648 920 86084
6652 937 1290 9826 1538000 845 131058
5932 1160 1225 7659 1527941 859 84735
6205 1081 1254 10113 1493648 1203 85850
6113 1092 1199 7556 1743521 932 106004
6342 1186 1240 10097 1655111 1098 109201
5986 1399 1159 7458 1496098 754 79273
6011 958 1157 7691 1646829 1106 107030
5996 910 1276 9029 1508615 756 82209
5947 738 1158 7549 1493687 760 79487
6118 900 1200 7496 1585523 800 97563
6116 1093 1164 8953 1764966 2188 139263
6065 956 2454 10092 1554663 991 82910
5933 1082 1194 9611 1518078 1068 79684
6372 874 1176 9215 1482863 795 77420
5672 938 1183 7428 1487609 765 78720
6124 795 1175 8985 1479664 764 77994
5848 1040 1179 7635 1503928 827 103773
6449 1166 1232 9704 1575854 2191 92372
6162 1001 1184 7540 1535149 947 100365
6450 1071 1249 8008 1474547 767 77910
6102 1334 1189 7780 1510678 2050 105555
6757 1037 1273 9963 1497086 770 79957
6096 1023 1189 9720 1504441 983 96069
7378 913 1229 10281 1533518 1235 79972
6100 1506 1221 7504 1519788 785 80087
6071 1185 1191 9709 1477693 771 76751
5862 1065 1191 9679 1492752 771 87040
5660 1309 1189 7766 1714160 2232 104950
5884 1152 1225 9609 1529265 851 107602
6635 1170 1292 9927 1501892 852 91440
5997 894 1200 7694 1528930 793 86478
6181 1177 1195 9178 1486811 775 77952
6158 1099 2652 10212 1634272 4717 176757
7255 1146 1265 8452 1664979 1294 83180
6054 995 1205 7562 1489460 785 80787
6185 1138 1192 9442 1498827 789 77324
5745 698 1205 9067 1499912 814 80875
5593 1203 1228 10063 1493979 802 88137
5481 1049 1191 9496 1531063 2073 88145
5668 876 1206 10599 1488858 811 81967
5965 1000 1193 7691 1515391 796 78887
6406 1072 1208 9170 1498189 791 104063
5709 826 1198 7547 1484775 783 76568
5961 1022 1200 9441 1525667 2155 84056
6103 1057 1201 9569 1493833 778 78034
5860 1020 1209 9178 1517119 836 78909
5966 1096 1205 9238 1486437 791 78703
6034 1135 1212 7783 1462979 786 76739
5849 1064 1204 9449 1515497 1129 89196
5774 851 1197 9374 1481536 833 77132
6415 1153 1230 9548 1530017 789 102118
6302 998 1200 7529 1484522 800 78738
6010 1123 1240 9329 1483703 798 75390
5825 936 1201 9329 1501217 1271 78079
5912 1241 1210 9573 1534676 799 80353
6113 1222 1203 9826 1499457 800 75812
6237 1323 1260 9144 1565999 869 146955
6046 932 1260 9524 1519449 1229 89448
5917 1325 1264 9336 1615080 932 110536
6544 894 1287 8102 1507446 1521 88162
6474 889 1347 8143 1497124 879 85616
6359 876 1308 10082 1496048 844 77744
6095 988 1275 9531 1503465 847 90481
5720 1133 1261 9618 1490407 867 77381
5968 1079 1257 9598 1570262 948 106585
6343 1214 1267 7874 1491502 1303 83997
6564 1324 1420 10609 1476785 841 76867
5922 1011 1274 9426 1487842 846 84374
5592 866 1262 9189 1500054 843 80958
6286 878 1270 9728 1500207 883 81001
6159 868 1308 9981 1543754 2059 114471
5904 1177 1278 9336 1483063 852 76911
6209 1063 1270 9486 1493536 870 78710
6054 796 1279 9718 1501867 866 80160
6053 1074 1306 9863 1504938 851 75810
6196 918 1268 9334 1499803 1281 103463
6121 808 1259 9316 1614198 1146 141052
18309 2982 1397 10773 1546736 2087 99354
5790 1110 1277 9371 1494711 879 92759
6763 1571 1270 9737 1784901 2145 214834
6297 1359 1291 9227 1503246 914 84661
6296 1148 1368 10103 1493883 869 83224
5843 1281 1292 10161 1526943 993 94209
6385 1092 1279 10305 1500299 1285 83339
6043 838 1265 9485 1480779 873 78091
6323 826 1364 10275 1479944 859 77227
6061 937 1265 7829 1488227 847 78597
6041 967 1265 9537 1583411 1360 122978
6192 1178 1292 11699 1492864 897 79217
6340 1123 1353 10351 1531124 887 77563
5890 1122 1265 9614 1528788 1452 81905
6105 1182 1291 9770 1498658 865 76430
5802 884 1272 9588 1483711 877 77358
6232 897 1276 7490 1473982 907 85782
6395 986 1324 9845 1556503 1450 85242
6195 1253 1268 7700 1489860 844 77424
5934 1231 1295 9736 1489231 886 103942
6312 954 1274 9225 1496296 863 78104
5888 1128 1270 7635 1535930 887 82774
6264 829 1337 10061 1506058 1325 82546
6421 873 1276 9709 1498647 862 78080
5770 1202 1267 7799 1502943 925 78763
6258 1436 1291 9864 1511690 883 77248
5989 1273 1269 9480 1488171 859 79044
5980 1390 1273 7732 1495266 1308 81273
6036 895 1280 9659 1518017 847 97215
6482 950 1280 9722 1484619 896 86536
6430 930 1340 9704 1513835 859 86728
6846 1081 1285 9973 1525886 925 89060
6470 1156 1358 8527 1600003 2233 112662
6062 1034 1281 9121 1506264 863 78542
5926 1850 1684 8048 1491803 979 100977
5944 1236 1366 10280 1788981 2159 92652
5621 897 1283 9516 1547076 877 108721
6118 1336 1333 8479 1522373 857 88211
6445 1104 1277 9685 1599763 3017 107196
6526 794 1285 9403 1490430 863 78439
6085 1072 1280 10164 1544468 957 87134
6077 952 1282 9640 1509661 1314 79778
6106 1197 1288 9788 1476485 853 75641
6116 1152 1273 9455 1534057 863 134869
5960 1150 1273 9627 1582974 1342 88225
5905 1106 1286 9858 1510824 844 85181
5762 1258 1288 9950 1491529 886 88736
6223 964 1338 9997 1477370 882 78811
6356 987 1328 9887 1604208 2409 105776
6061 900 1314 9835 1494934 877 77135
5934 1297 1284 9567 1555356 960 114301
6684 1242 1384 10878 1508356 857 76950
5775 1058 1286 9320 1486554 1166 78199
6185 1083 1293 9838 1483528 1226 84180
5955 823 1282 10082 1790829 7923 105397
6253 1093 1283 10130 1488937 888 78632
6300 1392 1290 9700 1486447 906 78065
6463 1315 1353 10412 1501592 872 78654
6079 950 1291 9581 1493878 848 76589
5842 703 1301 9531 1667375 2505 100060
5804 1107 1314 9932 1643119 899 110460
6268 804 1288 9583 1480059 916 88859
6272 919 1392 10149 1558685 2249 101270
5924 840 1292 9645 1494106 871 82153
6208 1132 1292 9712 1500368 855 76592
6154 990 1336 9726 1481565 859 76547
5924 919 1289 9411 1500415 855 78883
5790 1006 1281 9777 1606899 2259 111488
6363 1026 1345 10090 1482884 874 78745
5929 862 1292 9853 1843719 2630 97150
6296 814 1303 10208 1530078 858 79016
6023 1440 1299 9641 1495409 913 81550
6178 1087 1305 10299 1493952 1273 78247
5902 1068 1307 9549 1491625 860 80447
6035 1400 1289 9365 1477136 866 77600
6237 1052 1312 9902 1492414 934 83039
6156 1441 1298 9568 1484685 889 78411
6131 1063 1361 10042 1484514 871 77776
5961 1258 1292 10032 1606544 2529 107710
6166 1194 1363 10250 1499323 948 102954
6610 1113 1371 10269 1523464 870 76615
6357 952 1300 12571 1531303 2523 108783
6048 930 1318 9762 1532831 936 98580
6149 1170 1321 10094 1519696 870 82726
5995 974 1329 9732 1492822 1324 79004
6176 838 1294 9736 1489506 858 85817
6217 802 1297 9818 1507825 873 88789
6942 1318 1397 9786 1551348 909 125976
6555 1020 1379 10193 1497085 859 80343
5962 883 1298 9654 1501191 942 86252
6374 933 1408 14134 1500504 1794 82268
6345 1361 1372 11852 1526009 874 92578
5904 957 1303 9840 1559055 1438 96657
6172 997 1309 9979 1496741 865 77689
5905 826 1312 9892 1482712 858 77626
5991 997 1315 9765 1857237 2347 145049
6185 1107 1310 9846 1515690 884 82685
6189 961 1362 10160 1492713 1029 84596
5962 1183 1410 9931 1541827 2567 107673
6186 1350 1347 15595 1528216 860 81944
5729 1210 1333 9834 1503745 869 77076
6334 1177 1294 9754 1482828 999 100992
6162 992 1412 10942 1533202 2313 89625
6148 1349 1331 9617 1516350 866 102632
6090 1085 1303 10159 1489519 880 77911
6080 1502 1348 9725 1474270 864 77608
6281 900 1296 9807 1559065 1409 84908
6200 1049 1302 9610 1524141 892 102244
6201 960 1377 10274 1623642 2996 102774
6617 1254 1413 10969 1528774 869 95604
6023 978 1298 9628 1489199 874 83618
6136 976 1299 9719 1484985 875 76909
5548 1061 1302 9703 1492470 890 84234
6430 970 1306 9752 1483812 869 77984
6399 1243 1298 9982 1476358 877 78196
6022 996 1299 9977 1495035 889 77508
5856 1345 1309 9930 1525161 2534 110718
