RIndependent Gonzalez BaselineGreedy Bottleneck Dynamic FullyDynamic
1115 197 122 1471 10750 73
1086 236 127 1751 15878 74
1124 227 115 1489 15227 75
1128 208 132 1626 14154 76
1392 161 141 1493 13522 70
1326 225 113 1546 15683 68
1292 182 133 1801 13919 71
1350 277 149 1730 13857 70
1179 239 130 1512 13772 70
1141 208 129 1877 13512 69
1203 208 118 1620 14577 72
1243 205 164 1843 15044 72
1424 199 125 1918 13996 75
1456 275 117 1607 17130 105
1254 242 201 1674 16185 73
1265 269 147 1983 15379 74
1406 247 122 1960 14686 75
1235 335 125 1907 14815 78
1380 338 125 1874 14294 76
1517 318 193 1699 15210 76
1384 281 130 2003 15100 77
1326 211 126 1968 14876 78
1325 285 126 2090 15138 79
1230 456 131 2021 15033 77
1272 287 130 1863 15128 78
1356 224 204 1979 14729 78
1506 222 211 2073 15527 80
1312 229 133 1890 15113 81
1341 172 135 1944 14788 79
1458 222 136 2053 14547 81
1379 248 182 1981 14602 83
1278 290 183 1780 14914 82
1435 228 137 2001 14517 81
1353 371 135 1862 14905 81
1225 150 164 1831 14649 83
1346 228 140 2122 14444 83
1411 350 140 2071 14902 85
1672 310 141 1827 14636 83
1296 233 140 1876 14632 86
1472 170 189 1881 14391 82
1416 273 188 2060 14597 83
1489 169 144 1791 14847 83
1483 207 191 1907 14389 84
1308 158 243 1995 22321 84
1399 235 283 2034 15995 83
1308 218 144 2165 16364 83
1332 167 144 1945 16258 83
1622 329 152 2126 16012 83
1372 319 151 1894 15962 82
1377 214 143 1896 15955 82
1414 244 148 1950 16290 85
1550 245 293 2082 16222 84
1267 303 149 2201 15982 88
1291 335 146 2227 17784 85
1289 240 151 1863 16569 94
1308 243 149 1995 16212 83
1296 331 153 2193 16010 84
1344 277 151 2140 16190 84
1476 310 153 1948 16603 85
1241 158 151 1948 16196 88
1391 339 155 2158 16215 83
1538 162 158 2092 24433 87
1376 346 153 2102 22660 87
1420 291 160 2389 22005 90
1575 290 156 2421 20875 90
1288 266 165 2451 20517 90
1516 168 209 2526 20259 90
1391 307 165 2579 21106 89
1710 366 157 2216 20200 97
1438 158 166 2059 20127 89
1524 334 293 2391 20320 92
1545 409 163 1999 20155 94
1662 377 164 2260 20122 91
1669 399 167 2357 20169 92
1674 250 162 2535 20764 93
1533 272 222 2457 21683 92
1593 272 165 2316 20333 92
1586 351 163 2455 20396 91
1534 418 166 2329 20254 91
1585 274 168 2293 20367 95
1577 160 171 2383 21015 92
1463 376 168 2310 20481 90
1622 383 169 2335 20857 92
1543 252 170 2285 21649 92
1531 325 163 2322 20621 92
1590 319 165 2296 20522 91
1479 353 174 2395 21907 93
1547 377 174 2491 20226 92
1559 347 170 2327 20463 93
1487 210 176 2394 20693 94
1519 266 172 2413 20419 95
1624 166 176 2346 21430 94
1391 343 169 2412 20524 93
1638 170 177 2357 20335 93
1528 373 178 2350 20482 94
1584 383 178 2617 20502 94
1760 163 171 2634 20573 93
1603 248 178 2592 20421 94
1407 273 176 2554 20898 94
1469 240 180 2381 20885 96
1740 413 184 2432 20477 94
1601 370 187 2490 20241 94
1678 174 189 2416 20852 96
1694 180 184 2412 20574 95
1686 380 182 2189 21106 93
1551 499 174 2225 20461 93
1607 386 183 2244 20728 94
1669 234 176 2515 20580 94
1821 297 185 2518 20498 93
1410 388 184 2473 20658 95
1683 285 179 2682 20621 94
1720 315 182 2558 20781 120
1469 256 297 2470 20326 96
1660 299 181 2339 20544 95
1650 293 185 2627 20466 99
1570 299 180 2674 21294 104
1640 221 199 2475 21550 102
1674 532 181 2697 20997 100
1429 183 196 2327 20855 99
1720 441 193 2334 21043 107
1865 327 188 2638 20818 101
1591 236 188 2925 20546 99
1654 188 191 2652 20494 97
1457 214 303 2356 20517 106
1712 371 186 2731 20275 108
1648 341 183 2588 20818 100
1774 318 194 2677 20383 100
1683 208 194 2600 20794 100
1575 337 194 2880 20191 99
1657 316 211 2884 20107 108
1967 345 194 2362 20071 101
1735 305 186 2355 20090 101
1853 250 293 2386 20188 106
1620 190 373 2470 20130 115
1710 326 196 2754 20176 107
1836 246 199 2695 20270 116
1779 468 193 2888 20350 110
1734 246 201 2902 20157 108
1686 367 193 2408 20511 109
1687 193 202 3011 20221 107
1484 396 189 2623 20465 109
1854 354 190 2413 20470 126
1454 562 201 2646 20301 110
1661 406 192 2396 20895 109
1606 414 203 2631 20313 117
1469 186 202 2681 20783 110
1662 368 200 2918 20381 111
1625 392 203 2400 20625 111
1457 308 204 2723 20206 121
1733 441 204 2447 20396 113
1818 242 195 2624 20197 112
1681 273 191 2456 20240 112
1461 196 403 2637 20100 118
1721 394 192 2676 20353 114
1461 308 193 2448 20449 113
1648 378 207 2421 20578 126
1760 283 198 2650 20487 114
1450 207 266 2715 20581 116
1843 215 197 2813 21042 115
1622 410 196 2854 20285 117
1730 206 210 2443 20631 115
1630 294 228 2931 20125 115
1654 186 194 2462 20895 120
1789 333 197 2469 20364 118
1700 416 215 2847 20467 121
1909 253 212 2706 20330 142
1556 399 211 2977 20151 123
1696 358 210 2980 20260 119
1715 247 211 3107 20419 159
1666 329 204 2997 20264 125
1645 234 213 2769 20127 121
1942 292 212 2923 20376 119
1577 416 206 2918 20560 123
1703 283 211 2527 20514 135
1749 220 204 2829 20466 123
1794 356 207 2916 20382 124
1743 248 242 2869 20077 124
1736 293 213 2529 21029 122
1613 342 211 3029 20099 123
1737 380 208 3072 20552 123
1638 396 217 2972 20422 123
1709 224 204 2632 20392 123
1519 332 213 3063 20365 124
1538 251 217 2947 20283 136
1733 237 208 2605 20597 127
1681 264 205 3065 20218 151
1862 315 203 3016 20496 140
1751 359 206 2974 20394 139
1625 409 224 3043 20080 141
1690 233 205 3072 22075 171
1791 271 225 3083 23728 228
3097 217 244 3145 20935 207
1787 364 209 2912 20485 198
1652 417 224 2967 20581 197
1815 226 237 3059 20299 197
1763 238 213 2960 20375 197
1726 387 208 3042 20306 196
1756 249 247 2992 20526 201
1638 378 211 2944 20394 211
1716 230 212 3057 21062 209
1688 427 216 2883 20904 203
1682 437 215 3095 20438 200
1713 281 224 3045 20254 203
1801 315 212 3042 20145 205
1615 321 228 3047 20592 204
1724 272 237 3017 20557 206
1731 366 223 2995 20589 205
1789 181 213 3028 20128 205
1720 339 228 3089 20438 204
1771 214 216 3120 20408 207
1708 232 227 3113 20112 203
1664 431 211 3029 20196 204
1621 190 219 2996 20411 190
1727 335 226 3012 20471 190
1635 297 216 2681 20108 188
1688 226 215 2748 20211 188
1702 216 220 3215 20297 192
1745 304 235 3057 20346 188
2083 288 240 3167 20176 188
1827 256 227 3085 20470 185
1640 361 233 3074 20215 188
1792 263 240 3178 20322 190
1754 228 243 3069 20208 186
1735 423 231 3034 20052 192
1709 388 229 3174 20682 200
1793 367 256 3540 21576 219
1835 232 235 3346 20998 195
1841 301 240 3148 20737 192
1792 315 335 3488 21324 194
1742 258 241 3364 20831 195
1825 265 233 3305 20492 199
1774 323 234 3179 20464 197
1675 291 229 3147 20439 200
1683 251 225 3121 20327 190
1729 332 250 2938 20303 188
1732 277 239 2853 20432 188
1738 373 232 2810 20485 193
1793 335 240 3206 20489 194
1729 349 253 3228 20359 189
1691 301 234 3293 20202 208
1751 293 239 2837 20122 254
1830 239 242 3140 20234 213
1783 232 324 3334 20912 207
1758 225 241 3124 20775 209
1738 179 240 3140 20123 208
1658 389 251 3149 20391 214
1768 317 366 3292 20318 231
1834 267 234 3312 20728 229
1593 332 229 3233 20559 230
1779 218 255 3224 20572 230
1581 226 254 3329 20178 229
1854 200 235 3341 20343 232
1774 308 284 3272 20378 235
1773 331 234 3292 20489 239
1769 279 237 3278 20255 236
1585 406 254 3344 20386 232
1701 281 268 3307 20596 241
1655 491 281 3604 21481 243
1729 463 246 3553 21901 258
1939 326 247 3613 21199 265
1857 312 254 3516 21761 246
1947 313 261 3514 21383 251
1778 355 271 3443 21493 241
1716 381 260 3528 21127 237
1838 327 250 3686 21698 254
1907 254 241 3707 21484 264
1837 367 273 3575 21646 248
1909 303 266 3736 22161 245
1656 268 271 3595 21250 244
1872 398 283 3680 21428 262
1804 357 252 3602 21162 252
1799 257 251 3521 20999 242
1604 263 253 3526 20996 238
1822 442 488 3373 20685 230
1774 319 265 3370 20648 232
1671 255 270 3473 20607 234
1812 240 259 3340 20682 248
1886 347 276 3645 21124 252
1645 430 256 3476 20845 241
1683 225 261 3442 20312 248
1706 353 250 3405 20286 230
1708 256 249 3324 20037 227
1710 307 249 3365 20491 225
1690 241 241 3484 20192 238
1632 211 263 3417 20254 234
1586 316 252 3511 20252 230
1764 276 250 3395 20177 243
1702 273 257 3406 20520 239
1691 331 252 3445 20600 231
1911 343 241 3495 20244 233
1759 297 250 3422 20165 231
1556 259 267 3471 20357 259
1738 293 269 3437 20683 231
1716 258 249 3498 20209 234
1558 397 255 3496 20319 235
1702 507 245 3578 20411 229
1732 206 250 3404 20435 231
1570 364 259 3543 20324 233
1912 313 257 3514 20531 230
1548 229 250 3516 20437 231
1808 401 252 3557 20353 244
1838 255 254 3479 20461 231
1625 299 280 3477 20492 236
1954 323 258 3499 20288 233
1742 506 274 3469 20287 232
1871 252 256 3505 20176 235
1741 219 259 3501 20186 232
1702 248 274 3488 20283 233
1740 214 257 3469 20397 236
1700 300 258 3459 20312 232
1720 302 254 3521 20070 230
1687 494 265 3410 20163 236
1715 287 260 3539 20470 236
1715 246 263 3497 20610 236
1714 245 270 3444 20434 251
1762 282 257 3437 20090 234
1697 221 493 3465 20331 239
1781 257 261 3597 20320 244
1902 290 266 3864 20665 254
1902 347 274 3515 20066 238
1715 277 265 3494 20112 235
1887 229 263 3456 20001 232
1765 298 265 3607 20006 233
1788 314 261 3500 20071 233
1775 266 269 3471 19972 232
1748 218 352 3522 20031 232
1749 306 267 3499 20052 234
1835 251 296 3506 20263 250
1926 344 279 3830 21570 251
1815 345 271 3784 20961 249
1969 281 285 3710 20731 249
1817 364 277 3657 20754 250
1847 312 284 3883 21072 253
1989 226 288 3753 21290 259
1796 312 282 3783 20066 239
1771 350 277 3616 20097 233
1948 264 332 3614 20122 236
1873 269 266 3668 20028 236
1711 322 301 3654 20011 235
1795 336 279 3568 19997 235
1915 291 270 3630 20029 235
1763 326 278 3589 20024 235
1774 274 297 3595 20217 240
1914 232 272 4034 20056 237
1798 378 273 3578 20113 233
1697 248 268 3768 20188 232
1732 237 299 3738 20036 230
1762 247 282 3650 20111 231
1815 251 301 3824 20081 231
1815 318 285 3603 20319 247
1918 284 285 3708 20475 231
1851 252 283 3688 20401 231
1748 278 308 3754 20447 232
1765 230 297 3750 20094 234
1867 274 289 3792 20024 232
1792 303 283 3761 20208 234
1772 279 283 3739 20613 232
1852 243 333 3831 20365 232
1837 352 277 3817 20705 231
1785 262 317 3798 20296 239
1779 251 361 3688 20276 231
1784 412 276 3734 20532 234
1927 326 267 3701 20502 232
1866 352 274 3672 20410 226
1893 271 308 3671 20260 219
1768 472 283 3776 20349 215
2013 345 288 3806 20258 218
1941 280 292 3648 20217 215
1929 306 291 3690 20139 224
1737 312 281 3774 20347 217
1801 294 288 3771 20332 216
1825 311 287 3692 20249 220
1807 293 272 3674 20290 221
1906 277 291 3749 20098 217
1829 231 287 3834 20362 218
1972 316 290 3850 20549 220
1780 234 286 3861 20186 223
1870 305 287 3766 20119 221
1803 367 348 3832 20087 227
2017 224 295 3828 20248 229
1724 271 318 3803 20154 227
1999 359 285 3835 20217 226
1834 533 311 3935 20196 236
1761 307 295 3768 20381 230
1817 230 299 3795 20456 224
1782 419 314 3771 20251 247
1889 286 292 3980 21127 231
1735 223 283 3918 20975 224
1841 283 301 3853 21055 225
1825 271 297 3864 20006 223
1819 400 290 3787 20265 226
2094 379 293 3899 20728 236
1994 265 284 3829 20276 231
1781 411 399 3809 20192 226
1892 288 292 3883 20393 235
1818 337 297 3851 20308 236
1755 269 288 3853 20262 238
1907 296 350 3883 20688 243
1932 464 282 3935 20415 247
1893 384 299 3947 20600 249
1777 306 295 4086 20883 244
1902 250 300 3901 20745 244
1888 310 298 3849 21101 243
1927 279 293 3976 20398 242
1990 237 293 3912 20768 250
1832 354 303 3931 21243 245
1888 346 299 3907 20689 249
1831 237 299 3899 20939 265
1997 439 292 4062 20911 272
1925 244 298 3958 20497 244
1885 268 317 4022 20757 253
1893 454 307 3893 21352 248
1888 406 300 3852 20313 251
1795 289 323 3939 20630 253
1830 261 415 3904 20713 250
2015 236 321 3890 20300 247
1850 306 295 3900 20963 252
1948 300 314 3951 20471 255
1962 369 298 4205 20648 247
2092 333 380 3943 20695 244
1879 290 306 4131 20468 245
1817 315 307 3971 20786 249
1810 399 299 4108 20707 254
1953 232 319 3916 20182 250
1885 251 408 4226 20078 249
2030 305 307 3978 21150 253
1905 284 301 4041 21125 250
1854 259 305 3970 20182 249
1848 474 330 4089 20804 268
1986 350 329 4087 20996 278
1981 294 359 4167 20886 267
2028 412 321 4187 20846 267
2000 266 311 4412 20911 268
1971 317 313 4161 20534 266
1861 368 326 4186 20779 288
1858 261 423 4086 21058 283
1896 312 321 4058 21312 274
1949 341 445 4307 21585 283
1920 384 308 4132 20761 274
1948 386 434 4073 21188 275
1889 291 313 4171 20742 277
1853 365 369 4205 20528 286
1949 371 315 4039 20417 278
1832 258 362 4099 20935 287
1934 355 322 4402 20946 251
1917 246 311 4024 21039 255
1878 219 316 4225 20784 268
1839 227 346 4101 21323 261
1951 285 311 4086 21220 257
1878 277 334 4052 21946 273
1863 339 316 4038 21087 252
1898 402 327 4171 21607 263
1938 303 316 4177 21564 263
1946 274 322 4124 21230 250
1858 274 330 4105 22126 257
1839 337 331 4252 20645 251
2075 234 338 4152 21143 263
1844 332 339 4152 20362 253
2036 256 322 4449 20043 251
1982 311 317 4136 20695 257
1984 413 315 4191 20880 251
2029 296 377 4118 20186 261
1883 212 343 4146 20861 265
1908 239 389 4131 20990 252
1951 324 330 4141 20558 252
1832 439 340 4189 20819 265
1959 491 321 4153 20863 254
1940 234 416 4114 20399 258
2074 382 309 4310 21365 256
1873 286 385 4214 20516 265
1879 273 340 4292 20559 256
1902 354 328 4206 21602 254
1993 374 345 4159 20594 257
1847 386 359 4213 20532 253
1892 414 329 4195 21099 254
1990 344 348 4275 21112 259
2049 358 353 4185 20547 257
1863 324 329 4208 21108 260
1962 273 334 4348 20921 252
1863 263 334 4276 21071 254
1832 323 313 4341 21163 263
1998 368 332 4283 20934 254
1908 235 353 4249 20895 259
1986 285 346 4171 20507 256
1949 383 343 4297 20505 255
1916 277 383 4249 21185 257
1900 404 334 4486 20903 252
1934 260 353 4260 21235 254
2045 280 348 4231 21068 259
1939 286 363 4258 20713 261
1963 430 335 4238 20637 254
1937 267 337 4259 20136 266
1980 270 332 4396 20119 267
1992 386 345 4556 20542 307
1952 271 381 4236 20424 265
1956 346 374 4329 20789 270
1948 340 347 4608 20982 269
1901 310 354 4427 20675 276
2121 339 369 4301 20890 288
1957 305 340 4406 21130 276
2112 349 374 4362 20640 270
1952 355 348 4367 20732 291
1931 352 349 4384 20575 273
1947 276 360 4434 20927 275
1934 327 374 4372 20714 272
2010 353 398 4365 20622 272
1951 372 361 4405 20604 273
1944 291 366 4432 20869 272
1945 292 331 4606 20562 273
1947 267 331 4353 20510 281
1980 373 340 4418 20720 273
1992 444 358 4415 21124 273
2040 279 354 4475 20382 279
1989 369 339 4696 20725 272
1912 292 346 4581 20367 274
2013 355 348 4589 20234 274
2038 303 406 4355 20937 299
2013 255 387 4477 20497 281
1972 370 336 4405 20701 286
2017 287 349 4475 20157 293
1942 238 353 4386 20277 278
1957 337 325 4495 20319 282
1921 265 366 4577 20392 276
1985 368 356 4461 20033 278
1938 296 391 4498 20616 298
2029 376 377 4661 20732 310
2015 421 361 4670 20789 299
1984 401 335 4559 20584 310
2057 356 376 4905 21386 312
2097 289 359 4752 20879 297
2105 344 347 4598 20811 276
1964 307 361 4621 21102 281
1960 390 362 4504 20655 282
1911 305 338 4498 21436 277
1979 419 350 4740 20842 279
2071 283 398 4534 20465 279
2046 314 377 4613 21012 276
2039 390 362 4524 20745 308
2573 561 576 4686 21721 293
1945 353 381 4610 20707 290
2062 386 352 4725 20616 278
2047 375 360 4438 20268 280
1984 318 355 4546 20325 283
1951 346 366 4527 21226 290
2033 300 332 4452 20257 281
1947 360 358 4464 20706 286
1905 267 379 4656 20419 278
2079 258 353 4656 20676 284
2095 466 377 4640 21365 287
2049 339 395 4708 20781 283
1880 415 365 4508 20478 299
2072 331 399 4783 20861 299
2185 336 371 4556 21531 280
2046 314 340 4552 20569 283
2088 272 337 4568 20503 281
2060 379 343 4765 20414 242
2137 349 353 4789 20177 256
2085 403 379 4566 20633 254
2006 262 341 4761 20040 255
2016 318 362 4837 20522 255
1996 295 358 4514 20916 265
2063 258 334 4594 21148 255
1940 305 338 4748 21118 263
1910 355 353 4574 20624 263
1933 293 335 4625 21146 266
1912 345 333 4493 20553 257
2012 284 383 4798 20612 255
2029 306 354 4526 20813 255
1865 262 348 4519 20776 255
1892 285 379 4778 21445 253
1906 264 369 4767 20662 254
2100 349 381 4503 20524 256
1908 456 344 4697 20957 262
2013 334 369 4607 21253 259
1888 306 353 4484 20567 256
2001 328 346 4638 20619 260
2089 388 338 4453 20909 257
1905 374 362 4742 21318 257
2062 236 469 4761 20448 256
1975 303 350 4622 21548 258
2046 476 355 4663 20706 266
1978 324 333 4732 20689 265
1867 362 359 4549 20334 257
1941 282 345 4843 20735 258
1979 369 383 4830 20478 263
1959 282 418 4669 20547 257
1953 304 363 4802 20313 257
1893 271 365 4525 20076 257
2020 447 356 4807 20826 262
1958 324 347 4620 20595 258
1983 376 353 4897 20591 258
2019 333 349 4645 20143 259
2059 300 367 4681 20660 260
1978 313 371 5038 20433 258
1936 302 362 4677 20389 276
2008 286 354 4707 20690 259
2019 363 367 4724 20199 262
2150 377 384 4785 20529 268
2094 391 476 4569 21347 277
1915 260 471 4734 21379 260
1999 416 357 4778 20815 262
1973 358 352 4793 20759 261
2039 308 369 4901 20426 254
2113 397 366 5081 21153 258
1963 253 467 4728 20964 259
1970 419 416 5063 20931 258
1969 344 396 4747 20655 252
2013 351 347 5125 20895 254
2054 245 360 4913 20406 252
2005 421 423 5000 20361 253
2023 376 360 5014 20633 252
2025 264 348 5043 20367 257
1982 390 364 4842 20544 258
2004 383 471 4691 20903 252
1916 330 353 5147 20484 253
2011 340 349 5069 21155 263
2101 301 387 4997 20765 252
2045 324 348 5033 20123 263
2093 305 373 5275 20656 293
2073 345 376 5188 20793 291
2290 302 396 5154 21050 284
2167 357 416 5208 21155 284
2070 352 361 5339 20657 289
2179 349 367 4913 20174 281
1982 477 396 4832 20073 254
1941 263 354 5087 21083 256
1989 361 447 5069 20563 253
1918 329 347 5299 20959 258
2095 309 368 5153 20654 253
2054 251 425 5177 20334 255
1974 389 378 5296 21231 265
1946 302 356 5188 21209 256
2056 305 448 5185 21149 263
2106 391 456 5250 21743 262
2029 443 365 4857 20684 255
1937 341 352 4700 21017 262
2013 292 403 4776 20469 256
2067 292 385 4795 20490 257
2012 276 376 4712 20485 261
1991 302 355 4883 21033 257
2016 470 386 4859 20964 255
2024 391 363 4581 20711 263
2115 477 443 4767 20942 257
2029 368 384 4889 20944 255
1955 303 371 4853 21085 257
2207 372 380 4908 20899 261
2053 354 366 4959 20365 258
2006 314 369 4924 20678 255
2028 324 361 4805 21370 264
1986 367 376 4857 19999 255
2099 259 371 4923 20595 257
1946 316 373 4635 21138 254
1967 353 389 4944 20877 264
2067 289 359 4959 22165 257
2090 285 379 4836 21002 257
2102 385 397 5004 20762 255
2074 284 367 5048 20048 260
2020 376 391 4785 20000 260
1971 300 402 4914 20827 262
2062 255 380 4814 20665 268
1986 358 415 4910 20652 263
2027 257 379 5067 20685 262
1990 306 375 5046 20684 260
2081 322 383 4912 21106 260
2049 441 401 5023 20617 264
2033 300 376 4958 21004 268
2002 427 388 5012 21663 265
2009 375 383 4788 20585 276
2129 273 412 5049 20661 264
1943 300 385 4989 20354 266
2114 404 373 5076 20557 274
1992 280 388 4968 21152 264
2029 317 377 5114 21336 267
2112 338 380 5111 20967 263
2054 356 390 5092 20601 264
1947 276 367 5103 20627 267
2033 267 398 5018 20642 264
2018 270 380 5037 20582 264
2084 305 409 5069 20855 268
1986 321 404 4999 21605 262
2067 274 404 5092 20709 267
2029 352 418 5085 21015 266
2023 279 390 5059 20442 268
2050 321 428 5071 20294 285
2046 291 386 5099 20736 283
2083 299 398 5055 20737 282
2054 407 385 5004 21172 289
2094 245 400 5117 20976 281
2140 309 476 5115 20107 279
2049 460 414 5137 20140 276
2062 306 524 5009 21697 295
2059 341 401 5057 20750 284
1994 297 379 5135 20818 285
2088 314 410 5190 21207 284
2033 251 417 5095 20969 283
1943 289 404 5100 20466 295
1993 292 420 5103 20657 292
2071 315 398 5127 21197 297
1990 295 405 5110 20757 285
1991 394 403 5138 20500 287
2043 292 447 5114 21956 289
2032 299 401 5104 20463 284
2029 344 415 5168 20407 293
2120 389 401 5151 20908 289
2128 315 407 5070 20335 289
2057 257 414 5174 20292 286
1944 358 469 5185 21407 287
2014 401 457 5132 20640 284
1954 320 451 5202 20607 285
2131 288 404 5191 20317 298
2123 295 437 5479 20921 327
2126 346 426 5505 21008 322
2215 357 419 5313 20652 323
2197 392 411 5295 20844 339
2156 330 419 5377 20829 314
2107 303 420 5171 20608 291
1978 322 423 5237 21797 281
2037 416 407 5147 21497 286
1988 273 416 5261 21235 301
2053 353 407 5222 21090 282
2029 331 405 5320 19949 282
2029 308 416 5186 20372 290
2066 282 390 5211 20711 283
2082 379 415 5221 22015 284
2017 289 426 5249 21508 284
2055 276 411 5176 21586 283
2106 372 408 5217 20448 331
2229 279 426 5244 21060 289
2059 324 404 5219 21606 283
2051 345 443 5250 20356 287
2084 325 415 5244 22111 285
2089 286 411 5265 21122 302
2067 257 450 5231 21686 293
2140 331 424 5259 20330 289
2033 332 414 5254 20520 297
2061 328 420 5255 21068 289
2035 365 417 5232 21643 296
2018 287 428 5314 21753 298
2077 397 428 5274 20679 303
1988 359 412 5341 21006 297
2045 346 435 5339 20152 288
2082 355 451 5286 20280 290
2074 291 395 5365 21027 293
2069 370 434 5299 20820 297
2061 369 422 5346 20893 290
2047 301 415 5448 20797 296
2070 282 408 5342 20986 295
2124 602 423 5359 20706 305
1988 334 433 5356 22325 297
2010 263 433 5339 21251 298
2078 317 413 5330 20514 291
2087 406 414 5326 20448 293
2144 337 412 5396 20098 295
2026 296 418 5421 20565 294
2131 348 424 5333 20734 297
2021 301 440 5373 20653 308
2014 314 459 5337 20620 297
2114 327 405 5347 21181 303
2141 283 458 5449 21004 304
2107 362 431 5511 20998 295
2010 289 425 5388 21709 307
2008 354 423 5495 20621 297
2092 378 432 5512 20965 292
2085 380 464 5338 20901 296
2050 249 440 5414 20043 293
2134 300 461 5361 20183 295
2098 303 444 5448 20189 293
2047 338 427 5713 21555 353
2224 332 479 5804 21547 363
2339 433 467 5767 21398 394
2168 419 431 5793 21521 376
2250 371 468 5878 21352 354
2119 319 474 5946 21130 344
2087 331 423 5600 21011 339
2175 421 463 5844 21484 350
2065 334 435 5887 21210 374
2202 327 487 5970 21306 386
2240 321 476 5920 21858 356
2245 526 474 6105 21632 338
2143 429 482 5806 21474 389
2181 341 481 5936 21797 372
2083 428 441 5752 20768 356
2048 313 454 5705 20995 364
2080 303 457 5668 20628 368
2083 375 444 5658 20776 332
2024 394 453 5606 20673 376
2166 410 481 5662 21180 387
2116 349 460 5652 21311 369
2122 272 445 5555 20584 304
2038 422 429 5497 20775 311
2092 312 495 5485 20446 304
2225 358 446 5533 20576 300
2018 341 432 5483 20101 301
2088 314 471 5500 20447 326
2009 335 416 5639 20420 300
2039 362 433 5645 20062 301
2098 327 417 5494 20218 302
1989 324 449 5670 20365 301
2067 379 440 5554 21697 347
2271 348 457 5996 20944 363
2042 383 622 5785 20836 361
2178 316 479 5790 21304 355
2153 354 493 5909 21260 345
2212 328 484 5727 20730 355
2158 377 434 5639 20620 336
2068 324 465 5577 20609 320
2021 316 438 5560 21344 308
1990 279 592 5627 21044 303
2079 342 439 5614 21005 312
2011 350 456 5600 21411 306
2067 329 451 5597 21234 305
2168 353 428 5705 21656 310
1978 310 432 5642 20630 312
2128 319 521 5653 20314 304
1969 289 458 5608 20097 303
2126 380 446 5592 21913 302
2052 287 445 5711 20942 306
2172 319 460 5596 21379 303
2106 531 450 5657 20710 302
2098 393 443 5676 21091 317
2102 392 448 5645 21707 324
2098 345 593 5789 21457 309
2051 312 468 5676 21468 304
2073 363 443 5730 20910 303
2216 359 509 5721 21243 333
2083 340 457 5646 20805 312
2131 323 448 5764 21054 305
2066 343 442 5764 20942 304
2089 422 444 5718 20389 304
2112 303 455 5930 20750 343
2156 354 481 5699 21338 327
2104 388 466 5707 20486 324
2126 409 436 5693 21055 323
2128 324 471 5721 20816 327
2046 399 446 5717 21157 341
2136 291 438 5736 20888 331
2058 321 454 5775 20828 327
2137 287 448 5768 20146 325
2102 307 598 5754 20060 324
2039 318 464 5787 20185 325
2095 520 440 5761 20220 323
2088 300 541 5890 21459 327
2048 296 443 5804 20794 323
2089 314 445 5792 20206 325
2139 420 467 5748 20119 325
2046 355 467 5755 20333 325
2104 351 460 5724 20742 329
2015 308 477 5756 20936 333
2044 350 455 5798 21323 325
2062 341 469 5854 21216 324
2289 286 434 5818 20701 328
2070 313 460 5780 20935 332
2221 406 449 5811 20886 326
2033 287 451 5810 21486 330
2217 376 446 5809 20743 335
2047 399 460 5891 20439 340
2021 305 467 5842 20083 327
2006 442 496 5913 20375 330
2082 333 495 6249 20761 399
2029 336 470 5854 20131 328
2171 316 462 5875 20079 324
2088 331 447 6000 20048 326
2072 308 447 6002 21058 331
2077 327 464 5926 20712 318
2025 298 474 5888 20531 329
2065 373 504 5883 21203 321
2052 304 456 6044 21090 316
2063 277 465 5989 20902 319
2113 317 619 5949 20414 355
2019 426 457 5925 20239 330
2153 409 497 5972 20466 389
2164 458 484 5938 20315 404
2487 407 522 6075 20946 397
2022 313 474 5781 20695 328
2057 328 474 5921 20096 324
2140 428 462 5823 20084 322
2163 368 543 6319 20458 375
2046 322 476 5984 20230 323
2127 341 521 6069 20539 403
2085 325 494 5933 20170 336
2129 350 470 5820 20757 338
2067 337 463 5923 21369 323
2106 302 490 5964 21056 326
2067 407 470 5941 21291 324
2048 307 458 5950 20840 322
2093 341 479 5886 20223 339
2326 436 520 6043 20634 382
2211 344 495 6124 20814 377
2338 504 483 6257 21041 376
2213 346 510 6111 21103 377
2326 352 499 6303 21089 375
2156 400 508 5957 20991 371
2060 272 482 5921 20860 332
2245 324 459 5944 20875 325
2118 324 452 6015 20641 322
2208 315 493 5936 21171 322
2144 308 470 5947 20623 339
2123 298 486 5902 21576 324
2054 299 487 5948 20721 326
2048 375 487 5958 21559 326
2048 345 496 5908 21618 322
2137 425 477 6003 21503 324
2038 310 502 5935 21421 325
2142 306 464 5981 20242 327
2109 300 515 5969 20784 323
2146 287 507 6012 20030 324
2364 376 510 6057 20603 352
2069 311 485 5958 20868 328
2135 282 455 6088 21226 327
2109 312 478 5985 21521 322
2156 302 492 5980 21484 329
2147 384 469 6022 21839 331
2277 321 485 6067 21415 335
2257 378 629 5989 21067 324
2117 318 465 5981 21033 321
2355 353 503 5986 20549 328
2116 339 520 6085 21401 328
2074 364 542 6068 20662 333
2128 275 487 6049 21319 329
2052 383 522 6083 21063 330
2265 307 463 6137 21414 342
2089 356 465 6055 20674 340
2041 347 492 6098 20854 337
2048 384 460 5996 20939 335
2005 341 505 5979 21582 335
2098 301 525 6036 20796 353
2097 362 497 6192 20675 330
2115 352 489 6142 20667 331
2084 300 499 6100 21760 334
2126 380 526 6119 20626 337
2101 350 529 6052 20813 333
2170 310 491 6092 20459 345
2046 329 484 6077 20589 330
2075 451 522 6116 20521 334
2118 354 497 6047 20615 332
2221 353 497 6090 20334 334
2101 290 495 6062 20394 331
2126 409 492 6154 21047 335
2182 334 497 6134 20343 333
2070 346 476 6175 21152 336
2260 353 488 6155 21561 340
2072 319 526 6115 20441 338
2148 347 500 6119 21109 344
2084 281 496 6160 20295 341
2106 331 512 6121 20951 346
2143 363 510 6067 21090 339
2087 321 529 6157 21513 334
2107 286 487 6165 20747 335
2213 339 484 6124 21195 340
2125 372 499 6186 20993 353
2134 337 485 6192 20820 340
2076 325 518 6303 20897 334
2086 330 498 6173 20838 337
2075 439 499 6241 20903 342
2080 315 494 6215 20559 339
2171 317 499 6224 21259 337
2096 322 527 6093 20899 341
2103 280 522 6219 20707 342
2103 375 485 6201 22090 357
2088 361 472 6168 21360 339
2090 338 478 6182 20701 342
2308 308 522 6235 20631 345
2049 384 587 6220 20693 340
2120 346 476 6211 20909 340
2258 277 501 6171 21130 341
2164 289 498 6237 20052 341
2067 306 497 6271 21052 343
2071 355 515 6235 20821 342
2030 398 486 6316 22416 340
2088 380 510 6234 21235 347
2159 306 522 6237 20112 356
2261 335 489 6756 21053 425
2221 349 499 6503 20861 405
2111 429 524 6461 20819 390
2432 293 506 6489 20815 401
2089 345 519 6465 20595 401
2202 305 543 6207 20817 354
2101 326 523 6232 20692 344
2115 345 493 6267 21426 341
2155 348 493 6224 20540 345
2013 322 489 6291 21189 362
2226 304 478 6280 21533 360
2101 406 520 6198 21626 348
2101 345 507 6301 20990 342
2144 343 511 6348 21561 347
2138 346 512 6289 21572 341
2114 366 521 6191 21480 350
2106 412 509 6343 21282 343
2179 347 665 6254 21373 341
2103 367 490 6386 21394 346
2183 304 577 6301 21117 342
2192 343 522 6309 21006 352
2161 286 484 6289 21253 344
2152 325 485 6381 22086 347
2035 312 527 6299 20145 345
2166 309 539 6286 20598 343
2145 359 518 6420 21230 356
2097 302 509 6353 21618 342
2285 331 545 6341 21283 344
2220 340 558 6442 20408 344
2274 368 492 6361 21373 342
2066 345 560 6548 20749 349
2119 313 508 6456 20693 342
2082 317 510 6534 20698 344
2101 308 513 6613 20702 348
2161 345 526 6472 20668 343
2245 309 493 6513 20801 346
2139 354 523 6685 21089 348
2248 370 507 6527 20664 345
2111 397 493 6516 21369 343
2115 347 523 6559 21114 342
2106 320 608 6573 20950 361
2160 328 539 6615 20394 363
2120 280 508 6692 21048 345
2226 289 511 6628 20699 361
2141 358 520 6547 22293 349
2109 323 519 6621 21029 349
2308 364 492 6527 20976 352
2168 291 537 6582 21177 355
2136 348 526 6591 21176 361
2173 390 572 6553 20732 378
2088 313 515 6642 20381 346
2208 366 550 6666 20683 412
2186 287 513 6607 20458 357
2226 366 533 6577 20048 346
2074 348 502 6574 20920 348
2090 327 538 6595 20874 348
2109 298 504 6594 20189 348
2147 306 518 6713 20898 372
2159 330 527 6735 20418 358
2079 406 503 6573 21102 347
2102 275 526 6610 20691 345
2280 401 544 6661 20925 363
2066 382 523 6639 21542 347
2111 324 536 6664 20640 351
2064 355 504 6638 20649 351
2251 351 543 6815 21121 347
2135 319 526 6630 20560 362
2113 321 521 6672 20677 353
2070 329 524 6730 20845 356
2196 353 534 6663 21064 349
2143 370 551 6694 20772 348
2162 415 542 6765 20954 350
2130 321 531 6776 20501 349
2132 275 534 6697 20788 352
2313 281 527 6732 21467 348
2121 376 689 6772 21072 350
2303 352 532 6700 20760 355
2171 453 551 6769 21066 349
2157 374 508 6647 20798 351
2137 327 538 6835 20931 354
2141 313 505 6728 20881 351
2245 284 514 6751 20739 355
2176 304 525 6766 20135 371
2371 315 534 7195 21257 427
2483 345 550 7095 20863 420
2247 342 544 6991 20864 419
2138 393 541 7116 21189 412
2411 326 527 7161 21287 446
2099 284 554 6827 20738 374
2174 346 567 6702 20588 354
2263 293 516 6699 21293 361
2137 418 535 6815 21502 374
2112 343 514 6761 22145 360
2330 290 510 6810 21357 369
2346 384 541 6883 21436 358
2333 347 557 6842 20874 360
2088 305 551 6797 20929 356
2230 399 514 6892 21611 359
2189 367 534 6830 21230 356
2229 316 522 6797 21121 355
2282 430 560 6905 21143 358
2121 520 542 6803 21137 357
2188 290 530 6997 21285 360
2197 360 614 6845 21247 366
2132 464 512 6857 21190 358
2146 497 513 6796 21228 362
2138 427 571 6826 21305 360
2171 337 546 6928 20600 361
2262 368 537 6873 21848 365
2293 362 536 6939 20856 376
2388 368 537 6843 20143 360
2116 428 556 6946 20188 360
2239 301 562 6821 21126 370
2173 367 577 6861 21649 361
2124 431 543 6903 22157 358
2198 361 521 6874 21522 365
2161 258 550 6914 20595 362
2128 305 553 6989 21553 365
2139 451 548 6870 21705 370
2130 339 561 6854 20937 361
2278 327 547 6936 21336 361
2278 447 579 6963 21282 369
2194 463 560 6980 20987 362
2192 338 544 6881 22026 361
2180 396 545 7007 21375 367
2246 422 565 6891 20931 359
2198 324 556 6990 20847 361
2416 426 546 6967 21889 370
2142 417 562 6876 20942 362
2171 329 527 7035 21267 364
2172 306 548 6932 21104 359
2191 311 537 7016 21213 364
2182 291 536 7019 20991 368
2204 364 526 6977 20760 364
2113 350 525 6948 21455 361
2129 342 568 7010 20807 361
2231 394 526 7046 20922 367
2143 338 585 7074 20876 360
2166 444 558 7024 20629 365
2169 297 535 7055 20285 367
2159 409 539 7102 21578 364
2296 270 559 7042 20413 365
2144 366 550 6991 20584 375
2159 312 573 7047 20782 362
2198 508 604 6998 20929 392
2222 361 549 6967 20519 508
2476 504 655 8111 21865 479
2506 368 584 7660 21811 470
2326 334 592 7559 21465 455
2318 349 566 7261 20754 389
2182 365 578 7237 20868 365
2370 404 559 7277 21070 369
2221 336 572 7155 21014 380
2260 456 564 7311 21090 378
2141 329 567 7191 20898 390
2228 335 561 7149 21170 369
2232 339 593 7311 21077 367
2156 338 592 7314 21095 383
2361 553 554 7273 20816 368
2531 324 628 7185 21137 366
2241 303 587 7190 21066 392
2355 383 730 7198 20760 371
2147 347 592 7292 20545 369
2182 416 564 7267 20733 447
2335 309 559 7633 21187 466
2245 394 609 7590 20683 450
2455 377 555 7622 20816 467
2277 402 561 7576 20945 448
2278 345 598 7487 20677 419
2227 425 559 7444 21218 375
2185 309 597 7412 21038 375
2142 332 617 7195 21224 375
2175 303 533 7277 21786 384
2264 438 609 7252 20993 399
2261 304 594 7218 21489 372
2446 390 539 7260 20920 375
2273 316 591 7264 21570 379
2183 426 560 7355 21153 381
2269 329 601 7443 21034 394
2270 306 584 7372 21128 380
2143 368 556 7427 21670 390
2272 283 545 7349 20921 378
2247 361 660 7349 21286 377
2201 338 606 7399 21332 378
2244 376 592 7398 21498 375
2215 324 584 7463 20803 378
2204 299 565 7402 20967 378
2221 402 559 7339 21242 376
2333 309 571 7452 21694 378
2263 297 571 7446 21175 385
2164 405 556 7382 21359 378
2204 390 551 7476 21069 457
2310 368 674 7366 20505 413
2307 381 567 7398 20993 376
2192 316 579 7510 20070 379
2150 366 635 7334 20330 386
2330 413 578 7412 20920 390
2205 339 554 7413 20630 386
2180 348 567 7368 21086 381
2220 333 559 7443 20760 379
2289 353 577 7477 20999 392
2257 429 575 7438 21058 396
2135 308 570 7579 21281 381
2191 387 577 7427 20539 383
2228 467 593 7464 21437 379
2197 378 559 7477 21239 386
2327 337 570 7577 21044 391
2156 290 633 7448 20995 395
2236 370 567 7679 20870 402
2175 302 579 7627 21004 390
2356 295 592 7568 21489 350
2359 321 560 7524 22035 342
2352 299 565 7528 20868 342
2289 363 585 7498 21491 346
2321 355 565 7523 20857 342
2431 319 598 7491 21577 360
2366 486 552 7698 21625 341
2232 357 551 7579 20089 349
2347 405 584 7575 20395 383
2325 413 573 7542 21097 345
2407 310 556 7516 20985 351
2188 367 589 7658 21081 350
2138 421 571 7569 20154 349
2291 375 586 7608 20932 350
2204 311 590 7599 20918 347
2403 379 572 7502 20729 345
2369 325 582 7472 21088 357
2363 311 583 7395 20146 351
2541 305 572 7387 21274 346
2296 331 639 7265 20574 346
2227 384 562 7234 20611 367
2282 370 682 7491 21019 350
2384 313 665 7379 21220 363
2175 384 692 7448 20026 350
2398 337 663 7428 20090 350
2325 361 660 7463 20110 350
2527 346 570 7399 20049 351
2348 374 575 7409 20043 350
2424 334 586 7539 20004 350
2235 314 622 7549 20303 353
2440 359 589 7499 20737 404
2570 617 633 7883 21462 465
2531 405 636 7834 21471 481
2516 352 613 7846 21587 485
2645 361 643 7892 21713 496
2443 438 698 7871 21555 469
2482 332 665 7999 21614 485
2438 379 634 7886 21696 490
2520 354 621 8056 21419 446
2400 441 644 7850 21325 432
2569 363 676 7762 21611 488
2660 476 643 8056 21439 453
2591 366 579 7863 20699 440
2417 380 640 7855 20812 445
2407 347 635 7745 20706 426
2263 387 588 7731 21004 468
2410 311 593 7720 21052 473
2490 300 597 7803 21154 451
2437 356 591 7604 20417 362
2335 401 594 7399 20942 349
2361 391 644 7608 20576 355
2456 380 588 7569 20792 356
2250 369 596 7589 20574 367
2268 318 584 7597 20256 368
2464 435 635 7665 21176 358
2381 359 590 7666 21064 355
2231 354 602 7654 20122 361
2342 409 575 7614 21437 356
2235 394 635 7558 20906 356
2253 317 590 7575 20105 412
2461 381 602 7560 20813 474
2411 415 599 7604 21256 357
2381 315 629 7570 20079 363
2487 365 600 7600 20721 358
2233 392 578 7703 21220 360
2305 295 634 7615 21134 353
2381 400 605 7626 20865 376
2333 346 577 7676 20223 359
2351 337 604 7752 21412 399
2289 286 608 7699 21587 362
2351 304 617 7657 20655 371
2368 409 628 7679 20883 365
2461 375 588 7721 21024 358
2540 333 629 7661 20746 353
2321 303 617 7666 20964 355
2428 348 599 7692 21441 354
2430 297 622 7752 21152 356
2200 410 612 7639 21140 356
2418 313 599 7710 21466 360
2290 415 579 7646 20598 361
2236 282 596 7750 20865 362
2501 391 621 7713 21140 364
2373 312 621 7640 21539 361
2322 298 599 7654 21590 354
2308 322 591 7650 20837 355
2543 290 582 7665 20049 389
2342 394 683 8178 20735 414
2490 391 605 7615 20576 357
2375 509 608 7720 20742 358
2391 407 571 7668 21188 356
2322 333 607 7681 22147 359
2378 392 586 7778 20834 356
2168 316 574 7725 20983 374
2378 372 574 7795 20757 375
2410 349 580 7692 20038 369
2525 412 609 7791 20498 368
2320 351 611 7790 21364 365
2472 395 587 7760 20731 360
2356 400 595 7724 21474 380
2371 363 604 7728 21392 360
2388 296 620 7790 20929 363
2386 341 639 7858 22323 372
2327 349 612 7723 21123 358
2342 346 609 7836 20755 370
2425 375 617 7825 20791 372
2434 344 753 7809 21344 377
2380 325 601 7802 21466 374
2375 384 613 7729 20771 374
2426 385 597 7867 20955 369
2363 354 610 7881 20203 420
2452 313 665 8198 21121 437
2542 314 695 8099 21199 496
2485 351 689 8418 21905 507
2766 368 611 8464 21394 458
2537 363 638 8146 21111 459
2350 319 602 7887 20832 365
2226 355 590 7974 20769 369
2379 323 609 7913 21007 372
2372 337 619 7792 21581 364
2343 373 649 7820 20891 363
2228 363 609 7892 20783 385
2406 340 589 8021 20158 372
2221 332 622 7876 20837 375
2337 343 612 7970 21239 372
2220 332 614 7856 20849 367
2408 329 627 7880 20631 369
2419 364 606 7900 21288 379
2419 335 630 7942 21023 362
2391 330 617 7883 21239 363
2310 378 621 7881 21361 368
2374 327 617 7966 21255 368
2245 404 635 7994 20646 373
2395 320 607 7908 20678 390
2344 326 626 7885 20562 372
2356 333 588 8009 20870 380
2349 345 617 8026 21141 367
2369 331 615 8007 20482 375
2334 339 618 8438 20805 421
2367 370 602 7968 20718 374
2310 376 756 7927 20913 373
2330 352 608 7961 21557 375
2427 399 601 7999 20786 373
2256 384 597 7986 20893 369
2381 316 771 7975 20975 383
2318 453 618 7965 21007 381
2303 461 591 7923 21261 371
2337 396 645 7963 21214 380
2487 348 604 7974 20941 373
2329 343 619 7891 20111 378
2414 318 593 8001 20607 379
2411 357 702 7987 20756 368
2369 429 666 7992 21526 370
2346 379 603 7935 20933 374
2329 391 613 7987 21685 376
2348 367 622 8024 20758 389
2460 344 630 7880 20646 377
2327 321 642 7983 20536 378
2529 351 637 7983 21107 386
2440 344 594 8014 21071 378
2327 350 771 8061 21425 374
2314 339 605 7927 20742 377
2490 391 692 8023 20675 377
2446 321 603 7905 20390 424
2409 320 607 8019 20492 376
2464 408 788 8048 20815 378
2383 380 628 8063 21340 373
2249 427 624 7975 20943 370
2529 332 624 8091 20753 377
2387 331 666 8001 21323 371
2369 361 662 8150 20628 384
2314 390 599 8054 20692 380
2335 456 615 8118 21182 373
2333 320 702 8076 21118 378
2436 348 661 8052 20937 378
2352 331 638 8005 20989 376
2366 403 665 8164 20126 387
2480 312 620 8102 21107 384
2394 360 631 8129 21164 385
2503 375 626 8215 20841 376
2468 322 616 8180 20804 384
2288 412 616 8098 21277 378
2228 367 702 8099 21220 374
2374 384 661 8115 20720 381
2371 370 619 8147 20979 375
2379 349 599 8168 20890 378
2389 339 611 8115 20228 385
2313 325 612 8374 21046 451
2530 322 655 8463 20947 469
2501 361 616 8381 20869 453
2559 396 644 8412 20914 459
2234 589 717 8294 20498 448
2466 500 626 8168 20857 382
2319 383 623 8197 21030 379
2368 384 640 8165 21941 382
2327 292 619 8238 21121 382
2511 315 630 8124 21127 379
2384 324 627 8199 21479 381
2498 415 639 8167 21466 383
2395 306 632 8184 21022 381
2384 362 632 8264 21895 412
2440 433 646 8255 21314 389
2232 350 650 8331 20542 388
2365 320 733 8130 20119 390
2391 348 634 8189 21438 388
2468 356 651 8282 21143 386
2248 314 638 8231 21340 388
2373 332 625 8290 20854 389
2344 338 692 8245 21143 386
2513 379 614 8206 21363 389
2237 358 649 8217 21078 388
2263 379 632 8257 21313 382
2410 341 664 8274 21156 409
2303 403 666 8184 20614 394
2435 397 643 8296 20681 389
2334 368 728 8179 20772 382
2481 313 639 8285 21204 398
2302 324 676 8262 21209 389
2334 312 656 8311 20979 389
2367 339 635 8312 21169 387
2403 297 643 8285 21176 387
