RIndependent Gonzalez BaselineGreedy Bottleneck Dynamic FullyDynamic
1686 280 174 2444 13110 148
1636 273 178 2487 13169 152
1800 341 177 2401 13356 159
1653 302 183 2571 13744 161
1634 301 179 2443 14065 163
1587 286 178 2432 14005 154
1656 328 186 2525 14200 165
1639 267 189 2500 14216 167
1921 324 187 2463 14666 166
1720 282 193 2539 15039 174
1645 258 195 2475 14904 173
1692 275 198 2490 15130 174
1771 266 198 2528 16818 177
1953 288 213 2673 18007 178
1906 324 199 2562 18233 182
1942 363 226 3041 18331 184
1986 349 193 2880 18571 171
1954 313 213 2605 18765 186
1891 386 213 2933 18863 184
1986 364 214 2982 19467 194
1783 375 227 3038 19615 164
2083 286 183 2756 23413 196
1745 371 200 2607 27009 205
2147 313 253 2972 22642 200
2032 327 184 2901 22724 223
2088 326 186 3082 22868 223
2107 272 187 2740 23007 183
1867 457 274 3097 22827 186
2048 210 282 3191 23839 187
2055 406 186 3162 23658 193
2047 323 188 2988 23852 186
1980 382 330 3325 23493 191
1839 352 192 2915 23336 141
2087 395 194 3122 23488 141
2047 307 306 2969 23728 151
1988 378 198 2968 24007 145
1926 295 369 3065 23405 141
1881 389 195 2877 23160 146
1773 435 351 2874 23660 142
2293 409 283 3132 23689 149
1916 252 197 3148 23895 144
2142 473 326 2979 23934 147
2253 391 197 2952 23951 145
2089 368 204 2958 24075 148
2015 233 204 2999 44049 149
2240 331 202 3119 39955 139
1975 338 206 2845 39037 138
1888 221 204 3192 38999 140
2226 517 205 3151 39393 141
1831 439 260 2921 39359 165
2086 321 351 2987 39805 153
1992 323 251 2991 44629 144
2107 649 404 2984 49186 149
2071 349 207 3292 49485 138
1980 370 262 3209 49462 146
1829 354 324 3398 49702 145
1982 437 268 3420 49767 142
1934 246 220 3513 51049 150
1842 341 265 2897 52534 148
1921 332 212 3019 44144 144
1909 326 211 3418 52686 145
1811 329 326 3373 53162 142
2322 455 218 3472 53895 145
2062 455 212 3048 54204 147
2064 242 272 3093 53899 145
2171 470 217 3055 54578 149
2327 253 219 3506 54462 149
2332 562 219 3618 55444 142
2174 350 219 3144 55058 144
1994 351 403 3648 57017 151
2237 228 291 3367 57798 164
2189 399 234 3511 57840 144
2415 370 360 3463 55589 143
2126 480 220 3634 56612 145
2287 559 224 3552 57915 150
2484 570 303 3529 56719 150
2500 552 226 3511 57362 150
2238 469 296 3582 57001 147
2174 362 368 3762 56433 147
2225 374 227 3462 56462 143
2362 503 281 3179 56955 145
2152 758 416 3327 56725 144
2225 353 231 3324 56476 161
2346 357 302 3696 56568 142
2350 224 524 3737 56433 147
2236 489 234 3203 56261 146
2746 462 233 3709 56173 147
2259 362 374 3109 55738 145
2320 376 233 3461 56013 149
2389 766 235 3646 55500 143
2323 505 235 3326 55069 146
2249 514 233 3676 54594 144
2392 519 237 3882 54839 151
2290 378 236 3800 54450 148
2382 629 236 3814 54153 146
2311 656 237 3896 55206 147
2258 368 274 3876 53104 143
2260 389 244 3294 58400 145
2363 799 238 3639 58293 157
2488 374 239 3316 56536 145
2551 239 235 3872 55994 144
2279 230 237 3846 55578 146
2269 405 314 3851 55098 143
2246 534 240 3805 54027 143
2188 377 563 3885 53557 146
2195 650 244 3772 53244 142
2404 381 241 3803 54290 147
2668 247 246 3853 53317 156
2288 692 550 3819 52810 144
2312 528 253 3865 52545 144
2208 243 242 4043 52857 144
2258 385 247 3737 53706 146
2411 404 248 4220 55006 146
2525 236 250 3400 55529 156
2625 370 247 3768 54305 148
2345 373 245 3822 55038 155
2515 675 578 3843 56242 152
2456 413 264 3624 55887 154
2472 419 256 4072 54425 151
2545 456 261 3970 54181 154
2342 657 249 3914 54095 151
2422 238 255 4276 53953 150
2446 488 257 3749 54628 148
2329 380 250 3827 55968 158
2401 519 258 4047 58378 166
2534 425 271 3507 57600 167
2438 394 279 3851 56106 156
2281 393 284 3809 55505 157
2452 373 566 3985 56714 164
2553 525 249 4172 59651 188
2552 513 275 4313 59675 192
2694 399 264 4393 58605 178
2727 447 277 4010 63834 189
2440 538 265 4316 58568 170
2415 420 270 3797 58030 179
2443 299 282 4290 57147 167
2816 436 281 3872 55927 168
2526 561 264 4038 62212 167
2332 411 269 3992 56784 167
2469 556 333 3965 58724 157
2594 407 267 3952 54956 196
2295 544 266 3869 54781 157
2397 543 266 3855 54344 153
2340 244 260 3970 55218 155
2621 525 258 4222 54059 157
2377 529 261 4169 54076 162
2365 914 336 6079 71768 174
2324 416 284 4482 84079 220
2595 467 486 4372 59046 217
2612 420 274 4266 63531 166
2683 531 278 4395 55670 164
2500 428 265 4188 54830 163
2481 479 274 4097 65813 185
5110 270 306 4396 55810 190
2340 610 274 4421 58909 198
2754 655 290 4465 57938 197
2604 782 293 4302 56402 175
2538 670 501 4014 58536 186
2533 415 289 4603 56145 176
2346 859 279 3980 55396 177
2558 265 306 4459 56774 175
2393 390 292 4149 57420 181
2617 512 296 4895 74151 170
2834 417 288 4479 58248 186
2545 274 281 4322 54618 160
2530 716 272 4123 54056 166
2441 414 280 4200 55119 169
2597 243 272 4253 54318 163
2422 287 273 4463 54696 163
2508 448 297 4239 54861 168
2496 277 277 4259 54582 165
2347 295 278 4143 56417 202
2783 309 483 5259 57762 178
2374 319 274 4158 54471 166
2498 418 626 4480 55121 169
2583 660 277 4162 54243 164
2371 567 274 4209 53886 163
2473 562 281 4351 53931 164
2390 504 282 4022 53944 164
2555 399 282 4435 54455 167
2331 247 281 4071 54406 175
2507 251 276 4180 54143 171
2334 571 274 4382 54312 166
2460 553 282 4420 56340 165
2613 353 282 4188 55298 177
2439 406 285 4359 55609 166
2458 249 288 4260 53866 172
2379 524 278 4105 54446 169
2678 516 297 4152 54456 167
2487 264 288 4462 54390 171
2367 424 283 4315 54718 183
2576 314 295 4275 55288 196
2568 366 290 4450 54733 178
2502 373 282 4580 55060 179
2485 267 534 4372 54151 177
2410 423 288 4274 54196 173
2500 564 288 4228 54225 170
2544 436 293 4219 54200 174
2616 429 291 4297 54698 166
2546 499 287 4514 54949 170
2397 495 296 4553 54394 175
2553 549 314 4399 56461 176
2564 504 290 4395 54910 176
2515 618 289 4227 54381 174
2546 264 293 4562 54367 178
2696 263 301 4454 56300 194
2620 452 480 4545 57462 194
2524 549 303 4538 55911 183
2868 419 755 4613 53915 174
2616 330 412 4257 54307 175
2426 682 329 4452 54495 175
2802 278 290 4295 54665 180
2459 464 291 3929 54009 178
2514 408 293 4255 54163 174
2529 551 289 4537 54419 184
2624 267 289 4263 53743 182
2523 266 298 4037 54520 186
2523 496 732 4585 55089 184
2619 471 294 4440 54172 181
2758 482 294 4293 54188 180
2420 584 302 4717 55312 173
2512 460 298 4267 55978 179
2433 566 302 4560 54763 179
2640 355 299 4367 55504 178
2883 384 296 4525 53737 181
2657 448 295 4507 55517 178
2446 269 299 4278 56022 197
2717 530 294 4324 54846 175
2749 415 298 4189 54462 176
2544 712 300 4338 57205 217
2648 337 310 4565 56987 198
2852 345 326 4714 75920 256
2758 640 297 4307 58304 193
2657 777 305 4677 61872 244
3066 343 324 4504 64848 373
6430 471 339 5876 87245 208
2906 546 407 4798 69001 232
2948 292 318 5655 60471 206
2667 405 299 4967 56087 183
2815 267 306 4523 54418 189
2625 345 320 4816 54941 196
2742 366 306 4623 54098 181
2494 340 327 4312 53851 182
2606 308 301 4753 54670 180
2466 539 299 4262 54271 179
2688 290 317 4749 54542 181
2776 697 309 4312 55454 240
3090 317 307 4609 56457 196
2714 514 317 4577 55680 218
3053 594 367 4570 60002 268
3099 438 334 4598 57828 200
2943 545 336 4838 56576 211
2624 569 341 4547 55465 198
2623 507 310 4195 54606 192
2590 514 315 4867 54253 187
2744 504 308 4268 53763 233
2766 510 782 4189 54211 193
2658 600 325 4779 53887 186
2612 275 308 4229 53713 188
2590 486 348 4785 54331 190
2661 472 755 4551 57325 227
2909 667 341 4308 91799 247
2924 365 750 4425 55667 208
2884 447 323 4239 56169 206
2663 472 345 4885 56500 222
2487 378 636 4283 57451 198
2528 341 325 4231 55087 200
2973 479 316 5009 54603 197
2865 544 321 4645 54639 188
2707 628 334 4683 54074 189
2594 507 315 4375 53850 189
2526 335 322 4207 54519 196
2651 280 326 4211 54315 195
2742 647 318 4664 54169 190
2652 503 341 4719 56966 188
2727 414 320 4164 54070 188
2636 439 327 4718 53907 192
2786 609 313 4565 54574 218
2449 377 313 5022 54483 203
2725 304 327 4679 53853 193
2758 353 621 4464 54681 195
2860 666 328 4739 54334 195
2607 292 687 4229 54040 199
2774 344 328 5245 54914 210
2710 585 334 4443 54256 196
2540 443 326 5060 54119 199
2851 370 318 4442 53592 194
2774 522 366 4921 54641 217
2550 334 321 4687 54484 194
2706 433 314 4521 54506 205
2672 536 328 4794 54320 195
2863 374 358 4283 54033 197
2693 319 319 4403 53812 195
2904 319 326 4345 53777 203
2527 852 347 5091 55811 218
3045 380 342 4569 56984 239
3357 395 718 5041 56335 276
2990 546 664 5423 57040 280
2900 387 337 4893 55911 231
2986 658 339 4456 54135 203
2529 413 331 4309 64999 253
2847 653 464 5900 55529 223
2603 335 325 4842 54812 214
2865 652 360 5434 57126 232
2705 487 341 4412 55679 216
2689 288 339 4913 55919 218
2903 472 341 4943 54817 217
2668 602 356 4455 54319 206
2818 348 333 4553 53664 201
2799 382 337 4329 54253 214
2845 486 327 4479 55317 225
3019 444 333 4431 54513 208
2813 505 329 4410 54175 210
3053 442 646 4363 54860 210
2645 571 334 4385 55073 252
2928 406 341 5345 54704 223
2693 345 347 4767 54209 204
2611 699 329 4473 54072 206
2655 619 329 4519 53800 203
2605 446 338 4467 56826 254
2837 281 345 5483 55702 226
2801 322 348 5344 54483 235
2791 361 328 4925 55761 218
2682 378 351 4464 55313 236
2895 596 356 4944 57384 239
2868 370 366 4873 60822 256
3139 457 360 5426 62892 264
2961 983 367 5234 62507 296
3302 486 375 4950 75359 267
3106 528 373 5141 58035 255
3298 362 362 4998 59831 248
2928 392 333 4714 55998 239
2958 562 353 5405 56253 236
2739 525 345 4710 60307 264
3076 501 358 5753 73577 273
2680 374 362 4812 72089 309
3212 583 380 4967 56720 232
3038 321 378 5398 57793 245
2836 389 357 5166 57593 241
3526 518 367 5026 62096 250
3189 428 393 4856 62614 292
2915 399 390 5657 56439 242
2944 293 360 5407 54915 232
2819 642 369 5497 53988 215
2854 480 356 4651 54519 214
2725 351 677 4955 54408 215
2686 497 366 5362 55427 272
3247 670 330 4586 53866 228
2818 382 349 5201 54793 244
2629 418 349 4716 54683 218
2728 313 381 4590 54180 229
2837 533 345 5081 53851 215
2806 334 349 4745 53999 213
2731 526 349 4727 54712 231
2912 535 363 5005 55446 246
2853 359 354 5603 55821 235
3117 592 362 4956 58294 252
2917 557 371 4815 60099 257
3310 670 493 4994 57228 243
3051 479 360 5557 56882 236
2731 381 371 5138 55978 239
3099 321 368 4816 59863 240
2813 636 374 5402 55859 254
2715 440 347 5091 54108 223
2928 645 369 5364 63403 268
2998 946 407 7860 58461 257
3089 510 376 5413 61656 255
3336 679 383 4993 58812 253
2808 495 587 5651 58310 259
3057 581 379 4965 57401 267
2934 509 369 5061 57427 268
2729 531 372 5753 56384 258
3110 389 384 5326 55523 249
2801 369 375 5848 55595 253
3002 463 420 5362 57043 259
2811 591 393 4786 55128 232
2762 493 356 4690 54724 229
2937 557 386 5576 53947 225
3082 341 386 4835 55055 225
2666 718 361 5269 54008 222
2947 510 358 4910 55898 245
3157 597 388 5238 55886 250
2891 388 392 5158 56086 240
2777 425 376 5585 53864 229
2757 593 370 5346 54830 240
2895 569 379 4804 54410 234
2765 537 381 5460 54386 225
2777 363 369 4847 54152 235
2773 542 369 4819 55514 255
3082 361 459 5073 55974 258
2899 428 410 5456 54842 242
2965 400 365 5930 55802 239
2990 602 378 5033 55199 254
2929 553 401 5876 53905 229
2848 412 400 5898 54729 234
3579 848 410 5728 54249 242
2955 444 368 4766 54264 239
2768 535 359 5696 54139 229
2918 444 357 5352 54572 231
2796 560 364 5283 54978 237
2845 336 393 5003 54733 251
2760 644 391 4944 55183 247
3156 522 416 4895 55319 235
3048 480 373 4982 55642 230
2766 512 582 4987 54347 228
3151 446 401 5089 54045 231
2812 299 396 5002 53759 232
2856 299 357 4844 53910 238
2909 541 386 5761 54592 249
2889 310 377 5182 54256 248
2815 309 388 5428 54627 239
3023 619 383 5614 54756 266
2773 570 379 4987 60396 251
3085 379 412 5233 54444 240
3060 490 376 4969 54131 234
2830 500 639 4871 54268 234
2908 398 614 5500 54562 235
2921 430 361 5588 54561 232
2804 432 387 5711 54765 234
2925 503 511 5978 54782 235
2910 508 369 5713 55884 235
2870 432 384 5928 54552 257
2908 513 375 5991 54494 257
2730 596 397 4985 54023 242
2766 528 377 5827 54794 272
2939 534 402 6101 55739 273
2773 446 397 5169 56430 260
2959 381 399 5817 54243 246
2892 610 371 5746 55102 252
2869 472 373 6017 54735 245
2772 515 388 5020 54927 240
2831 496 402 4982 53849 238
2850 435 373 5915 55198 246
3104 431 385 5348 54897 264
2877 585 438 5778 54570 254
2972 320 596 5064 54485 259
2914 404 386 5919 55115 243
2854 480 370 5340 54384 239
3068 616 400 5848 54122 248
2812 364 401 5164 53989 243
2849 645 398 6142 54142 281
2859 460 375 5169 53891 243
2914 542 392 5955 54130 242
3037 431 393 5896 53929 245
2784 387 421 5949 53739 242
2791 542 405 5156 54097 245
2718 399 388 5992 53949 247
3081 547 661 5145 54754 244
2963 482 378 6084 54544 244
2997 497 411 6292 68361 349
3448 665 505 6257 66129 338
3250 604 558 6234 59661 288
3067 421 438 6369 59699 288
3053 446 459 16084 59618 324
3107 328 412 5541 62961 266
2930 529 389 5957 56045 281
3104 522 396 5968 59132 281
2958 579 491 6167 63195 287
3072 634 409 6037 55205 258
2921 563 381 5728 54237 262
2966 493 411 6181 53653 248
2977 356 410 5572 54097 248
2871 505 411 6000 54533 294
2932 474 403 5809 54565 272
2941 448 599 5948 56859 267
2930 346 398 5373 54451 263
3044 664 418 5820 54158 257
3137 414 402 6094 55370 298
3188 690 448 5369 55877 278
3014 333 419 6110 57013 286
3178 630 453 5940 56065 276
2847 305 394 5915 54113 282
3189 357 428 5938 53734 251
2942 414 402 5270 53605 253
2878 455 402 5774 53807 256
2870 403 422 5384 53552 253
2811 619 396 5397 53874 254
2917 555 418 5819 53778 277
3112 400 417 5264 53942 260
3012 431 398 5258 54873 279
2913 583 400 6091 54126 255
2844 579 381 5886 53641 259
2873 425 402 5927 53574 254
3001 521 420 5964 53507 255
3164 622 403 6313 53648 252
3064 499 389 5306 53900 257
2913 573 441 6367 54887 278
3228 568 426 5924 53773 271
2920 435 406 5962 54006 274
2996 424 456 5717 78204 348
3334 700 433 5683 63679 336
3307 547 739 6627 60053 381
3348 567 399 5833 58711 316
3279 665 415 6070 59235 299
3228 422 448 6371 56872 311
3373 796 439 6820 57885 311
3079 868 413 6204 57281 284
3238 459 419 5435 53984 264
3136 319 399 5488 53566 270
3069 476 394 5417 55454 321
2949 551 459 5812 56226 295
3161 363 394 6085 54895 297
2977 479 431 6212 55338 289
3122 514 438 6077 54693 294
3005 485 453 6652 57874 330
3019 640 408 5515 64450 344
3976 552 441 6895 57936 332
3073 370 400 6345 54895 297
2819 718 446 5834 56689 301
3020 382 426 6115 60606 492
3424 387 446 6415 57177 301
3290 390 438 6409 56283 321
3144 560 702 5844 58392 296
3137 516 444 6390 55566 287
3029 500 671 6394 57955 432
3115 632 467 5701 68401 397
5006 728 456 6049 58999 307
3239 567 445 6623 55499 331
2883 843 438 6545 56339 289
3196 378 439 5718 58115 342
2950 451 458 5639 55430 297
3046 424 415 5811 56184 310
2998 373 501 5679 60157 341
3879 441 553 6615 68808 368
3168 484 453 6488 54955 299
2930 620 427 5763 54506 317
3004 627 461 5801 55382 282
3254 592 421 6563 55304 285
2971 422 425 6557 54013 280
3120 462 421 6342 53908 278
2925 417 514 6434 55781 282
3182 350 424 6472 54674 283
3065 466 411 6705 54364 284
3016 662 449 5518 54052 271
2974 598 432 6465 54026 269
3172 576 425 6193 53698 270
3098 390 449 6426 54181 297
3035 433 409 6428 54731 292
3086 514 438 6325 54167 279
3123 372 522 6790 58754 386
3570 709 445 6190 61351 286
3341 595 426 6453 55776 294
3222 534 465 6862 61178 289
3038 569 740 7623 56866 298
3106 547 434 6296 54201 286
3093 896 438 6574 54240 307
3052 378 409 5771 53831 275
3318 392 419 5786 57018 311
3338 443 488 6860 56997 294
3299 456 434 6602 54803 305
3115 410 476 6386 54305 283
3240 503 452 6584 54487 286
3205 521 463 6692 56291 297
3608 547 664 6821 56705 319
3184 832 475 7450 67054 346
3274 837 460 5813 60704 338
3258 583 479 6685 56796 346
3165 614 594 6005 57177 296
3083 803 473 6425 55025 359
3121 708 462 6894 55590 293
3259 531 446 6632 54825 293
3404 433 465 6735 55430 320
3409 606 458 7220 59415 330
3365 818 510 7522 81063 327
3034 382 424 6607 54437 321
3217 508 431 6527 54971 293
2984 390 446 6256 53865 291
2997 443 518 5719 53733 292
3254 901 462 5757 54101 293
3233 628 430 5592 53912 286
3005 590 440 6822 54259 336
3024 607 444 6501 55109 297
3046 819 658 6776 54365 294
3174 444 652 6489 53512 285
3000 444 450 6544 54015 284
2988 575 445 5770 54245 306
3385 548 417 6506 53947 281
3235 626 478 6733 54578 305
3213 582 720 6885 53772 290
3087 519 482 6434 53779 288
2924 511 656 6748 55399 303
2976 446 482 6836 55897 339
3568 635 510 7446 59007 313
3080 460 482 7048 56392 376
3259 407 464 6990 61427 303
2989 414 478 6717 54786 302
3160 488 450 6836 54158 289
2984 672 428 6668 54093 290
3108 351 474 6825 57260 338
3406 600 491 7131 56947 350
3223 441 461 6800 56340 345
3218 737 479 6094 57790 367
3255 373 483 7054 57520 340
3480 642 486 7127 58024 325
3213 545 504 7179 58317 365
3444 556 509 7564 59419 328
3294 582 752 6338 57166 330
3154 608 495 6377 56707 319
3552 648 496 7226 56952 330
3251 409 455 6148 56923 317
3188 607 479 6814 56298 2062
3289 517 505 6694 57950 327
3237 457 447 6880 54342 307
3074 577 454 6744 54257 292
3270 386 618 6964 54318 293
3063 474 453 7044 54219 289
3101 520 460 6786 54577 295
3308 683 491 5964 53900 296
3208 601 541 6875 53951 327
3550 467 454 7093 54110 298
3043 514 458 6977 53718 298
3080 631 457 6886 53590 293
3179 700 464 6705 54035 294
2979 413 458 6859 53502 293
3013 511 766 6620 54426 293
3011 873 527 6862 54943 295
3187 493 434 7109 53703 302
3121 524 498 6090 53636 299
3076 440 456 6920 53549 320
2985 452 477 6730 53786 295
3201 437 731 6211 54112 298
3052 400 643 6949 53781 345
3380 588 456 6981 54419 306
3266 448 488 6797 53701 298
3158 477 502 6060 54501 333
3367 709 439 7037 54313 297
3152 436 440 6787 54345 302
3216 511 527 6995 53879 295
3067 425 471 6832 54752 299
3086 371 488 6793 54231 300
3160 513 455 6900 54441 308
3005 433 575 6221 54375 306
3059 589 457 6933 53710 306
3095 633 461 6060 54644 317
3239 420 492 6931 54205 308
3057 418 442 6833 54328 350
3259 766 471 7125 55874 321
3074 548 466 7113 55617 322
3349 536 493 7150 54691 335
3065 528 460 6937 54422 317
3031 741 454 7133 54632 306
3189 640 451 6940 53857 302
3036 481 458 6451 53620 306
2952 509 555 7120 53897 305
3104 807 467 7400 54311 304
3092 687 468 7165 54008 306
3146 472 484 7373 54919 309
3054 504 462 6438 55572 327
3087 641 447 7667 56029 413
3418 536 537 6538 56471 361
3357 510 518 7202 55678 324
3167 445 531 6401 55695 362
3207 621 470 6293 54431 327
3038 625 465 7144 54076 313
3311 594 459 6966 54459 312
3221 655 484 6893 53786 324
3003 656 481 6320 53839 316
2990 525 468 7091 54248 315
3003 410 444 7062 56235 348
3090 473 499 7174 55296 337
3119 425 478 6961 55280 333
3067 541 475 7281 56390 319
3116 829 482 7278 53604 315
3168 724 574 6546 53638 315
3121 603 453 7085 54888 366
3314 431 461 7195 53521 315
3104 528 487 7093 53562 310
3006 430 463 7323 55092 329
3241 470 466 6955 54960 315
3215 466 577 7179 54460 311
3028 530 471 7246 55575 313
3011 439 457 7256 54629 310
3072 500 484 7425 54608 311
3096 374 544 7132 55895 322
3089 442 465 6396 54520 310
3004 447 466 6453 53574 313
3067 464 515 7539 54334 317
3035 493 522 6327 54100 332
3290 652 500 7526 55712 344
3310 745 489 7373 56143 365
3128 731 502 7423 54477 366
3191 527 506 7222 55242 329
3314 521 488 6919 53766 320
3158 452 465 7111 55241 313
3093 593 478 6302 54949 322
3092 500 543 7077 55996 327
3138 596 494 7413 54491 355
3224 607 495 7051 54411 314
3182 540 503 7192 54524 326
3263 441 480 7182 54760 351
3023 538 478 7088 54167 311
3247 445 479 7209 53649 319
3003 552 537 7178 53717 348
3278 491 486 7335 54304 320
3229 552 464 7176 53943 322
3089 527 475 7133 55268 342
3435 595 478 7090 54180 319
3140 394 538 7307 53661 320
3067 600 504 6510 55320 327
3145 407 487 6454 55331 322
3181 507 564 7344 53755 319
3121 541 460 7108 54603 319
3116 509 520 7170 55022 326
3085 485 521 7129 54023 338
3375 559 476 7200 53944 322
3088 465 471 7250 55422 332
3239 482 470 7190 54224 342
3184 687 546 7206 53358 322
3113 384 503 7380 53920 325
3115 569 521 7216 56276 331
3171 608 498 7305 55099 324
3004 587 481 7290 53979 325
3065 461 914 7151 53723 329
3118 539 486 7366 55436 326
3209 414 497 7158 55068 333
3058 435 506 7192 54784 337
3246 624 515 7192 53651 324
3044 577 498 7245 54901 328
3305 530 510 6976 54388 345
3146 479 516 7586 55207 369
3279 465 592 7509 55734 372
3433 747 524 7319 54356 343
3018 616 493 7369 54089 330
3080 439 590 7187 54766 326
3184 592 523 7523 55252 326
3348 560 525 7154 54899 332
3118 559 527 7109 55529 333
3057 607 477 7301 54488 333
3156 391 495 7387 53659 334
3110 415 512 7397 54512 334
3384 529 571 6565 54479 340
2938 528 480 7330 54920 330
3256 418 494 7491 56140 332
3097 463 560 7289 54731 338
3009 517 523 7506 54819 337
3044 595 492 7409 54534 333
3281 597 488 7492 54120 336
3190 499 643 7423 53831 337
3230 486 484 7388 53745 330
3253 523 512 7307 55279 343
3118 509 490 7228 54512 364
3355 563 509 7238 54875 334
3288 414 518 7330 54545 339
3008 379 504 7281 54494 335
3017 513 643 7411 54636 335
3354 615 492 7564 55404 344
3013 759 486 7280 55557 342
3109 529 531 7657 55152 337
3101 532 505 7536 56083 343
2998 514 493 7520 55867 341
3330 537 502 7433 53891 349
2954 437 576 7465 53729 346
3118 605 513 7257 54281 379
3009 453 496 7531 54190 343
3118 476 504 7369 54875 343
3050 575 524 7543 54387 335
3074 447 524 6755 54784 402
3194 387 528 7344 54842 337
3243 529 499 7461 55613 342
2966 492 485 7249 56023 345
3103 518 496 7757 54873 366
3286 430 492 7415 54081 355
3179 479 546 8047 56036 382
3202 668 548 7556 55548 381
3238 476 512 7854 54745 360
3134 685 513 7505 54733 347
3110 399 524 7326 54728 350
3185 483 487 7494 56178 352
3006 648 556 7312 53931 351
3060 480 502 7453 55171 343
3098 379 496 7281 56629 354
3007 651 526 7291 56011 345
3122 663 520 7475 54955 348
3132 611 508 7458 54768 348
3059 450 531 7366 54600 344
3060 540 480 7466 55136 359
3048 432 527 7510 53686 355
3305 574 510 7634 54077 360
3121 579 497 7418 53628 353
3088 667 514 7415 54177 354
2995 656 510 7498 53998 428
3083 455 535 7386 53508 387
3201 504 575 7432 53467 369
3057 394 570 7511 53629 354
3039 450 552 7714 53643 352
3154 524 590 7528 53477 352
3109 698 551 6763 53506 358
3146 371 504 7145 53498 348
3112 395 528 6556 53594 346
3125 540 503 7124 53510 347
3027 575 514 7086 53587 375
2990 528 485 7091 53627 349
2955 649 520 7037 54735 408
3134 508 523 7697 56716 373
3116 536 540 7297 53980 358
3134 511 520 7169 53537 352
2995 590 484 7133 53523 349
3086 494 546 7209 53453 352
2954 502 508 7328 53961 353
2974 809 483 7317 53466 345
3058 578 516 7202 53457 352
3172 473 498 7226 53500 352
3236 508 491 7364 53493 370
3135 453 560 6471 54651 405
3190 801 509 7492 56243 381
3143 380 520 7636 56443 381
3138 503 540 7591 54371 399
3129 546 558 7203 53659 360
3306 561 514 7129 53536 357
2963 562 481 7391 53515 365
3104 776 553 7090 53435 354
3079 676 527 7244 53334 353
3173 467 527 7267 53531 357
3237 402 501 7268 53536 351
3209 672 528 7148 54324 352
2890 751 494 7385 53629 348
3069 676 576 6654 54004 397
3383 626 662 8055 57870 418
3417 401 537 8006 57746 413
3272 543 698 7711 58008 377
3218 629 563 7541 57849 399
3281 720 544 7135 58631 414
3413 547 554 7821 58305 433
3120 520 527 7827 56214 399
3159 470 524 7633 55132 388
3304 401 520 7690 56328 449
3177 494 542 7886 54705 378
3404 629 521 7295 54036 370
3108 422 532 7261 53825 373
3049 510 547 7421 54365 363
3045 521 529 7252 53514 353
3029 443 545 7476 54657 374
3285 547 570 7293 53882 369
3316 482 532 6845 54194 360
3221 511 533 7408 53537 363
3316 567 496 7328 53699 372
3158 444 601 7473 54858 369
2940 617 556 7603 53734 370
3128 541 515 7617 54353 365
3038 604 499 7461 54515 370
2977 371 510 7412 53571 366
3256 524 566 7324 54460 383
3106 618 562 7313 54597 376
3216 724 499 7703 53648 367
2911 622 559 7440 54202 378
3060 628 515 7509 54547 387
3048 418 533 7507 55614 420
3180 522 534 7827 56303 398
3083 691 518 7429 54717 375
3009 589 549 7444 53554 364
3083 415 527 7439 54824 368
3315 618 503 7578 53628 364
3116 750 561 6884 55646 416
3157 497 534 7452 53620 369
2996 446 538 7378 54189 382
3106 424 534 7398 53640 373
3039 552 521 7542 54380 387
3111 451 521 7591 54127 375
3140 502 545 7550 53527 369
3171 496 530 7510 54785 372
3010 503 598 7578 70800 1073
7453 487 684 9715 64881 532
3850 532 664 9110 63275 479
3595 577 606 9172 62570 492
3819 594 631 8824 62790 429
3617 486 579 7456 54358 376
2994 453 528 7431 53974 383
3044 627 542 7690 54796 379
3092 562 536 7508 53813 382
3029 516 515 7519 54746 377
3126 697 516 7450 55251 370
3173 458 522 7568 55059 371
2999 472 516 7626 56400 379
3060 497 557 7800 54751 380
3094 543 525 7797 54363 384
3102 531 537 7538 54705 379
3159 458 529 7637 54248 382
3103 700 548 7782 54223 372
3467 387 538 7597 54412 386
2994 459 552 7629 54469 373
3219 457 542 7509 55001 376
3012 724 516 7526 54760 374
3224 409 561 7523 54194 373
3015 619 537 7534 54225 392
3044 686 572 7578 54749 377
3195 463 516 7507 54683 388
3057 433 536 7744 54808 419
3282 541 579 7827 55714 427
3387 491 539 8061 55890 399
3055 582 523 8236 54638 450
2950 725 528 7578 54450 380
3330 480 600 7782 54194 385
3063 525 566 7736 54498 384
3107 396 548 7670 55207 382
3171 411 546 7604 55795 380
2906 625 529 7726 54308 384
3211 576 518 7668 54017 385
3143 523 557 7654 53759 383
3054 649 594 7624 54618 390
3151 745 580 7535 56307 382
3064 658 524 7635 55199 391
3257 573 566 7823 54723 441
3012 601 565 7523 54542 434
3078 394 573 7673 55047 381
3027 564 525 7874 54663 403
3056 450 546 7555 54279 388
2990 636 582 7733 54470 403
3276 570 531 7786 54264 406
3093 457 526 7798 55274 418
3228 458 556 7558 55024 381
2975 697 546 7825 55485 406
3017 674 527 7758 55541 456
3080 594 559 7679 53910 398
3082 449 544 7635 55140 390
3226 569 539 7856 54046 391
3142 456 569 8750 55030 402
3285 468 526 7658 54671 424
3052 732 552 7901 54804 403
3110 434 677 7605 54560 424
3004 565 544 7961 54806 395
3046 505 529 7786 54234 405
3253 576 591 7727 54678 462
3180 446 553 7566 54878 456
3101 338 548 7740 54664 411
3054 552 581 7861 55105 398
3061 490 608 8094 54665 406
3295 501 679 8847 58726 519
3524 563 575 8246 56842 421
3179 461 550 8380 56047 423
3061 558 552 8188 55307 439
3297 726 637 8382 54528 416
3120 654 577 7788 55203 399
3349 563 544 7814 54611 416
3333 512 619 7910 54285 424
3171 424 557 7740 54246 416
3173 554 553 7939 54612 407
3162 583 539 7922 55363 410
3036 430 531 7749 55013 440
3204 376 535 7831 56112 397
3121 430 584 7742 55607 418
3338 477 536 7894 54038 400
3068 410 551 7207 54194 418
2999 487 558 7846 55067 414
3267 587 579 7970 54410 422
2974 492 558 7986 54693 397
3123 554 544 7701 55199 398
3217 488 549 7213 54096 407
3113 589 578 7823 55337 418
3378 646 536 7980 54695 405
3229 594 565 8100 55787 421
3171 639 541 7336 55054 438
2970 532 542 7797 54169 421
3114 413 645 7928 54164 412
3051 417 622 8053 54720 435
3002 769 641 8063 54409 394
3146 506 571 7797 53686 424
3254 488 566 8085 54235 485
3408 803 600 8330 55674 510
3220 579 584 9035 55757 443
3155 448 575 8058 54479 427
3161 558 597 8113 54501 431
3272 470 557 7898 54867 494
3222 388 620 8473 55387 436
3158 576 606 7909 54393 427
2996 432 566 7887 54957 440
3081 624 599 7957 54790 422
3135 501 562 8044 55319 408
3087 604 571 8195 53903 415
3068 446 619 8466 56481 443
3187 476 567 8237 56133 429
3336 423 663 8228 55545 638
3324 548 575 7941 55202 438
3145 668 545 8035 55009 414
3153 698 595 7989 55419 411
3114 488 620 8078 55453 402
3099 554 559 8113 54571 424
3137 350 588 8058 55110 414
3295 542 580 7990 54709 411
3287 430 619 7994 54652 408
3185 474 545 7250 56063 414
3077 518 552 8091 54298 447
3130 582 620 8239 55054 418
3102 644 549 7996 54412 436
3069 650 605 8025 55205 418
3200 523 566 8099 55381 442
3114 608 572 7961 55177 416
3068 502 587 8147 56026 431
3294 433 612 8049 54379 455
3093 454 558 8062 54725 443
3181 397 564 8132 54972 457
3162 644 643 8153 53950 441
3077 536 599 7858 54363 422
3283 638 563 8255 54954 435
3157 521 587 7991 54768 418
3217 478 553 7353 54231 436
3185 508 556 7935 54135 455
3199 504 607 8212 54561 432
3299 508 605 8173 54708 430
3520 534 612 8218 53778 427
3180 465 615 7973 56178 440
3163 579 565 8411 54479 442
3085 550 554 7987 54348 438
3284 481 607 8353 54582 433
2987 584 562 8079 53880 433
3062 509 561 8057 57360 550
3340 509 669 8801 56939 501
3186 435 570 8396 55986 442
3416 791 576 8498 57558 477
3233 618 570 8178 56277 462
3269 533 633 8500 56174 531
3159 583 647 8659 56677 445
3302 567 598 8267 54700 430
3058 426 590 8215 54360 427
3316 463 593 8058 54500 433
3249 388 604 8190 54754 448
3214 443 590 8314 54520 457
3141 492 593 8085 54564 438
3133 522 575 8165 55278 433
3166 488 603 8138 54796 418
3225 455 599 8260 54687 420
3072 514 637 8315 54773 438
3165 429 604 8090 54448 420
3070 548 640 8291 54653 434
3165 652 581 8310 54750 423
3202 558 576 8297 54082 480
3350 580 560 8257 54670 461
3144 419 569 7566 54634 429
3085 465 665 8404 55739 453
3340 512 567 7573 54433 432
3335 606 612 8285 54283 448
3413 529 598 8180 55788 430
3135 492 608 7613 54360 458
3284 434 611 8180 53468 455
3374 465 618 8312 54425 463
3124 488 573 7658 54871 474
3433 735 593 8823 56852 464
3285 418 604 8863 56928 537
3240 632 598 7680 56671 534
3622 525 693 8897 58303 550
3195 570 574 8008 56776 519
3289 680 608 8686 57422 548
3312 464 638 8527 56594 529
3491 618 586 8513 55428 508
3298 502 620 7975 56420 530
3265 504 613 8691 54968 454
3070 571 585 8424 54685 428
3444 535 636 8387 54516 431
3066 468 643 8466 54332 441
3217 590 581 8410 54066 475
3295 448 717 7945 55992 538
3522 662 603 8535 55453 527
3392 490 594 8492 54577 449
3294 430 582 7865 53753 443
3135 528 607 8365 54796 433
3267 441 631 7807 54408 441
3298 400 614 7660 53490 443
3306 491 594 8334 54798 447
3322 408 576 8243 54094 440
3080 464 693 8513 53928 443
3212 698 583 8386 54580 435
3177 540 598 8377 55389 429
3382 563 594 8385 56195 435
3342 477 599 7770 54651 437
3262 457 689 8485 55044 437
3226 672 659 8323 54100 444
3409 593 650 8459 54442 493
3267 496 603 7752 54148 432
3095 578 599 8465 58235 485
3498 772 619 8475 55312 516
3290 457 616 8634 54518 450
3172 447 616 8515 55128 460
3239 562 615 7757 54246 433
3353 472 576 8441 54437 442
3300 502 636 8419 54557 435
3076 583 583 7816 55946 456
3304 775 617 8388 55301 449
3097 448 579 8477 55021 448
3069 675 615 7764 56035 469
3191 475 618 8604 55796 441
3377 542 616 8466 55174 470
3475 485 636 8628 55399 461
3367 523 598 8326 54358 460
3398 731 608 8411 56393 467
3284 496 583 8568 54348 452
3297 454 597 8460 54194 470
3477 537 625 8539 56321 447
3287 741 624 8455 54343 441
3270 551 654 8346 54523 440
3302 432 628 8536 54795 509
3584 617 598 8862 57278 528
3311 490 630 9075 57873 484
3533 657 637 8840 60228 576
3387 764 2003 9218 61574 602
3440 562 632 8565 54794 546
3188 510 621 8430 54603 469
3211 539 612 8503 53958 500
3127 505 575 8027 54675 515
3635 541 666 8013 54109 474
3239 578 606 7893 55111 467
3422 725 583 8585 55367 468
3206 624 621 8637 53693 485
3476 611 628 8632 57441 614
3455 678 689 8752 57099 465
3324 445 587 8154 55617 471
3225 460 629 8126 54589 510
3372 569 586 8795 54169 472
3276 470 623 8712 54464 461
3503 540 612 8558 54727 479
3179 510 635 8647 54217 476
3551 612 645 8826 54037 495
3411 508 649 8767 53529 463
3170 479 622 7893 53423 489
3308 428 678 8695 55391 505
3290 722 605 8003 55598 468
3215 621 662 8600 54930 466
3273 698 607 9271 56496 482
3125 452 672 7944 54965 460
3116 491 624 8888 54614 456
3308 859 605 8839 54224 558
3648 644 715 10257 70661 509
3416 565 623 8001 55262 480
3244 510 594 8819 55554 524
3408 406 672 9114 54013 516
3320 617 604 7838 53332 457
3281 525 618 8867 53722 587
3264 599 643 8786 54479 490
3452 439 628 8682 53553 472
3169 625 653 9104 54362 482
3301 519 607 8592 53965 523
3418 637 686 9112 55726 491
3325 450 636 9047 55821 488
3439 630 692 9016 55137 546
3690 385 686 9075 54655 489
3118 663 631 8776 53473 501
3204 628 657 8840 53780 472
3486 624 616 8165 54851 484
3185 567 670 8676 54031 539
3226 480 611 8791 53387 470
3430 560 695 8595 54110 522
3351 462 631 8774 53526 473
3337 551 668 7966 54520 468
3414 475 686 7986 54184 494
3334 474 621 8094 53693 480
3588 648 618 8641 53344 485
3468 547 631 8795 53526 500
3534 707 598 8925 54211 484
3450 595 601 8868 53460 471
3441 508 600 8821 54992 472
3391 443 639 8163 53942 492
3180 650 597 8900 54640 516
3272 595 618 8036 54860 495
3237 569 676 8741 54097 471
3639 595 626 7971 55546 531
3367 758 626 8869 54848 487
3313 471 608 8766 53954 497
3433 510 620 8750 54514 495
3275 798 602 8283 54196 503
3151 651 624 7996 54540 494
3557 616 649 9080 54798 502
3348 496 683 8814 54868 505
3328 451 626 8714 54923 497
3419 610 635 8775 54500 486
3291 509 652 8058 55752 485
3183 587 662 8813 56108 510
3267 534 639 8814 54711 502
3254 534 634 8860 55261 489
3384 503 701 7953 55373 493
3429 467 664 8072 54012 512
3213 438 606 8759 53704 484
3255 592 692 9131 56014 572
3388 613 686 9103 56597 530
3415 662 648 9382 55720 497
3305 498 648 8859 54505 490
3145 454 630 8778 54630 499
3581 713 655 8195 56375 466
3507 539 629 8876 53961 502
3240 461 610 8138 55189 520
3220 426 636 8380 55598 471
3169 526 616 8989 54971 488
3277 583 663 8808 54918 493
3291 519 662 8869 54916 487
3243 539 647 8260 56059 497
3146 601 657 8068 55087 498
3318 505 674 8735 55787 495
3411 572 669 8062 55236 497
3268 697 629 8961 54420 521
3224 494 627 9009 54243 489
3293 433 700 8910 54672 477
3249 486 603 8136 54325 461
3571 571 680 8883 54788 511
3265 693 631 9072 54699 515
3232 477 651 8811 54789 472
3425 522 646 9049 54182 511
3245 563 638 8241 54723 511
3524 714 667 8256 55449 501
3137 632 640 8783 54441 511
3429 425 619 8857 54531 516
3173 478 644 8780 55586 503
3585 727 637 8947 54764 535
3247 526 654 8803 54159 474
3455 492 653 8984 54340 503
3443 436 661 9018 55596 490
3420 518 628 9032 54327 505
3284 433 646 8355 55123 507
3257 557 651 8366 56266 495
3260 618 665 8940 55501 490
3313 545 624 8828 54411 510
3300 624 623 8851 55274 522
3256 612 637 8954 54384 529
3266 469 713 8403 55232 555
3323 624 676 8589 56049 526
3600 443 665 9433 54553 505
3573 519 670 8260 54814 495
3237 451 700 8352 55656 510
3309 404 623 8342 55130 488
3369 547 679 8164 54987 519
3280 705 642 9143 55433 498
3499 510 632 8908 55233 487
3606 527 665 8982 56064 512
3706 511 647 9011 54816 479
3553 507 632 8930 54985 509
3388 639 615 8919 54597 506
3379 494 696 9166 56312 484
3123 529 674 9015 54146 523
3440 614 667 9081 55060 531
3220 618 682 9115 55806 501
3326 422 659 9225 55498 490
3193 459 645 9236 55812 540
3479 515 638 9090 56151 522
3491 412 641 9078 54989 522
3313 475 669 8227 54656 503
3431 564 664 8295 54903 516
3487 531 636 9016 55458 519
3312 494 702 9090 55317 543
3432 579 687 8466 55278 521
3545 467 675 8328 55117 521
3269 480 701 9101 55547 544
3485 641 659 9112 53865 546
3368 577 804 9203 54940 534
3664 471 670 9407 54240 556
3590 548 671 9279 54736 520
3408 620 659 9084 54602 520
3364 485 653 9042 54998 526
3390 468 637 9033 55192 494
3675 637 638 9174 54241 519
3466 468 838 9206 54793 527
3556 520 663 8987 54343 552
3443 625 667 9417 55191 607
3550 538 673 10159 58720 656
3732 511 673 9907 58570 668
3547 668 714 9711 57583 543
3717 637 714 9916 57885 574
3641 630 743 9972 57620 551
3526 543 696 10157 56088 522
3582 511 714 9499 55215 543
3587 543 698 9496 56162 553
3400 531 657 9650 54989 593
3304 449 709 9132 54286 503
3366 760 633 9163 54549 511
3356 654 655 9215 54812 507
3681 470 691 9191 55016 516
3404 625 690 9119 54423 517
3511 401 678 9326 54555 505
3486 432 692 9324 56185 523
3538 657 662 9212 54097 559
3464 530 691 9284 54589 547
3705 588 665 9283 54904 536
3442 571 662 9192 54686 508
3554 424 689 9259 55522 530
3508 554 720 9195 54285 495
3546 546 687 9511 55122 546
3453 675 681 9379 55663 511
3469 602 731 9209 55562 516
3542 592 690 9332 55633 564
3412 657 637 9345 54947 502
3410 490 684 9188 54880 550
3602 591 664 9420 54106 578
3442 690 824 9472 54520 512
3322 447 679 9635 54034 566
3394 455 640 9297 55191 554
3380 470 649 9309 54901 687
3389 692 719 9782 54930 654
3393 496 685 9947 53864 638
3439 517 692 9743 54972 594
3325 435 651 9898 54015 536
3513 719 698 10130 54960 518
3466 526 689 9602 55239 559
3467 603 710 9504 55670 647
3568 578 677 9773 55533 620
3502 526 663 9630 54177 520
3404 717 668 9193 54575 563
3362 500 648 9349 54760 550
3364 647 688 9422 53912 568
3281 521 699 8999 55611 504
3343 524 670 9560 55195 526
3424 484 694 9217 54898 534
3551 688 662 9447 54717 542
3260 462 719 9162 55086 512
3416 550 653 9661 54466 592
3343 605 649 9767 54620 623
3726 813 676 9965 54649 531
3401 697 660 9635 54648 542
3342 481 701 9135 54871 558
3444 604 691 9134 55814 550
3461 447 691 9190 55396 519
3273 507 653 9226 55890 560
3521 577 723 9201 53999 524
3375 403 690 9605 55155 605
3385 532 673 9614 55071 546
3354 461 656 9596 54858 520
3275 612 688 9602 56019 574
3344 637 695 9544 56144 561
3545 555 686 9285 56462 558
3319 670 691 9837 56431 556
3276 612 688 9658 54467 530
3359 421 688 9203 55665 561
3468 704 688 9435 53774 587
3475 529 725 9773 54758 539
3495 546 674 9329 54466 536
3488 588 723 9319 53945 576
3288 439 682 9577 55170 583
3381 543 778 9720 54670 575
3622 589 706 9638 54703 557
3387 423 684 9468 54909 547
3661 508 689 9587 54171 588
3394 432 680 9622 55228 557
3500 665 750 10031 55235 568
3474 590 742 10280 55809 547
3446 592 688 9746 54278 544
3422 593 704 9317 54784 563
3467 563 697 9566 54940 525
3404 665 688 9731 54405 562
3653 583 698 9953 54142 561
3461 530 691 9415 53458 593
3491 504 715 9706 56879 580
3284 646 694 9881 55605 607
3451 593 686 9679 54109 577
3402 507 673 9757 55045 587
3325 501 675 9436 55547 582
3434 585 712 9391 53870 572
3414 660 712 9848 54798 601
3410 568 690 9695 53855 583
3479 539 732 9422 54823 534
3613 485 682 9743 54203 578
3388 552 702 9494 54081 586
3559 461 686 9977 55293 542
3347 575 691 9731 55197 619
3329 688 724 9700 53736 635
3579 380 733 9854 54480 550
3582 618 675 9448 54410 575
3424 658 726 9722 54177 581
3290 542 674 9679 55846 536
3438 449 713 9831 53643 565
3366 424 716 9485 55778 574
3267 518 696 10221 55673 570
3435 534 705 9887 54358 559
3745 508 741 9464 55118 587
