RIndependent Gonzalez BaselineGreedy Bottleneck Dynamic FullyDynamic
1673 226 168 2663 9114 108
1679 288 171 2316 10377 112
1872 227 177 2394 10520 107
1692 271 178 2710 12185 104
1785 271 180 2453 12503 119
1783 266 168 2539 14534 114
1736 267 176 2442 15445 125
1778 259 202 2778 15534 124
1808 241 206 2471 19199 168
1804 410 243 2490 18023 165
1844 344 219 2494 16275 168
2084 330 171 2800 27393 186
2169 397 206 2706 18435 188
2081 269 183 2783 18444 189
2090 294 180 2663 17853 188
1973 384 231 2998 17806 187
2056 344 230 2593 17820 189
2344 421 224 2775 20689 188
2065 360 246 3008 20744 193
2394 224 238 3132 19828 191
2193 347 273 2902 19780 190
2184 278 267 2932 19854 210
2373 431 176 2925 20196 210
1911 322 235 2879 20299 232
2420 372 176 2849 27087 210
1998 360 311 2662 23957 210
2132 357 182 2944 22752 213
2129 394 307 2828 22690 216
1999 385 327 2609 22644 219
2151 297 285 2811 22773 221
2135 317 181 2916 22396 219
2127 320 182 3145 26779 222
2007 476 330 3159 27075 224
2104 225 185 2845 27572 229
2448 384 298 3109 27255 226
2194 481 223 2787 27441 227
2050 313 273 2994 27456 228
2142 283 187 2913 27842 231
2123 245 191 2774 27687 222
1935 412 192 3285 27555 230
1948 254 190 3056 27707 212
2038 520 207 2897 27285 202
2253 403 228 2853 27151 209
2029 316 339 3023 26795 206
2208 339 320 3236 26709 209
2173 328 197 3106 27118 224
2141 341 334 3151 26657 218
2126 339 199 2895 26873 216
2061 348 234 2968 26785 215
2032 323 335 2843 27311 223
2167 297 200 2984 26325 215
2279 521 349 2892 25952 217
2201 334 197 3104 26508 216
2050 382 201 3178 30580 217
2153 601 339 3338 26436 225
2045 253 392 3447 25753 218
2208 609 200 2922 27041 218
2361 228 201 3089 26302 237
2165 229 201 3038 41662 221
2523 494 253 2958 41810 228
2378 546 252 2860 42066 229
2091 369 205 3280 41730 266
2394 240 373 3057 41952 279
1919 334 213 2822 41863 267
2015 463 209 3010 41721 264
2123 437 209 3008 41957 284
2287 361 213 2994 41654 258
2100 234 214 2927 41803 317
2602 460 470 3033 41306 316
2383 460 215 3209 41431 302
2135 225 215 3045 41313 306
2171 648 215 3144 40865 366
2710 375 220 3805 40728 302
2288 725 214 3324 46612 333
2011 395 220 3375 49393 337
2527 384 215 3863 49392 342
2435 524 287 3182 38664 345
2578 473 219 3487 49188 352
2170 332 217 3472 43285 390
2517 616 222 3270 40716 357
2362 437 216 3415 40001 364
2487 354 223 3197 50372 379
2491 601 462 3044 50208 366
2235 488 223 3297 50592 368
2531 380 220 3418 52314 372
2425 600 350 3341 52204 434
2592 760 230 3277 54107 480
2619 541 241 3345 55264 461
2357 242 236 3259 54471 484
3025 562 242 3362 54346 456
2277 358 228 3145 52705 470
2615 536 318 3254 52309 477
2215 366 231 3507 52081 476
2661 407 234 3253 51914 397
2387 518 331 3300 50926 402
2327 403 238 3480 50428 309
2579 374 240 3296 50073 299
2404 240 239 3181 49587 232
2224 507 258 3197 48873 236
2478 644 238 3524 48786 230
2682 385 251 3247 48172 141
2221 543 244 3407 47924 139
2236 239 238 3457 46705 144
2691 501 240 3461 46365 139
2292 240 245 3291 46894 140
2437 645 244 3350 46352 147
2502 356 243 3348 47188 148
2526 318 295 3957 48062 142
2408 521 242 3590 46944 159
2540 435 255 3412 46250 139
2788 245 248 3659 46351 139
2169 364 243 4167 46191 138
2814 234 245 3689 46416 139
2280 515 244 3917 46918 140
2452 495 413 3995 46507 138
2388 419 252 3641 46565 139
2215 385 249 3500 46622 139
2283 661 254 3805 46498 144
2350 409 241 3789 46247 140
2852 246 251 4222 46306 145
2425 239 260 3900 46345 137
2510 245 263 3893 47089 147
2727 375 259 3755 46592 140
2175 409 430 3456 46594 140
2430 241 255 3916 48517 144
2562 258 253 3581 46731 141
2159 523 254 3371 46447 142
2638 393 256 4100 46349 141
2187 374 409 4001 46580 142
2777 421 277 3382 46609 142
2341 396 382 3784 46341 143
2389 264 256 3895 48753 148
2450 630 256 3391 46505 143
2582 509 256 4014 46675 144
2399 433 258 4323 46554 143
2398 579 255 3402 47352 144
2373 690 377 4214 46301 143
2166 565 262 3539 46182 142
2448 503 468 4167 47651 143
2635 238 260 3517 47958 160
3081 380 275 3811 48929 152
2453 756 267 4020 48397 152
2784 704 501 4090 46685 156
2183 682 259 4052 47416 150
2533 367 264 3505 48823 147
2611 394 375 3928 46913 144
2568 273 257 3591 47680 144
2480 421 259 3866 46619 145
2249 408 260 4244 46556 145
2450 519 259 3530 46695 145
2640 243 265 3962 46613 146
2712 513 261 3531 46703 143
2630 386 274 3611 46738 143
2788 441 267 3892 46711 154
2442 258 290 4153 47408 144
2658 794 264 3510 46720 145
2809 360 267 4214 46451 145
2734 260 265 3698 46588 144
2199 418 275 3607 47465 144
2291 535 298 3538 49571 144
2206 444 298 3630 46949 144
2701 267 268 4025 46830 150
2643 323 269 3528 47413 144
2718 414 269 4167 49194 146
2727 422 275 3642 48241 146
2252 599 272 3686 47332 155
2431 255 268 4162 47141 149
2584 251 264 3896 46825 148
2777 459 268 3944 47843 149
2745 732 509 3762 46875 153
2437 531 355 4217 47286 149
2304 261 274 3728 47325 149
2289 328 281 4075 46918 152
2643 524 372 4290 47852 150
2825 390 279 4245 47096 151
2709 462 380 3652 47379 151
2724 426 281 4536 47013 159
2387 573 278 4058 47182 152
3071 573 283 3951 49182 154
2851 251 278 3678 47121 152
2309 699 278 4215 47212 152
2402 409 284 3956 47226 152
2577 371 285 3930 47044 154
2805 452 277 4185 46898 151
2396 629 278 3966 47012 170
2483 365 274 4280 46842 153
2855 442 281 3834 47328 153
2846 456 286 3835 47970 156
2315 358 284 4004 47149 161
2824 572 283 4209 47060 155
2705 428 283 4203 47039 154
2639 601 278 3773 47741 168
2704 472 294 4568 49665 166
2490 462 284 4087 50477 164
2980 261 286 4063 48962 161
2783 459 282 3797 47458 155
2761 612 285 4090 49660 154
2352 431 278 4323 47860 154
2722 457 283 4437 47226 154
2790 625 280 3843 47118 155
2681 429 287 4316 46862 150
2722 566 294 4273 47031 151
2470 500 292 4273 47127 151
2681 318 284 4461 47018 155
2586 498 285 4503 46959 150
2322 428 293 4505 47633 155
2530 607 283 4166 47933 150
2790 405 280 3949 49454 194
2960 356 316 4821 50139 196
2968 280 346 4648 50354 198
2924 576 318 4301 49484 201
3024 434 307 4421 50333 212
2980 544 311 4890 51182 209
2929 478 317 4962 50337 199
2494 636 301 4914 49969 191
2445 289 608 4289 48798 193
2709 263 619 4603 48383 185
2391 525 298 4895 49852 190
3072 446 290 4570 48923 185
2719 397 296 4582 48011 176
2692 522 287 4070 47579 183
2718 493 295 3922 47778 188
2390 604 290 3942 47986 176
2484 500 299 4421 47349 176
2626 587 288 4278 47309 176
2615 466 295 4394 48151 183
2647 428 612 4483 47612 177
2653 435 292 4576 48785 152
2427 566 292 4498 47312 154
2757 272 306 4419 48331 151
2420 632 394 4692 48726 155
2496 281 298 4294 47984 155
2693 578 295 4419 47595 152
2708 436 300 4051 46882 162
3248 471 300 4530 48594 155
2798 619 316 4710 48318 167
2794 698 320 4502 47727 169
2418 501 320 4610 47712 156
2815 636 303 4077 47855 159
2835 278 297 4175 47483 157
2410 342 297 4141 47344 158
2595 258 301 4543 47107 157
2689 282 311 4009 47658 181
2886 590 335 4418 48383 178
2869 350 318 4242 48455 175
2679 310 320 4382 48155 169
2787 430 300 4401 46951 161
2654 462 305 4207 47610 161
2542 470 297 4108 49428 160
2795 709 296 4614 48173 170
2611 429 313 4658 48605 193
2516 426 314 4110 48116 170
3104 602 307 4137 47230 169
2715 397 314 4573 47471 174
2660 542 329 4181 47565 170
2512 393 318 4832 47737 172
2644 626 323 4662 47572 175
2871 623 323 4586 47331 174
2579 571 397 4479 49811 175
2621 543 319 4310 47837 181
2637 358 311 4564 46990 173
2936 429 312 4201 47289 180
2955 272 313 4969 47461 175
2533 287 308 4707 47742 177
2840 320 313 4711 46710 175
3301 418 330 4742 47362 182
3029 410 313 4646 47651 174
2677 607 344 4649 47821 174
2487 362 313 4887 47227 172
3056 392 376 4445 47449 174
2577 463 327 4838 47791 175
2745 551 315 4625 47371 176
2751 304 324 4875 47258 176
2448 517 326 5064 48162 183
3074 317 591 4663 47990 179
2958 458 322 4880 48429 180
2920 440 336 4317 47723 178
2672 678 322 4905 47116 192
3209 458 333 4294 47757 176
2669 324 323 4667 46999 175
2953 598 339 4392 49057 182
2987 265 333 4812 47633 178
3067 557 326 4542 47142 183
2759 495 574 5000 47803 204
2871 378 312 4574 47563 183
2491 646 324 4458 47300 183
2516 448 325 4419 47865 177
2648 613 339 4413 47739 184
3152 480 336 4891 47766 182
3081 279 343 4393 47068 177
2985 393 331 4915 47696 181
2850 386 334 4972 48733 178
2919 453 321 4655 47727 179
2770 544 384 4594 47778 196
2977 568 336 5032 48761 201
2814 551 341 4900 49139 195
2842 402 340 5150 47682 190
3071 437 336 4366 47810 205
2931 393 340 4947 47611 180
2724 676 345 4518 46985 178
3149 518 347 4825 47418 210
3087 462 353 4858 49950 179
2635 393 337 4516 48018 182
2960 455 340 5082 47111 179
2764 778 324 5091 47385 188
2652 489 348 5038 46991 186
3126 460 329 5164 49249 188
3000 608 321 4534 47354 180
2985 472 333 4718 47328 227
2595 1002 333 4347 47658 254
2587 461 324 4407 47504 229
2956 488 320 4284 47304 222
2552 489 320 4855 47751 218
2967 310 322 4796 51735 253
3229 318 337 5123 48471 195
2898 506 347 4586 48095 182
2787 597 353 4363 47471 180
2549 453 335 4834 47403 183
2647 369 338 4749 47354 192
3116 523 340 4921 47848 273
3101 369 323 4702 47414 265
2749 417 349 4454 49074 277
2873 272 325 4813 48159 266
2899 592 325 4431 49106 269
3313 374 338 4583 47640 273
2603 493 321 4747 47419 266
2510 484 325 4843 47471 266
2904 616 322 4565 47518 270
2685 285 343 4601 47360 266
3135 459 321 5608 46888 294
2838 290 324 4786 47936 276
2605 417 340 4453 47174 267
2809 784 328 4629 47907 289
2503 415 329 5264 47948 288
2768 520 380 4449 47205 293
2543 617 355 4829 46828 288
2598 321 346 4446 48247 285
3163 674 346 4559 47878 287
3251 424 356 5383 46490 284
3145 370 331 4837 46554 284
2685 511 353 5395 46522 285
3328 332 351 5068 46441 285
3147 414 357 4397 46499 287
2606 312 328 4580 48038 312
3224 588 358 4647 48573 309
2811 427 359 4675 48303 309
3082 428 361 4817 47608 301
2799 523 429 5061 46528 286
3064 758 332 4999 46638 288
2710 629 336 4506 46779 287
2752 477 364 4542 46638 285
2965 567 332 5148 46897 321
3071 559 336 5110 48060 293
2935 440 337 4955 46742 286
2763 306 404 4453 47916 305
2988 310 377 5277 48110 325
3081 319 655 4656 47474 288
2776 339 366 4507 46901 294
3169 528 371 4588 48964 290
2603 431 362 5022 50577 333
2985 304 360 4698 48194 292
2712 508 364 4691 47461 290
2861 570 357 5164 47701 294
2808 493 340 4490 47315 299
2878 284 722 4691 48590 321
2789 595 341 5139 47966 295
2687 387 346 5279 48468 290
2974 522 364 5070 47267 295
2548 420 347 4714 47596 294
2687 715 345 4633 47584 291
3040 331 368 5319 47322 292
3196 315 363 5178 47419 298
3023 726 345 4657 48041 290
3099 290 429 4753 47641 290
2553 601 345 4951 47742 310
2918 666 383 5078 47763 291
3101 299 594 4690 47680 291
2905 494 354 4678 47880 290
2818 619 369 5228 47884 289
2928 475 354 5125 49099 289
2954 579 344 5270 47951 288
2945 505 349 4854 48163 291
2927 520 351 5252 48106 290
2936 315 355 4734 48461 287
2932 628 367 4856 48781 293
3005 474 377 4754 48043 286
3072 485 382 4816 47747 305
3085 422 737 4837 48052 287
3092 318 384 4710 46725 287
2962 583 388 5294 47193 306
2848 396 372 4769 47841 292
2602 499 387 4695 48080 290
3095 299 357 4995 47687 299
3118 519 375 4871 47170 305
2899 638 375 5511 48839 321
2764 481 395 5121 48612 315
2675 708 373 5050 48389 309
2715 308 355 4805 48582 293
2813 509 370 4769 48947 298
2822 343 388 4844 47866 292
2922 477 371 4824 47432 301
3107 423 395 4936 47423 291
2846 543 378 4948 47691 289
2602 536 385 4942 47705 310
3077 444 377 5808 47438 298
2903 546 366 4958 46870 290
2996 471 379 4911 47627 291
2949 602 364 5496 48109 314
2611 325 360 4889 49593 185
3103 364 368 5514 49732 187
2648 346 408 4940 48874 183
3160 392 373 4942 48353 183
2684 297 399 4883 47674 191
2644 359 413 4919 47284 185
2876 572 367 5037 47814 196
2650 585 401 4998 48334 186
3093 446 409 4892 47761 181
2960 653 408 4925 48010 182
2822 411 399 4870 47574 183
3158 702 362 5865 47712 193
2793 488 405 5665 48154 199
2911 389 364 5520 48075 180
3021 485 452 5601 47626 183
3144 588 374 5421 47232 183
3136 632 369 4950 48059 188
2991 438 413 5743 47888 190
3010 357 380 4913 49253 215
2875 433 371 4930 47502 181
3210 378 378 4891 47210 211
2972 330 573 4967 47667 187
3161 772 373 4985 48099 190
2753 489 428 4885 48511 181
2916 331 371 5854 47961 192
2642 713 402 5404 47720 185
3018 389 379 4964 47813 210
3202 621 400 4961 47468 190
2652 367 582 5594 47610 192
3134 519 378 5603 47504 183
2949 514 424 5792 47329 183
3529 528 399 5647 48013 185
2766 459 383 5155 46617 210
2940 453 373 4982 47129 197
2887 576 633 5761 47450 185
3177 431 396 5779 48310 218
2787 594 417 5961 48567 215
2788 459 396 6014 49063 208
3183 355 416 5035 47707 189
3084 479 409 5814 48934 201
2596 352 390 5000 47561 190
3038 522 408 6092 47048 184
3167 484 389 5627 49065 191
3041 522 428 5651 47416 195
3344 595 405 5205 47003 203
2733 581 390 5810 51777 196
3064 356 380 5786 47847 189
2755 334 381 5027 49518 188
3210 458 388 5785 47316 216
2976 438 384 5918 46591 186
3262 408 415 5252 47390 189
3053 528 418 5842 47782 211
2762 491 383 6030 46848 209
3027 383 389 5850 47279 209
3218 601 386 5782 47668 202
2715 324 484 5261 47658 199
2742 426 402 5992 48402 208
3041 414 381 6147 48195 198
2727 743 410 5439 47816 196
3110 398 402 5274 48489 209
2724 501 384 5878 47384 214
3039 374 382 5759 48168 209
3201 451 399 5409 47327 200
2868 323 406 5747 47700 199
2698 487 409 5869 47603 198
3154 347 407 6049 47423 201
3191 537 417 6172 50023 298
3178 510 448 6549 49960 239
2873 646 523 6285 49758 235
3060 570 401 5903 48676 249
3288 509 436 6109 50011 245
3112 512 434 5663 50199 239
2822 416 419 5571 48735 243
2970 493 429 5495 48141 235
3174 411 422 5579 48279 253
3235 445 444 5754 48876 237
3040 371 498 5868 48094 208
2813 380 455 5263 47834 205
3016 421 409 6002 47050 203
2990 781 424 5307 47678 201
3211 356 419 5376 48681 215
3056 601 412 6072 47335 211
3153 488 406 5864 47091 205
3381 392 417 6155 47760 228
3442 782 421 6305 49365 243
3042 417 469 5723 49136 250
2853 584 443 6199 47872 237
3376 509 403 6037 47999 209
2923 468 413 5919 47686 205
2752 441 422 6114 48643 206
3057 663 591 6288 48688 214
2921 509 424 5549 47914 209
2751 587 437 6034 47802 205
3004 393 421 6167 47886 213
3042 698 417 5356 47892 220
3165 553 419 6030 47387 207
2700 422 412 5499 47757 207
3102 609 440 6075 48462 235
3100 416 402 6231 47362 205
3117 477 418 5989 48056 206
3461 650 449 5503 46615 207
3081 433 434 6123 48638 208
2868 558 418 5401 47076 224
3518 392 490 5713 48841 241
2886 447 438 6171 47972 217
2972 738 430 6073 47929 217
2742 376 401 6165 47593 212
3198 323 450 6222 48019 224
2795 492 420 6453 48289 209
3198 675 403 6262 48883 213
2724 545 413 5454 48198 209
3089 483 400 6082 47700 209
2743 357 424 5709 47262 219
2835 411 437 6404 47670 210
2785 685 431 6244 47870 242
2881 583 406 6195 47449 211
2832 624 413 6177 47974 210
2767 467 473 5502 46466 211
3233 413 451 6074 47625 211
3031 328 417 6695 47677 239
3305 337 412 6122 47881 217
2792 299 431 5679 47278 210
2970 484 434 5629 47642 210
2945 667 408 6311 48420 253
3078 482 441 6375 47636 224
2766 407 461 5513 48424 212
3106 453 441 6104 47420 213
3359 366 447 6441 47206 215
3113 693 412 6316 47574 212
2884 373 484 6263 47887 215
2980 456 445 6431 48043 212
2994 565 431 6519 46917 226
3217 381 507 6636 49094 246
3183 581 454 6711 48612 267
3181 531 457 6395 47811 248
3166 357 449 5535 47570 219
3133 506 420 5666 47821 214
3151 391 440 5582 47728 219
2898 624 456 6243 47537 215
3146 549 423 6253 48449 212
2852 346 450 6388 48518 215
2806 425 421 6174 47414 213
3059 568 457 6402 48079 215
2978 332 420 6233 48486 215
3044 342 440 6226 48510 221
2945 337 434 6596 47128 215
2912 572 451 6622 47361 216
2807 478 418 6462 47241 217
2915 480 429 6823 47316 214
2773 376 511 6701 46696 213
3090 393 453 6269 47488 213
2808 380 472 6881 47202 245
2965 452 474 6352 47694 228
2888 443 483 6371 47030 224
2941 467 418 6401 47967 228
3126 360 419 6476 47563 236
2736 457 433 5776 47532 219
2789 555 455 6448 48318 229
3164 713 448 6762 47385 222
3263 612 447 6527 47901 219
2948 498 455 6333 47260 220
2938 669 423 6448 46517 220
3121 618 460 6659 47467 232
3217 454 445 6652 48801 218
3045 353 437 6572 47576 221
2816 420 425 5823 48667 228
2853 351 449 6699 47893 220
3088 571 465 5877 47597 248
3056 519 479 6460 47023 222
2950 370 465 6677 48040 231
2898 365 450 6740 48319 226
3007 479 466 6510 47942 218
3150 435 466 6549 48355 225
3366 593 510 6595 48180 221
2875 481 474 6509 47992 219
2843 560 442 6539 48076 221
3176 426 454 6754 47822 220
3085 496 454 6902 48319 223
3061 573 438 5879 47848 219
3030 565 452 6616 47071 248
3147 712 441 6837 48298 258
3459 475 482 6689 48613 259
3314 371 483 6831 47567 251
3093 560 446 6515 47297 241
3185 366 427 6473 46849 222
2848 478 443 6448 49048 237
3086 439 459 5982 47594 219
3178 425 436 6572 47857 223
3044 614 458 6529 47737 219
3034 592 428 6632 48812 219
3478 712 436 6607 47910 221
2752 337 466 6091 47899 222
3002 509 468 6558 47966 221
2844 514 425 5955 47464 219
2797 398 446 5854 47987 240
3034 465 455 6728 50121 221
3110 381 500 6614 48035 221
2959 593 460 6700 48169 220
3109 550 496 6564 47923 255
3200 801 430 6661 47868 250
3087 509 462 6408 47096 244
3041 335 478 6544 46777 243
3166 529 462 6564 47891 254
3134 542 437 6799 47881 241
3345 653 456 6083 47477 248
3151 446 440 6673 47135 264
3394 451 474 6515 47536 246
3259 570 450 6598 47812 241
3257 363 488 6700 48410 242
3077 635 447 6481 47356 245
2854 518 483 6544 47758 242
3262 477 484 6572 47297 244
3227 893 446 6663 47870 269
2800 368 467 6663 48334 241
3093 508 441 6592 48040 269
2885 416 459 6637 48107 278
3008 555 448 6881 48199 263
2816 337 442 6681 48346 248
3329 334 470 6598 47181 246
3195 360 532 6906 47810 252
3212 469 548 6801 47249 247
2986 393 508 6748 47317 242
2993 421 507 6942 47687 246
3009 573 474 6841 47281 260
2869 427 490 6897 47268 258
2863 588 446 6854 48308 262
2977 828 470 6948 47211 242
3169 562 453 6268 47863 298
2914 401 449 7165 49101 289
2883 435 478 7010 48351 283
3177 498 478 7188 47322 267
3179 394 513 6771 48215 241
2820 392 467 6887 47308 254
3283 449 458 7009 47453 243
2925 484 477 6794 46571 267
3040 559 514 6916 48310 263
3349 484 453 6799 48469 239
2869 419 449 6758 48417 236
2896 496 520 6927 47745 242
3241 401 509 6891 47861 270
3115 519 515 6816 47631 246
3016 459 467 7118 48102 253
3434 533 459 6927 47225 240
2982 433 518 6823 48088 240
3086 417 529 6194 48141 235
2813 507 460 6844 47822 241
3143 452 478 6962 48042 246
3346 381 520 6989 48808 242
2924 547 542 6974 48661 240
3018 521 500 7020 48245 239
3192 409 483 6926 47371 240
3309 595 542 6807 47466 257
3078 552 526 7267 47983 248
3249 482 518 6934 47675 238
3264 417 456 6868 48965 243
2888 530 510 6987 48953 277
3149 409 517 6960 47928 255
3095 576 745 7050 48009 248
3241 506 505 7120 47675 254
2854 351 460 7073 48354 240
3171 409 519 6919 47528 257
3212 499 611 7195 47042 241
3326 495 519 7111 47968 247
2842 682 472 6944 47782 250
3319 464 550 6976 47390 251
3151 584 520 7107 47767 244
3133 571 461 6359 47424 251
2844 414 523 7093 47063 253
3168 544 463 7300 48336 243
3364 439 469 7059 47657 250
3141 402 473 7272 47576 257
2856 423 482 7039 47467 247
3109 490 484 7219 47484 257
2807 545 530 6489 47381 248
3314 445 552 7389 47883 294
3004 404 549 7316 48391 286
3384 414 550 7467 48766 284
3096 456 472 7245 46911 279
2921 696 498 7345 47258 258
3067 422 480 6573 47524 249
3077 353 473 7252 48219 252
2970 403 467 7202 48100 252
2876 494 472 7174 47952 264
2998 477 468 6655 47216 253
3141 422 464 7115 48767 248
3234 350 532 7149 47717 249
3236 618 462 7338 49524 269
3090 366 478 7301 47337 249
3069 469 486 7196 48908 296
3060 390 575 7170 47989 254
2946 389 471 7452 47971 252
3097 556 501 7171 47855 250
3038 360 467 7167 47277 255
3226 678 464 7300 47584 276
3316 546 539 7519 48419 277
2900 456 475 7297 47898 259
3470 623 472 7248 48320 272
3258 396 601 7331 47362 253
3185 383 553 7107 48444 248
3037 337 479 7280 48009 255
3153 722 463 7326 47141 254
3087 518 553 7304 47935 253
3280 400 563 7357 48037 253
3175 384 482 7285 47560 255
2927 508 497 7333 47527 272
3218 336 554 7241 47620 255
3156 566 554 7378 47869 267
3327 469 568 7232 47457 256
3453 516 495 7243 48880 393
4247 497 603 7491 48816 319
3417 481 562 7158 48295 261
3236 463 570 7250 47711 258
3485 355 489 7220 47858 259
3161 358 566 7209 47563 256
3511 481 578 7363 47916 254
3236 406 585 7272 47691 258
3604 513 563 7326 46851 279
3495 354 724 7377 49301 261
3271 637 503 7325 47505 258
3585 630 471 7279 48162 310
3558 405 609 7441 49383 325
3694 425 523 7683 50404 335
3523 521 534 7621 50847 332
4083 493 585 9222 54394 341
3772 443 490 7341 50379 326
3805 393 621 7437 48484 325
3555 535 521 7399 49142 342
3911 420 532 7578 48761 317
3227 405 516 7148 47515 272
3223 355 510 7126 47331 275
3176 498 483 7309 47409 295
3496 575 502 7317 47375 274
3193 443 474 7411 46801 283
3248 435 500 7401 47984 274
3641 444 606 7308 47474 274
3249 715 486 7191 47741 281
3761 584 497 7261 47194 274
3684 453 511 7496 47761 274
4005 707 487 7222 47441 279
3645 568 551 7219 47406 305
3214 608 556 7228 47450 273
3192 661 518 7196 47185 277
3348 508 497 7337 47435 279
3623 633 519 7454 47999 273
3716 617 521 7274 47613 275
3587 476 502 7224 47592 312
3765 616 528 7255 47543 277
3480 438 518 7212 48592 323
3388 490 505 7228 47357 331
3218 480 521 7375 47803 330
3589 512 514 7398 47770 339
3622 417 510 7379 48036 329
3370 466 514 7296 47689 330
3854 522 493 7207 46875 329
3730 620 535 7542 47711 365
3527 808 507 7234 47338 332
3137 510 724 7338 47615 326
3365 392 490 7345 47272 341
3461 418 494 7297 47482 324
3473 530 595 7331 47621 333
3614 549 506 7346 47852 327
3299 597 517 7293 47416 330
3510 362 498 7279 47714 363
3268 545 542 7297 47344 325
3227 666 507 7314 46809 333
3214 455 519 7512 48435 333
3270 409 497 7501 48494 387
3692 455 660 7652 49346 394
3807 417 531 7946 48546 380
3318 537 568 7642 47883 388
3949 531 507 8097 48987 372
3930 428 556 7480 46947 333
3349 452 525 7504 47750 336
3489 471 502 7447 46980 332
3478 488 507 7347 46729 334
3310 516 542 7449 47687 335
3869 703 516 8013 48234 442
3791 556 679 7668 47098 330
3661 534 500 7694 49104 336
3398 408 506 7664 48251 335
3380 426 577 7637 46816 336
3261 424 595 7560 48137 370
3840 509 576 7421 47610 343
3172 407 557 7539 47028 329
3541 590 531 7424 47562 338
3343 497 491 7785 47776 340
3758 714 504 7749 47758 338
3229 623 516 7601 47583 347
3724 744 507 7547 47855 331
3305 465 572 7522 48113 356
3275 657 506 7341 48948 384
3246 468 553 7629 48783 370
3463 383 641 7598 47867 355
3839 687 507 7440 48061 374
3537 414 502 7520 47960 386
3721 571 496 7435 47629 360
3410 468 509 7655 46957 364
3394 500 503 7395 47547 367
3204 681 525 7530 47295 363
3371 411 501 7465 47079 372
3152 571 776 7456 47656 396
3168 453 545 7596 47794 361
3267 660 531 7618 47673 363
3183 418 730 7633 47645 367
3542 590 601 7526 46939 361
3731 462 521 7465 46923 385
3289 464 518 7553 46845 367
3701 610 502 7463 46838 365
3556 521 510 7603 46508 327
3476 379 513 7604 46461 326
3516 571 514 7578 46548 334
3216 564 519 7551 46650 329
3272 538 512 7866 48839 393
3325 375 580 7910 48919 391
3860 662 556 7942 47902 390
3514 430 542 7654 46640 330
3679 571 564 7694 46606 335
3788 417 587 7594 46568 330
3316 501 533 7700 46665 330
3411 593 512 7499 46910 332
3581 786 524 7639 47394 362
3299 544 572 7826 46900 395
3481 445 553 7595 47172 330
3381 641 541 7854 47309 329
3407 377 547 7699 47594 330
3631 558 593 7674 46823 331
3561 443 513 7783 47133 344
3432 550 550 7656 47223 332
3297 434 584 7817 47918 334
3483 483 580 7672 46619 331
3568 602 526 7723 46923 366
3564 617 515 7785 47334 329
3251 449 583 7670 47326 359
3416 388 546 7691 47671 332
3839 417 556 7676 47518 337
3299 403 528 7691 47273 362
3461 547 543 7651 47537 329
3232 565 582 7849 47256 331
3376 571 557 7753 47330 340
3487 536 585 7662 47351 329
3692 421 609 7763 48216 349
3714 415 636 7915 47826 330
3707 589 533 7302 47570 331
3759 638 509 7370 47505 344
3417 597 543 7369 47347 342
3897 618 562 7409 47364 337
3510 478 521 7323 47309 359
3360 394 543 7547 47669 359
3407 405 528 7312 47269 344
3337 423 531 7266 47289 336
3414 532 525 7423 47565 343
3536 558 513 7321 47540 333
3630 514 548 7342 47650 335
3699 442 543 7311 48297 337
3335 429 604 7380 48420 341
3812 424 576 7316 48560 330
3358 629 548 7322 49286 334
3481 702 535 7325 47664 334
3457 639 546 7361 47665 397
3335 659 534 7695 48733 407
3853 440 531 7680 48732 396
3769 532 526 7485 47510 378
3556 595 535 7275 47573 337
3640 576 545 7436 48393 330
3443 513 525 7331 49066 335
3492 435 546 7213 47818 354
3399 557 542 7453 47599 331
3301 529 530 7332 47280 337
3540 530 531 7454 49700 347
3377 451 543 7417 47796 342
3539 452 529 7314 47796 348
3650 538 549 7464 48309 353
3450 803 572 7616 47360 397
3796 408 524 7613 48340 358
3398 437 541 7421 47902 351
3453 525 842 7288 47703 347
3550 516 525 7443 46919 358
3583 526 548 7386 47409 352
3726 414 558 7452 47205 360
3442 415 532 7399 48198 364
3684 413 545 7360 47782 353
3472 606 524 7398 47538 347
3503 610 544 7320 48100 353
3790 375 557 7503 49221 349
3504 411 562 7416 48144 358
3302 726 566 7454 49185 357
4016 619 557 7387 48529 353
3425 485 522 7384 47393 354
3514 453 560 7487 48245 360
3473 496 529 7578 48247 355
3554 529 635 7512 47671 356
3301 515 527 7397 47545 371
3726 508 536 7578 47499 356
3661 546 540 7484 47820 361
3348 534 543 7522 47586 361
3702 471 544 7552 48796 362
3349 425 570 7559 48420 353
3455 608 552 7494 48306 353
3409 448 556 7430 49376 359
3476 682 555 7710 48163 358
3326 473 548 7630 47528 360
3398 504 554 7925 46443 359
3623 512 550 7946 48104 393
4047 716 574 7665 47093 370
3466 476 585 7546 46769 386
3577 544 589 8142 49424 416
3729 500 572 8402 49755 437
3566 451 568 8001 49994 425
3775 538 598 7854 48293 371
3322 401 538 7584 47201 368
3559 431 537 7647 46753 362
3821 479 567 7752 46660 363
3274 696 534 7792 46527 361
3372 437 538 7654 46633 363
3582 720 561 7876 46739 363
3621 789 533 7736 46614 366
3332 603 534 7539 46455 360
3528 529 541 7653 46499 364
3665 526 571 7575 46627 373
3507 547 555 7650 46636 366
3539 421 590 7862 48300 390
3782 607 576 7679 46997 383
3619 438 573 7589 47438 386
3333 431 571 7913 47240 364
3720 691 649 7572 47369 408
3633 654 548 7623 47992 361
3471 537 555 7987 46887 370
3849 460 677 7471 47546 369
3446 488 544 7622 47120 385
3280 567 563 7773 47574 368
3446 594 538 7536 48328 363
3932 431 605 7575 48144 358
3555 424 561 7624 50334 370
3649 504 548 7659 47461 361
3513 510 556 7729 47779 380
3655 442 608 7701 48297 430
3793 555 575 8799 50978 436
3374 608 634 7760 48324 397
3540 468 566 7761 48023 371
3609 450 654 7643 48749 371
3346 798 554 7731 47619 367
3666 430 566 7641 47963 370
3486 418 590 7721 46844 374
3831 530 622 7702 47150 368
3492 535 559 7664 47573 371
3414 458 564 7798 47017 379
3454 531 555 7660 48285 385
3282 462 564 7715 47742 401
3357 532 576 7868 48236 384
3304 458 564 7656 49195 455
3999 658 580 8140 48920 471
3758 515 576 8240 48422 445
3447 423 580 8021 47600 428
3504 580 554 7806 48221 386
3396 476 561 7726 47527 387
3604 431 548 7957 48117 379
3393 461 585 7617 49140 387
3285 464 553 7890 47771 394
3908 481 544 7713 47146 404
3420 534 603 7848 47767 401
3417 852 619 7716 47767 394
3693 464 548 7819 48513 393
3656 829 593 7993 47643 462
3625 666 755 8309 49522 477
3684 463 605 8259 49498 461
3419 429 595 8226 49589 458
3624 487 623 8208 49693 479
3952 704 629 8456 50326 487
3902 572 597 8436 49512 475
3977 633 605 8267 50446 502
3682 736 645 8375 49409 466
3556 442 572 8206 49873 465
3511 781 582 8142 49167 477
3647 535 614 8321 49977 465
3812 441 567 7850 46801 412
3543 611 650 7826 46975 408
3496 359 590 7866 46703 409
3545 642 570 7883 46716 408
3361 479 606 7815 46759 412
3469 480 603 7973 46532 409
3334 419 563 7857 46787 404
3376 451 585 7935 47238 444
3278 452 568 8223 46828 408
3450 528 562 7811 46657 412
3800 512 564 7925 46632 416
3422 657 556 8129 46601 405
3388 396 611 7847 46854 407
3770 457 592 7848 46696 411
3759 549 594 7978 46673 410
3442 520 575 7886 46686 415
3601 705 595 7989 46766 412
3375 421 590 7948 46987 419
3512 627 574 7888 46674 411
3404 677 571 7969 46573 412
3392 399 576 7925 46993 414
3604 528 575 8420 48034 464
3597 512 628 8355 48611 474
3480 423 614 8339 48581 456
3576 434 573 7982 46669 418
3807 451 568 8031 46874 416
3541 494 646 7921 46735 417
3595 695 614 8626 47328 458
3383 584 604 8391 47701 409
3333 509 633 7948 48090 662
4221 570 602 8354 47710 462
3362 482 743 8029 46563 417
3355 490 572 8015 47375 423
3520 578 576 8251 47902 416
3570 461 567 7910 47279 403
3468 496 581 8038 49073 454
3364 533 602 8018 46512 408
3437 471 581 8296 47709 413
3385 527 603 8267 47182 412
3452 470 593 7942 47674 427
3429 622 574 8132 46697 409
3471 798 593 8064 47185 410
3563 391 567 7961 47554 412
3627 615 586 8549 47643 410
3394 422 606 8009 47649 411
3386 452 603 8786 47229 442
3333 726 578 8561 47016 417
3676 404 586 7968 46687 422
3692 632 578 8110 47331 419
3419 491 581 8102 47886 403
3572 391 590 8183 47049 413
3437 429 818 8453 46504 410
3350 503 593 8096 48101 404
3457 527 614 8481 46888 442
3395 637 607 8055 47651 412
3429 452 581 8214 46618 422
3777 495 595 8135 46684 419
3633 634 611 8377 48017 418
3497 650 601 8129 47270 412
3431 456 737 8076 46875 417
3425 474 616 8453 46459 416
3449 422 622 8212 47599 412
3398 658 655 8107 47700 427
3457 550 608 8202 46609 433
3618 513 588 8251 46551 417
3546 463 582 8199 47372 417
3537 462 585 8257 48765 491
3523 610 753 9040 50015 488
3710 562 668 8570 50141 617
3690 565 608 8260 47540 469
3472 440 599 8120 47145 434
3654 409 593 8234 47210 427
3498 439 621 8268 46888 425
3436 487 586 8163 46875 435
3522 615 610 8252 47593 435
3792 520 603 8705 48736 426
3426 460 626 8294 47853 415
3546 459 575 8306 49048 427
3502 444 623 8247 47089 427
3492 599 578 8174 47956 426
3656 767 616 8271 47749 424
3614 513 611 8243 47933 417
3805 650 618 8314 47612 436
3465 584 634 8343 47535 439
3520 537 602 8677 46756 433
3625 462 630 8403 46625 430
3514 511 590 8390 47374 431
3469 515 631 8797 47830 440
3480 433 637 8549 49309 418
3500 691 605 8336 47860 419
3431 572 614 8276 47518 434
3465 576 606 8724 47525 436
3530 597 601 8330 48730 640
4028 506 637 9609 49656 507
3805 516 640 8651 46795 468
3375 484 605 9033 46812 459
3681 534 610 8904 48148 539
3422 473 673 9038 48193 475
3966 463 635 8785 47101 426
3533 476 604 8919 47483 450
3520 622 653 9215 47617 439
3670 472 655 8879 47874 474
3822 656 712 9046 48639 485
4050 497 616 8911 47833 473
3502 489 605 8563 48578 482
3721 575 615 8578 47161 432
3457 410 622 8815 47110 414
3522 853 608 8727 48032 414
3439 536 631 8344 47056 431
3470 580 607 8829 47121 410
3473 470 644 8625 48031 496
3548 451 633 9212 48754 500
3664 527 642 8841 61949 788
5978 494 793 12955 83511 599
4268 877 1435 9901 50735 543
3747 531 608 9387 69062 644
3872 911 668 10223 102824 908
3792 484 699 9580 50360 639
4005 854 643 9025 49015 619
4411 592 789 10316 51078 485
3713 485 620 8769 47248 466
3492 577 640 8863 47333 483
3919 541 667 9369 50253 495
3600 466 613 8745 47276 472
3490 538 859 9406 47501 518
3572 491 789 9101 48096 532
3579 527 608 8801 55505 692
3950 417 701 9182 48892 558
3463 759 606 8969 47987 463
3643 538 626 9201 48067 498
3671 438 671 8932 48765 544
3578 535 614 9501 48817 499
3566 544 630 9089 47748 471
3696 646 657 9086 47741 458
3678 511 607 9304 49540 498
3438 528 611 8885 48989 525
3580 570 806 9516 48018 521
3490 550 603 9065 47031 454
3866 612 640 8728 47065 443
3425 404 611 8840 47323 437
3590 536 610 9185 48177 467
3514 493 614 8760 46898 463
3600 578 637 8791 46989 446
3876 641 610 8663 46974 488
3618 592 676 9391 49047 503
3823 582 650 8853 48195 490
3599 712 668 8967 48709 481
3648 480 659 8858 47690 471
3560 524 624 8832 47802 447
3673 517 630 8691 50264 541
6650 792 762 10413 51702 601
3671 617 650 9094 49717 524
3913 543 648 9332 49188 491
3619 373 644 8817 48505 490
3591 616 673 9310 48395 502
3540 433 675 9299 47610 479
3807 637 647 9473 47100 459
4041 686 622 9075 49020 640
3777 743 683 10206 49403 508
3479 479 655 9266 47530 486
3644 529 650 8889 48296 497
3567 554 646 9101 48421 520
3598 461 678 9353 50513 511
3572 516 680 9112 48068 518
3635 475 620 9081 48391 502
3571 591 695 9700 48901 507
3795 535 659 9324 48093 554
3616 567 644 8813 47824 518
3840 697 612 8891 47110 476
3568 466 664 8913 49606 763
3927 555 701 10118 67123 528
4061 538 672 9408 48002 532
3635 487 659 9534 47704 486
3524 564 649 9041 47414 486
3481 510 785 8954 47079 463
3484 529 611 8997 47059 458
3517 696 646 9308 47012 472
3592 659 842 9097 49356 602
3938 491 1530 10285 49121 508
3473 620 802 9001 47159 469
3470 802 634 9302 47060 469
3501 531 628 9201 47166 486
3560 464 681 9488 46882 470
3743 491 633 9359 47622 524
4012 605 677 9668 47844 494
3497 449 697 9643 60363 584
3915 563 671 9600 48115 518
3670 426 690 9127 47916 504
3558 671 615 9038 49009 524
3816 518 671 9659 48589 500
3599 593 644 9341 47337 475
3878 415 652 8964 47541 527
3787 681 720 10475 55805 610
3814 585 670 9664 49857 606
4356 1134 908 10749 55212 590
3982 508 761 10295 49191 535
4018 646 690 9906 50315 505
3623 562 644 9338 48105 503
3736 513 640 9158 47211 482
3497 516 647 9535 47202 476
3613 465 685 9203 47059 465
3590 632 661 9291 46849 510
3450 589 675 9639 47315 535
3543 415 675 9441 47173 500
3605 607 697 9490 47072 442
3748 497 681 9112 47218 452
3639 453 633 9571 47056 566
3745 465 643 9606 47246 567
4000 552 743 9659 49281 602
3878 584 772 10396 61075 573
3810 513 654 9798 48039 564
3509 534 724 10221 47892 650
3962 703 635 9668 47397 558
3813 514 665 9797 49299 688
3806 377 699 10463 53709 786
3540 637 680 9983 54032 603
3573 461 654 9415 48998 617
3710 513 643 9445 50181 595
3797 681 657 9383 48353 607
3860 549 687 10145 51240 626
3654 567 710 10258 53459 820
4049 588 1421 10563 50491 771
3852 673 688 10850 55479 643
3771 619 696 9845 50570 632
3856 518 721 10201 50456 644
3858 663 686 9424 48694 625
3680 553 659 9992 48612 646
3748 558 730 10848 65628 740
5176 776 748 17314 51901 655
3969 685 770 10257 51091 676
3912 476 710 9985 51297 631
4016 623 714 10154 51467 647
3932 537 686 9978 50996 664
3731 440 686 10210 54338 661
4318 582 839 11038 55138 609
4091 492 917 11680 50662 591
3889 528 633 9138 47913 540
3622 583 701 9232 49263 634
3863 517 691 9442 48801 589
4001 530 737 12136 48836 567
3785 544 693 9714 47748 541
3577 502 635 9455 48908 565
3807 549 682 9808 48849 589
3600 780 742 9735 48438 647
4276 495 897 13145 62731 891
12426 625 834 15408 52867 760
3771 798 748 10049 50922 738
3951 660 711 9695 48801 616
3834 471 656 9597 48579 566
3743 605 679 10109 49460 652
3908 469 702 10413 49698 550
3698 613 743 9467 48006 545
3806 584 674 9903 47376 535
3588 517 681 10097 50406 563
4048 473 656 9804 47817 556
3619 445 725 9147 47902 561
3724 522 707 9366 47826 542
3546 481 650 9611 47155 519
3582 495 675 9768 47212 504
3726 458 657 9246 46948 512
3685 658 667 9300 46951 524
3821 525 842 9299 47052 543
3544 632 656 9290 47090 507
3625 491 691 9631 47005 501
3989 634 681 9276 48861 614
3743 635 861 10339 55192 575
3613 667 766 9485 47625 602
3943 425 665 9773 48247 558
3698 527 669 9735 48622 556
3707 585 777 9727 49145 518
3589 462 674 9325 48135 691
4339 596 716 10464 51153 580
3856 547 719 9873 48623 534
3932 698 696 16703 55076 637
3688 598 779 10586 50002 565
3986 485 743 10166 50094 557
3691 528 708 10334 49531 528
3723 785 664 9766 46932 479
3703 507 677 9865 46566 483
3745 518 667 9792 46556 469
3920 506 679 9633 46593 475
3480 547 676 9598 46545 470
3511 663 654 9835 49971 532
3632 652 675 10392 60770 616
11499 880 3150 14146 52940 670
4057 669 736 11610 62100 834
4294 576 1418 11357 73131 572
4213 747 2181 12998 55969 618
4245 488 764 10467 63804 643
4505 684 1290 12813 63925 806
3995 724 771 10299 53169 589
4131 770 910 10298 64667 721
4407 618 738 10647 65140 699
4009 595 830 10593 55120 576
4122 632 771 14436 77373 854
3745 632 869 11627 58631 630
4004 739 732 19781 59976 3236
6736 962 1654 22259 73408 793
4249 495 706 15138 79824 1641
9994 1812 2001 15705 126667 2717
3994 673 745 11200 87242 629
4819 551 789 11222 71477 705
5837 1455 899 10400 58621 833
4384 978 810 11005 58771 600
4313 821 744 12106 58063 628
4962 750 721 15594 103710 705
5705 1454 2519 14317 79205 1226
3949 594 1451 20613 107109 1152
6855 619 837 15279 111973 989
8592 941 746 11421 86723 787
5969 579 1181 14907 55267 567
3624 518 775 9770 55481 594
4584 639 742 10287 61834 581
4352 544 728 11253 55985 560
4621 532 716 10272 51824 676
3961 705 1053 12070 54204 956
6802 643 761 13651 55326 748
4161 509 788 13262 60467 619
3842 514 720 10480 57506 634
3901 842 832 10465 54465 614
3811 786 761 31394 144327 1562
4907 527 832 11575 164496 2047
7370 4240 2150 38869 95752 1749
5200 624 821 11777 60239 717
4234 637 734 10377 63525 774
4792 679 780 10648 54061 1432
8540 2587 1827 26842 84175 972
4012 712 713 11138 49378 573
3478 516 668 9796 47071 519
3754 819 671 9999 48047 558
3769 545 683 9909 46665 530
3608 600 700 9826 46784 491
3632 539 660 9645 46961 526
3639 462 704 9542 46692 502
3606 431 666 9568 46902 528
3586 512 695 9466 50277 729
3772 571 732 10867 48581 601
3611 472 741 10156 60615 731
3789 673 738 10291 49767 606
3924 641 731 10365 48708 628
3747 524 707 9736 47239 555
3783 591 775 9949 46965 530
3655 536 700 9577 46831 586
3740 545 703 9963 46701 565
3839 645 714 9909 46724 791
4411 590 697 9561 47067 649
3691 624 717 9774 47253 527
3666 592 679 9667 47211 561
3710 503 710 10060 47974 536
3598 577 692 9654 49596 623
3732 518 712 10217 49395 698
3945 432 747 10109 49155 602
3610 627 758 10269 49890 623
3760 539 696 9765 55471 742
4022 594 749 10613 49980 612
3763 576 738 10326 48942 593
3863 621 841 9678 48119 569
3612 812 685 9850 49210 597
3702 575 735 10229 50206 691
3919 520 768 9974 48141 680
3699 533 740 10502 50378 748
4058 523 733 10515 47916 648
3699 531 727 10201 57100 1163
4668 1240 796 10460 48795 591
3738 486 702 9749 48217 591
3776 513 735 10041 48241 615
3861 634 741 10192 47123 579
3628 533 706 9964 50081 699
4063 709 701 9809 46989 575
3714 434 720 10150 46887 575
5392 558 1368 10920 50424 623
3902 517 706 10175 47704 579
3680 537 722 10190 46652 558
3686 480 684 9945 47148 560
3600 642 734 9580 46760 546
3929 471 990 9928 46613 540
3670 556 851 9975 47083 605
3732 510 707 9957 47587 580
3745 501 689 9901 48385 633
3750 642 711 10319 48552 595
3795 444 711 10553 49180 640
3850 741 838 11214 48463 637
3577 408 716 10030 47211 543
3613 579 725 9741 46578 526
3838 582 721 9655 46756 526
3734 515 726 9654 46679 511
3663 503 704 9770 46641 539
3608 495 720 10206 46860 539
3812 445 871 10153 47051 575
3658 452 835 9790 46717 548
3821 660 767 10143 46826 517
3870 509 721 10007 46865 556
3708 512 720 9645 46691 555
3785 675 697 9531 46795 536
3736 598 733 9884 46786 538
3715 415 701 9849 46884 546
3650 432 693 9533 47166 543
3628 562 717 9957 46767 545
3606 451 714 9698 46683 513
3655 425 686 9654 47063 519
3709 530 830 11899 47866 605
3641 572 720 9662 46923 530
3856 645 690 9537 46968 555
3691 763 740 9511 47227 538
3663 665 729 9945 47170 573
3697 493 711 9755 47224 521
3710 578 709 9954 47216 554
3476 663 732 10059 47224 524
3773 534 718 9694 47195 531
3730 666 739 9983 46746 614
3647 527 725 9697 47064 586
3665 557 817 9687 47164 538
3624 518 738 9701 46667 555
3627 466 713 9966 47509 553
3762 710 812 9696 47370 514
3824 488 688 10091 47137 518
3657 573 736 10148 47583 602
3806 614 715 10217 47256 517
3800 657 711 10100 47424 511
