RIndependent Gonzalez BaselineGreedy Bottleneck Dynamic FullyDynamic
1768 209 165 2696 13708 133
1783 307 166 2361 10856 137
1806 229 209 2397 10745 146
1870 324 202 2406 23015 149
1791 326 227 2739 17715 159
2136 227 181 2582 17544 158
2152 374 181 2432 17649 163
1963 321 165 2430 17940 173
2032 467 209 2476 17843 174
1912 287 186 2653 18225 176
1843 335 202 2885 18058 174
1839 394 257 2792 18111 182
1983 432 212 2438 18275 181
2139 334 172 2813 18501 191
1964 325 169 2440 18627 188
2053 277 169 2863 18862 195
2001 223 175 2860 21746 220
2301 336 172 2878 19236 223
1972 313 176 2706 18125 222
2004 456 207 2764 17952 229
1912 336 177 2902 18052 225
1972 359 201 2501 18061 230
2138 345 215 3158 17834 234
1986 352 211 2709 22122 232
1916 363 178 2655 22439 235
2238 334 183 3039 22262 237
2020 401 178 2651 22182 247
2026 338 253 2864 23482 258
2266 235 218 2867 23401 260
2250 347 189 3098 23710 260
2237 312 186 3272 23258 265
2254 366 183 3059 23933 282
2427 246 191 3089 23662 272
2037 365 187 3085 22387 267
2038 329 193 3023 22259 267
2072 351 184 3226 21707 271
2113 330 188 3125 22370 264
2256 387 191 2831 22437 272
2085 309 237 2900 22105 247
2012 288 190 2837 22125 248
2088 308 190 3031 22251 246
2075 333 195 2932 22284 249
1983 559 192 3133 21678 247
2125 219 199 2796 21309 247
1938 298 336 2817 21569 249
2243 395 193 2891 29625 252
2147 471 340 3252 22425 248
2172 317 289 2978 21741 255
2332 226 284 3111 22574 254
2163 326 196 3010 22130 252
2156 381 196 3238 36919 255
2160 409 248 3007 37101 262
1913 299 198 2804 36974 265
2236 423 196 3240 36990 279
2202 296 200 2861 37584 300
2316 368 217 3287 42821 284
2229 245 338 3290 42754 313
2209 231 341 3433 42835 320
2290 458 327 3016 43438 308
2588 343 463 3557 43051 391
2666 572 333 3181 43820 381
2485 691 275 3523 44154 376
2581 627 232 3321 43885 393
2367 375 223 3171 42064 337
2599 259 214 2976 41368 412
2482 364 217 3490 42065 401
2336 367 215 3205 42473 417
2330 378 217 3081 43403 397
2205 439 279 3529 30644 393
2751 476 217 2972 42206 351
2456 502 224 3548 36525 329
2210 476 214 3471 34025 280
2331 314 212 3102 33361 277
2362 219 215 3104 43234 275
2252 335 216 3465 43629 279
2179 469 215 3118 43412 285
2172 364 284 3567 45650 284
2596 338 219 3170 45532 288
2148 509 218 3630 46515 209
2394 234 220 3411 46208 219
2538 383 382 3583 45600 208
2259 486 303 3553 45853 210
2418 506 308 3040 45449 230
2562 235 225 3129 45409 284
2493 645 223 3342 45226 282
2256 480 224 3188 45115 297
2167 347 224 3560 44292 300
2481 675 315 3465 43836 239
2057 438 227 3274 43439 215
2354 534 408 3442 42897 217
2169 513 227 3122 42234 219
2410 346 405 3186 42361 221
2618 367 231 3322 41649 131
2151 619 234 3527 41050 131
2167 388 232 3432 40104 135
2366 237 227 3315 40458 138
2312 516 259 3323 41640 154
2434 517 241 3475 41446 142
2675 252 252 3986 42216 145
2483 412 247 3408 41141 141
2288 376 341 3301 40003 135
2680 507 242 3471 39661 136
2107 251 239 3581 40017 136
2608 618 237 3474 39757 134
2588 371 239 3745 40229 138
2431 359 238 3285 39873 135
2296 387 249 3203 39812 136
2129 379 235 3657 40042 135
2437 524 239 3469 39813 135
2592 371 242 4057 39784 136
2272 493 243 3246 39879 140
2195 532 244 3958 39834 138
2457 394 241 3667 39881 140
2099 379 282 3589 40460 138
2286 513 248 3806 40117 140
2110 397 393 3715 39828 138
2566 510 239 3435 40374 138
2445 427 238 3845 40774 154
2398 508 358 3725 44962 155
2314 392 252 3862 40172 143
2578 649 251 3864 39942 149
2732 399 247 3600 39960 140
2138 389 357 3394 39608 143
2870 262 246 3343 44195 145
2858 535 249 3875 40397 141
2243 531 250 3425 40465 137
2401 476 277 3321 40443 139
2747 559 254 3700 40977 139
2564 404 253 3322 40517 139
2398 898 249 3402 40378 140
2446 340 252 3625 44043 138
2140 421 251 3973 40699 138
2898 448 499 3948 41400 143
2340 423 253 3665 40843 140
2664 649 251 4161 40389 144
2439 492 320 3447 41746 140
2817 267 250 4271 45374 141
2167 423 255 3662 41947 144
2200 391 248 3753 41760 142
2292 400 258 3874 40804 139
2534 417 257 3925 40893 144
2733 384 256 4154 40972 141
2806 274 259 3971 40827 139
2306 545 332 4112 40824 146
2386 401 259 3518 40919 138
2761 282 259 3969 41023 139
2270 778 258 3846 41574 141
2462 422 432 4412 41067 140
2642 461 261 3512 40799 143
2940 481 254 4130 40937 140
2744 244 261 4081 41604 144
2303 349 260 3913 44928 141
2593 356 269 3566 41114 141
2277 406 294 4112 41042 141
2308 526 345 4117 41396 144
2601 239 261 4074 46334 150
3041 484 270 3613 45819 150
2520 250 324 3926 42432 150
2672 319 288 4062 42334 148
2429 488 270 3523 41185 145
2594 474 268 4255 42367 150
2489 615 268 3982 41150 163
2422 405 263 3865 41458 146
2613 470 266 4346 41177 147
2238 469 272 3599 41393 147
2743 378 269 3801 41957 152
2531 472 288 3737 41285 148
2853 486 266 4395 41537 147
2694 371 270 4349 41121 148
2613 316 301 4121 41380 148
2556 252 496 3822 45035 149
2495 450 271 4414 41202 148
2424 395 281 4250 41347 150
2366 245 272 3981 41338 148
2399 315 311 3989 41357 147
2410 462 269 3750 41070 151
2419 585 385 4312 41130 149
2357 419 264 4123 41129 149
2325 255 316 4375 41679 149
2440 316 276 4478 41756 147
2298 457 277 4265 41258 150
2534 436 273 3720 41156 151
2862 403 273 4235 41064 150
2544 312 274 4028 41064 149
2658 247 276 4143 41482 149
3189 339 274 4024 42307 148
2409 454 284 4186 42197 146
2477 468 284 3729 41690 151
2547 584 273 4250 43143 148
2424 331 278 3681 41774 147
2971 429 274 4247 41278 145
2439 501 280 4326 41221 146
2928 407 284 3760 41026 145
2450 549 302 3754 41177 146
2752 385 284 3965 41194 147
2940 399 280 4269 41146 146
2404 432 292 3685 41382 145
2663 467 308 4751 41770 148
2841 452 640 4154 42227 146
2807 328 313 4362 41363 173
2367 250 275 4022 41234 174
2777 409 282 3790 41503 174
2810 412 274 4236 41961 191
2431 403 284 4376 41436 174
2380 299 275 4376 41074 172
2544 366 305 4245 41402 170
2516 418 317 3980 41321 174
2821 324 305 4331 41309 170
2353 404 576 4517 41243 170
2437 287 322 4609 41627 171
2468 260 329 4609 41980 170
2445 586 290 4187 41531 176
2460 533 286 4382 41193 171
2385 486 304 4426 42750 182
2645 599 304 4454 43141 182
2572 388 608 4637 42744 183
2671 353 336 4672 42006 180
2741 587 293 4580 41543 191
2399 600 284 4118 41499 174
2371 431 321 4519 42261 151
2704 509 295 4378 42083 167
3197 438 293 4483 41930 149
2490 448 356 4687 42466 152
2895 423 298 4701 42187 152
2472 381 299 4140 40773 153
2714 408 286 4730 41368 161
2397 293 345 4873 42319 161
2829 481 347 4531 41793 152
2876 474 347 4301 42052 153
2996 298 298 4694 41433 154
2544 361 303 4278 41822 152
2570 427 300 4152 41206 164
2424 347 308 4038 41181 164
2440 339 308 3994 41070 156
2790 376 380 4080 41901 156
2394 494 304 4135 41913 160
2789 632 307 4882 42182 157
3003 503 310 4721 42012 165
2762 368 304 4147 41821 158
2878 754 447 4697 41651 170
2564 359 596 4551 43682 158
2563 428 308 4542 41677 167
2431 531 318 4630 42378 166
2654 585 314 4726 42058 169
2576 464 497 4660 40921 169
2816 284 327 4602 41916 187
2780 460 316 4501 41645 196
3153 542 302 4535 42067 169
2802 290 315 4517 41807 170
2558 460 415 4860 41894 171
2641 294 316 4127 43186 171
3423 308 315 4709 42148 172
3136 529 308 4519 41006 175
2777 383 296 4660 41560 171
2461 618 305 4633 41976 184
2822 511 643 4459 41914 175
2557 278 649 4140 41179 172
2649 267 316 4732 41837 178
2695 378 316 4664 41739 172
2734 496 322 4203 42029 173
2647 657 319 4364 41820 181
2590 358 322 4457 41732 172
2557 481 328 4871 42002 176
2483 598 315 4795 41641 174
2739 403 712 4971 40977 175
2940 313 321 4633 43099 182
2775 567 324 4914 41629 181
2525 488 324 4596 43345 184
2834 388 326 4575 42353 176
2890 415 331 4734 41083 179
3103 438 363 5145 42922 195
2607 522 374 4861 42340 188
3053 595 327 4512 42832 188
2690 382 342 4510 41846 180
2466 563 418 4713 43121 183
3096 554 317 5010 41498 175
3123 376 311 4873 41735 217
2737 545 311 4718 41602 182
2785 569 306 4361 41816 177
2854 515 314 4600 41947 183
2638 507 317 4814 42180 184
2697 459 320 4478 41261 182
2622 431 328 4921 41829 182
2795 330 324 4809 42137 178
2727 710 326 4669 41023 189
2883 361 317 4528 41991 177
2884 443 327 4614 42631 181
2515 479 328 4683 41526 177
2729 382 320 4746 41420 183
2858 720 332 4762 41528 179
2489 686 753 4611 42772 224
2666 324 332 4452 41669 181
2769 414 331 4784 42006 178
3080 494 339 4908 43452 185
2953 405 367 5081 42173 179
2490 451 327 4506 41174 178
2597 635 347 4777 41972 193
3098 483 346 5047 41526 185
3205 553 334 5161 43828 178
3215 324 342 4435 41839 183
2562 485 313 4443 41759 209
3351 490 334 5017 42077 257
3059 306 331 4330 41862 216
3085 485 315 4901 41335 219
2901 500 318 4356 41181 221
2665 340 366 4906 42396 184
3011 405 339 4973 42741 186
2923 272 363 4613 41379 181
2940 429 336 4336 41714 196
2792 347 345 4760 41882 183
2911 482 329 4377 41538 186
2999 536 322 5033 42168 263
2614 758 321 5150 41819 265
2884 575 340 4725 43009 276
3040 407 343 4324 42103 270
2846 582 323 4755 42989 280
2826 396 346 4407 42200 271
3214 477 322 4897 41586 270
2923 886 323 4848 41828 266
3146 311 321 4382 40929 265
2805 529 346 4489 40927 267
2787 292 321 4595 40848 266
3052 388 321 4837 40877 267
2650 297 341 4480 40812 265
2555 399 322 4784 40921 284
2941 597 324 4491 40866 290
2939 308 353 4931 42755 306
3093 487 350 5193 43031 307
3014 320 329 5008 42595 309
2607 590 366 5029 42021 297
2636 452 326 4431 40763 282
2882 338 329 4479 41048 284
3002 514 328 4410 40866 284
2553 309 362 4470 40796 282
2882 636 350 4956 40976 286
2679 653 349 4357 42125 287
2948 476 353 4475 41478 305
3132 510 338 4543 42726 285
2524 405 344 4827 41694 286
3283 503 330 4842 41262 285
2837 557 334 4485 41643 304
2742 790 373 4576 41943 284
2940 477 335 5222 41659 286
2690 838 332 5229 40906 286
3228 347 363 4806 41441 285
3261 429 331 4505 41779 289
2533 785 334 5199 41929 301
3004 487 332 4614 41933 299
2746 678 365 4550 41611 288
3061 371 334 4650 41401 294
2616 398 336 5455 42028 285
2990 544 361 5535 43016 288
2924 337 382 5041 41540 288
2927 314 410 4705 41518 298
2750 486 348 5321 41611 299
2950 556 336 5088 41556 307
2855 657 376 4598 42033 287
3045 454 371 4716 41863 288
2679 389 352 5104 41667 293
2632 323 366 4671 41587 287
3196 792 361 4671 41531 294
2600 354 366 4870 41710 325
3117 444 373 4953 44012 322
3152 307 387 4880 43772 330
2989 358 378 4987 43917 330
2908 757 404 5822 45190 375
2728 363 375 5736 43915 319
3110 711 371 5038 43845 358
3545 721 370 5600 43453 318
2990 483 396 5082 43432 327
3124 352 381 5285 44302 319
2991 336 441 4798 43490 322
2853 305 354 5390 42254 315
2732 345 380 5153 42566 322
2774 549 383 4743 43784 357
2633 424 363 4600 41902 295
2958 294 366 5339 42350 287
2971 667 349 5393 42032 286
2639 336 345 4710 42069 286
2623 514 594 5330 42450 291
2876 547 366 5245 41139 294
3056 548 351 5167 42553 320
2699 487 362 5475 42967 327
3220 682 360 4891 43425 327
3056 520 376 5329 41895 307
2871 570 376 4733 41875 304
2981 491 361 4847 41996 295
3045 615 354 4966 42751 290
2547 538 350 4761 42878 289
2625 376 367 4688 42889 294
3121 340 372 4825 42752 288
2948 359 377 4739 41981 289
2976 572 353 4708 41811 289
2966 545 369 5522 41809 313
3048 284 358 4912 42057 309
2787 533 367 5580 41967 296
3040 513 358 5289 42052 288
2651 343 357 5532 41773 288
2995 418 398 5300 42070 291
2953 465 389 5394 42748 288
2685 341 359 5385 42734 183
3020 343 361 4819 43171 206
2769 447 363 4774 42617 182
2597 745 352 5194 42030 181
2669 499 356 4920 41907 183
2642 503 373 5419 42453 191
3209 444 378 5523 41976 191
3104 546 370 4874 41944 182
3090 331 396 5570 41788 190
2776 594 366 4822 42419 202
2858 519 408 5605 42393 182
2659 356 384 5651 41404 189
2646 552 391 5472 42149 187
2744 432 365 5613 42253 190
2966 502 363 5230 42910 181
3130 556 440 5626 42255 180
2682 452 368 4900 42423 180
3192 388 364 5602 42377 184
3053 457 392 4905 43270 181
2624 291 362 4937 42101 193
2703 330 375 5733 40972 182
2900 607 378 5387 41825 183
2855 569 397 5647 42751 185
2740 623 366 5495 41912 186
3195 558 392 5771 42144 191
2587 429 367 5801 41467 180
3000 311 373 5680 41619 182
2780 492 439 4968 41588 187
3024 401 469 5017 41540 191
2636 515 376 5162 41673 199
3081 591 404 4921 41208 181
2655 455 372 5536 42146 202
3087 502 374 5051 41554 186
3207 352 382 4987 41381 193
2604 387 371 5744 43165 196
2689 478 393 5022 41243 195
3546 535 402 5833 43207 213
3079 425 417 5206 42389 210
2770 505 429 5226 42220 211
3054 571 383 5922 41071 190
2690 540 383 5229 42248 193
2678 330 409 5813 41369 182
2939 449 395 5820 42617 183
2849 692 396 5185 41572 185
3159 443 385 5740 41488 182
2680 580 398 5043 41892 191
3092 438 385 5325 42312 182
2927 481 389 5201 43932 182
2711 442 383 5347 41616 183
2755 576 385 6114 41741 203
3051 354 380 5705 41883 185
2915 629 405 5111 41923 185
2642 456 380 5852 41467 214
2787 498 388 5827 43325 206
2816 505 430 5083 42748 193
3195 430 405 5197 41317 216
2711 373 408 5696 43187 193
3279 586 387 5841 42165 200
3033 320 390 5680 40901 196
3009 498 400 5666 41989 205
3141 480 470 5242 43254 201
2854 379 400 5291 42541 204
2679 480 482 5867 41607 197
2687 498 404 5236 41688 197
2969 779 401 5243 41535 197
3042 441 397 5773 41934 210
3182 476 386 5874 43588 197
2771 423 401 5249 42274 194
2913 379 408 5642 41567 210
2718 736 384 5924 43702 202
2797 401 386 5257 42970 195
3008 550 389 5285 41788 204
2975 532 436 5715 42279 207
2799 318 397 5257 41640 206
2977 343 427 5974 41963 200
2923 516 407 6098 41662 207
2837 532 392 6256 42137 196
2912 558 413 5249 41267 213
2718 555 399 6134 42429 206
3143 504 397 6002 41864 213
2862 532 395 6177 42176 201
2905 382 405 5379 42646 206
2854 519 414 5891 41808 203
3164 661 394 5981 41410 201
2681 460 390 5921 42324 201
2957 439 412 5309 42101 208
3147 646 408 5884 41494 201
3117 410 412 6030 41645 204
2781 451 400 6009 42326 207
3197 613 391 5847 41243 208
3081 328 433 6165 42925 236
3304 554 421 6258 42642 245
3589 472 425 5721 42636 234
3008 507 411 5397 42097 212
3137 551 421 5408 42023 211
3281 479 558 6172 41765 206
2746 490 416 6213 41534 206
2746 510 436 5528 42138 218
2882 503 440 5339 42716 205
2934 614 426 6009 41732 214
3056 344 453 6067 42604 205
3144 650 406 6053 41893 206
2783 389 418 5950 42973 204
3015 424 457 6367 41734 254
2870 532 430 6093 43875 210
3138 450 422 6032 42284 208
3118 476 415 6196 42036 207
2953 676 409 6002 42223 206
2932 346 431 6283 42036 214
3187 557 402 5373 41327 220
2847 694 414 5391 42509 209
3199 655 427 5375 42195 208
2944 425 421 5949 41868 215
2745 689 407 5338 41704 213
3109 525 413 5954 41226 208
2852 592 403 6051 42024 208
3052 350 427 6103 41612 208
3144 419 400 6180 42258 210
2966 521 409 5371 41335 216
3186 484 401 6112 42510 209
2802 722 450 5976 41755 217
2978 676 406 6028 41742 212
2953 462 416 6190 41645 216
3104 486 434 6232 42435 212
3105 315 424 6231 41530 219
3103 560 403 6259 42129 219
2809 423 409 5423 42886 216
3258 426 415 5446 41536 212
2890 442 414 5997 41530 211
3178 456 416 6067 41396 211
2980 408 409 6240 42731 223
3141 377 422 5988 42377 218
2756 707 408 6177 41875 214
2854 531 412 6413 40883 210
2793 417 407 6180 42482 229
3159 386 432 6062 41514 211
3081 558 432 6160 41543 210
3113 499 437 6175 41713 210
2935 499 408 5518 42092 210
2842 349 417 5658 41859 229
3139 468 455 5475 42494 214
3283 326 430 5436 42565 210
3131 437 426 6107 41298 211
2972 568 425 6124 42122 248
3035 393 431 6319 42666 247
3161 558 449 5556 42887 263
2895 482 449 5923 41906 235
3118 308 427 6377 41526 209
2902 386 448 6170 41502 210
3308 471 425 5604 41860 243
2778 545 413 6280 43621 217
3046 482 423 6195 41798 211
2954 545 419 6046 41174 219
2974 810 421 6111 41877 219
3156 607 427 5554 41669 214
3169 415 429 6156 42657 240
2802 462 443 6314 41693 217
3153 331 425 6175 41669 218
2978 588 434 6323 43382 219
3278 612 453 5525 40986 248
3520 488 438 6512 44489 325
3778 662 901 7631 42622 284
3355 583 425 5597 42641 239
3061 510 420 6503 41790 221
2748 516 454 5769 42556 219
2901 353 441 5826 41827 217
3007 455 426 5726 42729 217
3178 536 423 5824 42154 217
3064 448 430 5932 43071 220
2982 500 510 5983 41187 218
3222 406 452 5900 41282 218
3129 577 481 5872 43279 218
3037 469 439 6477 42072 216
2900 788 448 6245 42969 225
3009 647 433 6248 42453 218
3104 336 423 6294 40739 220
3129 355 457 6319 42141 218
2792 335 425 6331 43425 256
3149 623 431 6195 42053 222
3161 481 428 5632 41791 222
3141 428 429 6507 42051 218
2985 453 438 6207 41736 219
3052 527 458 6372 41601 229
3111 539 476 6346 42064 230
3098 465 426 6227 41738 221
3136 644 441 5760 42110 217
2772 446 420 6317 42909 218
3046 555 439 6366 41632 224
3197 405 455 6551 42214 218
2878 376 619 6202 41051 219
3182 610 453 6394 43569 220
3160 450 486 6365 41925 220
3078 466 431 5700 42149 246
3240 627 430 6214 42132 229
2820 472 448 6348 41972 216
3003 356 451 6255 41318 225
3299 447 464 6522 43803 259
3257 446 470 5945 42609 263
3201 528 443 6903 42662 268
3138 421 796 6596 42285 270
3044 440 449 6321 42028 238
3162 624 441 6454 42074 240
3226 855 447 6305 42755 238
3110 435 438 5708 41996 239
2957 486 772 6398 42201 243
3133 541 449 6364 42589 239
3183 541 436 6642 42809 243
3020 390 558 5738 41004 239
3104 560 429 6526 42923 256
3150 489 439 6336 42628 243
3227 430 439 6372 42332 238
2859 436 439 6355 42219 238
3276 727 442 5845 41531 239
2920 568 437 6394 42212 250
3410 418 443 5803 42381 244
3208 648 470 6355 41831 257
3013 457 472 6388 41818 249
3077 465 458 6584 41603 245
3214 670 439 6408 43197 244
3064 466 450 6562 40757 242
3035 590 462 6598 40815 241
3305 390 489 5930 41419 250
3248 410 475 6587 41708 245
3185 366 468 6668 42161 241
2808 528 465 6553 41719 249
2839 428 467 6760 41602 239
3100 399 448 6617 41331 261
3168 424 443 6582 41754 262
3245 558 450 5939 42351 241
3022 498 448 6734 42615 246
2863 413 442 6702 42743 239
3149 667 445 6557 41995 246
2938 500 445 6604 41349 240
3161 632 441 6629 42000 251
3167 484 488 6570 41432 235
2882 334 482 6766 41991 240
2867 337 496 6018 41545 244
2755 477 491 6621 41517 239
3176 358 450 6537 42389 233
3058 455 519 6855 41472 235
3211 453 445 6743 42317 234
2978 593 466 6695 42186 250
3315 594 452 6658 41629 237
3075 543 467 6867 41574 235
3306 666 450 6953 40894 238
3141 458 466 6714 42863 238
3030 644 794 5997 41057 236
3104 604 462 6982 42404 286
3663 438 462 7108 43577 300
3350 520 489 7208 44245 294
3531 524 547 7017 45563 351
3330 529 488 7312 45175 302
3019 572 490 7171 42713 293
3356 637 512 6826 42290 321
3246 575 466 6601 42283 285
3145 384 470 6830 43476 294
2981 588 490 6574 41988 283
3145 477 450 6718 41907 239
3142 538 475 6701 41548 247
2917 410 463 6587 41656 237
2974 385 465 6705 42185 236
3089 609 450 6588 41649 240
3219 377 476 6535 41003 238
2920 508 701 6787 42455 257
2846 403 457 6713 41767 242
3112 449 470 6835 41832 241
3053 443 456 6504 41662 243
2868 360 461 6818 41242 269
3125 442 483 6621 41633 243
3468 383 466 6892 42221 246
3139 416 468 6755 41488 241
2846 365 485 6807 41680 243
3331 521 465 6936 41879 241
3190 390 459 6705 41560 242
3085 528 456 6530 42342 247
3178 517 466 6170 41558 241
3195 532 462 6589 41983 244
3040 507 499 6668 41886 240
3137 336 488 6616 42182 247
3274 451 464 6780 41767 240
3029 756 484 6746 41592 243
2965 435 476 6651 41894 242
2945 387 462 6672 42589 243
3103 423 474 6691 42022 242
3039 523 470 6848 41314 245
3446 584 497 6552 41940 257
3058 345 507 6745 42403 266
2808 467 477 6816 42679 245
3388 398 462 6755 41664 241
3261 443 463 6664 42187 247
2982 486 461 6873 41836 243
3179 357 467 6819 42245 258
2878 592 463 6741 42030 245
3173 502 472 6673 41809 247
3110 487 499 6650 41139 248
2903 379 467 6793 40945 248
2923 472 472 6817 41672 248
2918 667 542 6829 41385 250
3187 375 469 6923 41515 247
3187 444 482 6791 40951 248
3021 367 483 6882 43046 315
3137 512 526 7160 42876 294
3229 452 488 7142 43591 304
3053 428 497 7170 42730 285
3046 522 489 7020 41508 265
2977 459 492 6957 41656 248
3172 389 498 6902 41275 254
3202 399 474 6997 41781 253
2948 483 469 6916 41457 256
3248 491 481 6807 43161 268
3646 491 782 6699 42056 272
3914 499 474 6835 41941 268
3288 442 479 6797 41465 253
3496 650 472 6741 41587 258
3633 419 500 6775 41654 269
3283 425 496 6884 41534 254
3670 527 473 6773 41560 272
3613 423 504 6780 40926 254
3498 454 487 6785 41930 255
3371 417 484 6771 42302 260
3719 460 655 6898 41796 260
3576 429 543 6815 42008 260
3246 473 519 6855 42034 252
3148 517 486 6938 41707 265
3604 655 506 7071 41758 297
3200 420 482 6795 43521 263
3777 421 485 6913 42630 268
3449 867 482 6742 42800 266
3572 549 473 6757 41884 265
3381 622 500 6746 41894 265
3179 378 518 6807 41871 265
3398 357 883 6942 41843 264
3629 529 504 6935 41952 267
3488 644 472 6873 41795 268
3451 372 484 6848 42197 279
3527 512 490 6975 41050 272
3155 595 474 6800 41368 292
3266 392 596 6869 41302 303
3674 386 500 7001 41762 280
3654 579 485 6995 42003 276
3182 515 498 6873 41686 268
3660 602 488 6967 42069 272
3528 431 491 7286 41454 288
3135 531 504 7291 41488 284
3428 437 511 7150 42546 275
3385 538 486 6998 42089 276
3386 519 482 7035 42071 267
3261 529 656 7050 41403 284
3560 621 524 7188 42713 338
3218 441 506 7036 42417 321
3699 667 490 6992 42680 326
3516 363 489 6989 42020 374
3413 486 498 7277 42537 370
3464 385 504 7278 42613 379
3881 636 543 7392 42053 362
3206 455 503 7315 42213 324
3495 436 491 7083 42690 345
3501 621 495 7168 41724 339
3490 619 530 7047 41589 320
3417 452 510 7075 41752 325
3372 567 519 7108 41916 326
3157 404 500 7118 42249 326
3533 651 865 7230 41849 351
3497 549 521 7130 41740 325
3654 579 500 7287 41585 336
3488 525 519 7230 41993 332
3651 516 526 7247 43144 326
3578 452 509 7216 42771 326
3536 500 497 7306 42399 361
3572 532 507 7153 41963 328
3231 469 544 7082 41060 351
3670 642 497 7126 41260 328
3236 478 507 7413 42207 332
3519 434 533 7171 42696 327
3510 471 522 7138 42513 326
3272 434 547 7304 41533 339
3647 439 514 7172 41640 325
3671 864 493 7151 41893 328
3585 339 523 7228 42194 355
3114 644 487 7210 43518 329
3302 479 500 7116 42568 324
3497 647 497 7101 41886 328
3824 522 633 7233 41964 359
3226 420 562 7171 41813 373
3234 388 540 7209 42082 346
3545 513 501 7157 41822 326
3182 330 580 7207 41663 338
3457 662 516 7209 41298 358
3376 531 511 7361 41518 333
3747 623 530 7218 42046 334
3433 557 494 7187 42473 356
3547 493 502 7338 41823 358
3144 474 504 7431 43150 353
3795 786 769 7207 41887 350
3261 562 502 7173 41968 355
3275 603 521 7270 42392 355
3519 659 503 7316 41796 369
3698 509 532 7368 41627 355
3714 491 544 7540 41861 370
3149 533 930 7400 41771 358
3196 385 663 7400 41991 355
3624 405 511 7582 41715 358
3455 434 531 7736 42301 409
3431 461 523 7902 43018 431
3733 422 536 7829 42750 413
3585 537 531 7575 41747 393
3291 587 505 7454 40912 363
3477 419 559 7432 42033 360
3576 441 535 7388 42547 363
3299 557 516 7438 42270 323
3256 438 524 7427 42896 324
3325 461 538 7495 42208 328
3361 521 514 7490 41703 324
3222 393 512 7588 42929 324
3220 535 529 7374 42740 321
3751 436 561 7604 42756 323
3466 467 524 7697 42076 320
3442 419 529 7456 42652 323
3815 489 506 7422 42133 325
3337 364 567 7419 41694 327
3584 374 591 7589 41579 325
3455 414 520 7647 41845 347
3546 587 510 7451 41445 332
3260 431 574 7510 41387 364
3270 564 583 7422 40988 344
3833 549 535 7595 41851 326
3189 601 520 7638 41990 324
3334 361 604 7481 43516 324
3255 689 571 7616 41471 320
3999 386 538 7596 41575 322
3285 605 528 7560 42314 330
3455 729 523 7585 42260 324
3278 494 589 7505 42058 323
3225 456 516 7543 41424 326
3199 522 600 7857 41310 363
3322 467 577 7549 41839 327
3438 496 566 7598 41861 333
3658 444 525 7791 41794 328
3247 475 515 7461 42288 331
3614 533 578 7654 41638 326
3543 563 592 7663 41746 339
3312 385 575 7743 41135 329
3307 364 531 7646 42753 329
3456 457 562 8057 42704 339
3411 393 568 7764 41951 327
3989 636 597 7870 41783 326
3692 534 593 7899 41146 328
3558 483 614 7812 41271 331
3515 589 585 7744 40860 329
3345 590 510 7380 40869 332
3546 601 511 7167 40865 333
3261 618 561 7270 40816 329
3247 459 530 7195 42167 388
3846 505 632 7500 42588 400
3417 517 549 7743 47956 442
3540 530 548 7924 42078 389
3564 558 509 7381 41701 339
3681 491 603 7237 40840 339
3864 443 517 7248 41186 340
3331 549 541 7289 41057 344
3661 626 509 7467 41690 336
3481 608 810 7384 42155 362
3307 494 540 7345 41778 329
3413 608 562 7417 41989 361
3474 501 511 7307 41581 334
3748 389 533 7380 42497 336
3871 472 538 7331 42350 344
3405 479 520 7319 41845 336
3576 554 518 7445 42085 362
3694 495 561 7294 41429 338
3440 586 518 7285 42640 416
3397 526 536 7418 41574 350
3600 516 524 7402 41962 351
3324 467 549 7510 42284 392
3466 477 531 7387 41954 356
3691 592 541 7390 41638 349
3582 593 525 7392 41537 351
3406 476 549 7383 41595 383
3850 421 539 7312 41736 372
3329 500 529 7665 41896 351
3476 351 538 7269 41467 362
3377 810 564 7511 42375 360
3312 715 607 7350 41876 350
3642 718 556 7407 41610 363
3302 492 538 7389 42329 352
3360 567 518 7412 42758 354
3822 442 555 7451 42477 350
3571 521 527 7477 41877 359
3946 461 577 7432 41910 398
3497 473 538 7382 46637 356
3552 505 544 7659 41704 354
4017 749 576 7470 41969 361
4032 489 542 7538 41409 356
3584 507 531 7438 41766 355
3447 538 561 7551 40774 359
3553 403 528 7473 42243 370
3365 572 550 7548 41940 363
3638 474 600 7505 42556 356
3492 609 637 7457 42310 407
3605 737 587 7506 42157 361
3419 541 542 7528 43651 353
3532 422 589 7610 42188 359
3449 642 558 7520 42774 430
3565 545 591 7926 43562 441
3657 547 551 7996 43449 422
3451 606 583 7724 41908 408
3323 615 569 7564 42140 362
3536 416 536 7717 41627 362
3566 425 551 7418 43033 401
3369 491 577 7551 41946 355
3682 640 531 7577 42329 360
3408 450 534 7593 41612 359
3516 430 535 7423 41256 365
3507 417 571 7597 41980 350
3612 518 588 7538 42069 354
3545 467 533 7583 41974 352
3457 430 531 7587 41745 374
3519 731 563 7764 42382 433
3634 745 583 8074 44412 430
3630 617 599 8117 43996 439
4061 457 602 7938 44503 477
3677 588 614 7909 43744 445
3737 628 553 7925 43830 441
4134 765 598 8209 44235 423
3536 639 583 8353 43564 424
3598 804 555 7722 43216 450
3597 502 574 7903 42281 428
3569 422 561 7842 42763 425
3625 531 592 7904 43001 407
3466 461 554 7716 41193 365
3373 658 572 7569 41691 355
3308 437 581 7549 41898 356
3597 553 561 7824 42325 359
3480 552 558 7779 42066 351
3859 560 676 7605 43716 355
3305 554 540 7689 41655 356
3551 513 536 7652 41528 361
3415 382 538 7698 41980 394
3515 635 575 7665 41544 357
3725 427 557 7636 42526 355
3665 458 591 7873 42018 367
3593 492 551 7578 42178 357
3405 495 593 7711 41546 369
3730 431 561 7529 42048 355
3787 545 578 7800 41620 355
3725 483 558 7747 41292 371
3385 518 628 7600 41177 366
3290 576 570 7891 41270 377
3379 820 571 7962 42226 375
3685 590 565 7710 41939 382
3655 398 565 7679 42072 373
3410 600 572 7617 41736 420
3469 528 565 7969 42770 445
4015 555 581 7923 42422 449
3817 441 558 8475 42741 422
3310 367 549 7823 41900 387
3798 400 567 7702 42049 369
3453 491 561 7767 41911 373
3500 721 560 7769 43396 377
3260 536 551 7638 42274 385
3493 546 567 7699 41835 378
3577 400 563 7758 41978 373
4055 742 653 9006 43793 390
3569 560 641 7688 42252 383
3370 516 545 7763 41335 413
3359 438 563 7745 41516 400
3322 500 561 7829 42442 389
3449 426 603 7758 42370 393
3434 666 564 7758 43115 392
3494 640 578 7722 42246 395
4001 439 553 7815 41719 447
3514 393 564 7809 41825 401
3737 652 574 7830 42261 398
3541 576 558 7730 42927 411
3356 404 569 7808 41867 389
3362 505 600 7716 41807 393
3484 483 588 8007 41968 394
3537 481 577 7762 42230 394
3601 565 577 8041 41618 396
3691 498 552 7773 41556 391
3454 540 626 7840 41850 394
3646 444 592 7932 40903 411
3354 453 573 7831 42073 407
3487 592 583 7815 42595 403
3708 439 604 7762 41650 396
3512 484 621 8128 41902 396
3777 483 591 7825 41147 419
3551 441 583 7941 41698 395
3399 413 566 7845 41938 400
3514 575 583 7765 42015 392
3434 465 608 7820 41408 415
3631 653 552 7966 42383 400
3299 577 564 7927 41535 400
3427 545 579 7914 42025 426
3494 437 608 7963 41629 391
3626 416 590 7876 41703 408
3713 603 581 7888 43500 398
3456 511 576 7866 42386 396
3537 658 593 7862 41625 410
3346 589 568 8028 42063 406
3830 436 592 8539 41436 420
3869 790 592 8335 42796 467
3702 504 586 8214 42592 471
3918 484 577 8336 41845 449
3424 678 565 7933 40976 404
3389 437 627 7916 40803 400
3409 420 579 7976 40804 404
3416 721 575 8310 40803 406
3477 560 595 7998 40790 404
3660 526 586 7942 41043 402
3442 548 592 8450 40725 403
3552 393 580 7973 40962 402
3789 420 577 7970 40720 398
3343 425 594 8473 40809 403
3427 453 609 8045 40865 406
3554 610 640 8403 40883 411
3434 622 575 8005 40754 407
3472 556 594 8015 40928 406
3705 451 593 8172 41256 412
3456 458 606 8459 40758 420
3717 500 604 8075 40815 443
3479 570 588 8345 40830 411
3554 474 606 8072 40837 404
3503 532 586 8409 41008 398
3358 686 647 8406 40905 402
3520 421 582 8066 40878 405
3752 413 596 7992 41278 403
3912 558 583 8056 42018 398
3372 460 603 8557 42848 402
3533 475 603 8038 42376 403
3551 364 588 8120 43241 401
3495 473 585 8116 42333 409
3662 418 597 8114 42626 402
3496 388 619 8567 41497 417
3544 549 588 8082 41956 416
3796 497 596 8074 41628 427
3537 466 598 8514 41570 433
3343 458 586 8142 42268 403
3414 426 584 8580 44112 411
3959 574 631 8148 41566 403
3448 501 584 8197 42576 421
3626 692 604 8123 42736 433
3562 643 594 8165 42415 425
3514 466 633 8276 42119 408
3522 744 829 8157 42780 429
3456 706 590 8143 42030 404
3524 562 612 8532 41948 409
3631 530 623 8334 43799 404
3605 440 598 8296 41675 412
3476 442 625 8161 41441 413
3884 468 646 8308 42341 481
3627 431 633 8479 42839 475
3581 494 616 8893 43049 487
4172 484 630 8319 41782 446
3496 699 621 8349 41486 422
3577 467 605 8304 42556 416
3759 596 607 8204 41802 408
3530 536 597 8210 42051 414
3506 359 584 8242 42228 438
3466 440 591 8246 41879 413
3458 521 660 8283 43136 409
3420 536 632 8257 42223 410
3399 552 618 8358 42189 404
3783 666 621 8201 42431 409
3975 556 596 8297 42553 437
3473 553 660 8322 41976 413
3491 491 623 8271 42605 413
3410 566 605 8311 40869 427
3394 485 599 8267 41526 433
3492 431 640 8562 42403 423
3634 509 669 8627 42205 417
3658 565 601 8307 41760 419
3506 668 600 8628 43310 412
3499 423 596 8317 42253 418
3415 434 634 8295 41876 417
3591 424 615 8351 42423 407
3584 571 607 8751 41606 418
3468 471 641 8334 42752 425
3682 501 602 8491 41924 476
3553 642 593 8280 41376 463
3587 518 614 8283 41340 430
3440 621 637 8743 42355 471
3397 439 606 8340 41684 426
3513 562 605 8553 42756 423
3436 565 614 8469 40936 425
3655 780 620 8820 41865 478
3376 486 610 8385 42117 429
3611 559 606 8654 41792 427
3402 587 621 8291 41619 441
3595 470 756 8420 41698 440
3633 758 617 8351 41855 439
3517 573 614 8365 41907 429
3502 407 593 8323 42836 426
3502 491 608 8692 41815 432
3585 475 622 8883 42098 456
3430 475 596 8941 42298 429
3400 567 632 8723 41922 431
3483 496 596 8637 43110 434
3460 501 619 8792 41470 482
3644 494 651 8549 43199 511
3929 594 650 8809 42664 510
3783 483 687 9183 45923 489
3673 598 652 8846 42051 432
3504 513 604 8510 41595 425
3481 494 642 8503 42508 429
3585 411 643 9002 42527 427
3482 468 609 8465 42314 423
3506 480 619 8794 42869 430
3544 425 670 8512 42058 430
3572 571 615 8630 42065 433
3662 469 612 8534 43107 433
3816 695 639 8952 42569 429
3439 480 615 8642 42950 439
3530 628 618 8677 42074 484
3456 514 628 8511 43322 431
3565 476 635 8552 42579 458
3506 506 606 8514 41197 476
3375 500 607 8591 41697 452
3890 417 615 8519 41157 446
3480 401 623 8512 41599 447
3455 537 640 8596 40786 447
3456 516 657 8574 40861 452
3542 664 636 8883 43720 443
3464 689 637 8589 43304 445
3441 410 633 8688 42239 442
3656 634 639 8637 42811 441
3541 529 620 8563 41450 436
3804 494 683 8640 42550 439
3434 580 614 8670 42026 439
3601 589 636 8613 42187 448
3424 418 645 8741 42841 437
3486 580 638 8652 42759 443
3496 549 647 8713 41510 449
3539 480 645 8801 42550 442
3547 785 610 8635 41967 447
3599 523 636 8889 41771 464
3796 531 644 9110 42704 443
3488 511 629 9060 42081 440
3552 580 624 8652 42402 445
3400 480 639 8653 42300 435
3479 494 654 8655 42731 461
3567 630 617 8755 42704 452
3741 374 620 8768 43012 438
3569 494 622 8687 42704 430
3974 463 632 8918 42045 438
3616 440 653 8732 42363 444
3558 472 631 9039 42573 557
3789 700 649 9420 42340 490
3467 505 629 9412 42636 507
3761 679 667 9437 42107 483
3886 505 657 8900 42373 463
3517 463 625 8770 40939 452
3551 510 632 8800 42205 455
3596 508 792 8663 42211 445
3463 463 629 9347 42889 445
3793 485 618 8767 42810 450
3487 473 638 8793 42554 455
3624 462 649 8683 41834 439
3505 559 661 8704 43083 446
3522 409 696 8692 41900 449
3678 595 647 9060 42595 445
3419 489 633 9107 41690 440
3624 677 657 9281 42068 439
3610 668 642 8796 41460 454
3454 587 631 9057 43383 471
3672 379 636 8881 41871 454
3972 689 634 9189 42039 450
3434 499 642 9213 41979 444
3456 532 658 8786 41314 462
3864 401 623 8943 42876 461
3561 416 668 8829 42197 446
3561 431 648 9354 42665 445
3533 489 669 9336 41933 444
3641 488 899 8946 43590 463
3604 482 629 9240 43014 455
3522 583 861 9530 42338 459
3458 559 665 8996 41839 518
3660 472 655 9251 42570 533
3738 482 696 9563 42464 532
3940 446 667 9226 43119 532
3721 504 688 9543 43325 546
3714 688 664 9674 44160 526
3912 442 696 9552 43490 535
3580 497 671 9136 42349 580
3701 522 649 9422 43670 592
3651 504 694 9745 42516 557
3515 512 679 8955 42023 506
3492 489 649 9263 41220 524
3631 487 638 8935 42069 515
3652 555 642 8966 41950 516
3590 478 637 8861 41481 503
3448 490 645 8948 41967 519
3493 577 667 9432 42391 497
3575 602 668 9277 41958 564
3680 556 684 9959 43196 569
3730 536 661 9330 42768 573
4286 530 697 9667 42407 558
3615 498 971 9231 42054 518
3504 551 681 8957 42291 533
3552 432 654 9198 41539 534
3695 527 666 9278 41752 516
3465 443 689 9310 41188 526
3727 451 676 9366 42354 524
3501 502 658 8914 42200 506
3586 682 720 8913 42839 511
3565 564 658 9289 41461 508
3700 486 639 8962 42110 504
3485 488 659 9314 42135 529
3515 505 665 9330 43806 526
3636 592 678 9406 41554 512
3436 493 671 9317 41712 514
3566 607 652 9102 41988 497
3642 498 692 9513 42209 486
3717 432 645 8963 41920 486
3488 551 641 8963 41892 477
3489 478 677 9291 41678 480
3627 644 655 9352 42054 477
3462 460 670 9159 41825 488
3577 412 666 9029 41557 498
3458 481 658 9264 41809 480
3595 608 633 9434 41794 525
3536 591 679 8971 43090 510
3441 574 694 9009 42015 495
3751 534 650 9118 42292 504
3528 534 685 9367 42391 487
3445 580 687 9424 42334 474
3610 506 694 8975 43292 473
3583 572 674 9154 41695 496
3562 656 662 9024 42005 471
3549 622 663 9108 42060 487
3522 474 670 8994 43283 485
3601 738 678 9102 41775 482
3680 478 655 9173 42330 480
3566 476 674 9059 42685 487
3693 458 677 9154 41457 501
3563 477 651 9061 42972 497
3606 417 659 9456 41953 477
3648 569 638 9146 41869 513
3496 585 884 9069 42030 490
3427 528 674 9076 42467 500
3491 469 852 9135 41458 540
3645 535 726 9414 42642 548
3791 503 687 9480 42491 563
3616 659 669 9625 41788 537
3744 555 673 9120 42325 490
3633 494 677 9334 41969 481
3667 513 658 9549 42302 443
3573 424 642 9181 41852 454
3638 576 699 9555 42726 460
3759 603 683 9076 42015 446
3614 508 694 9678 41939 441
3662 542 657 9741 41116 469
3686 548 657 9496 42178 452
3627 456 709 9130 41838 479
3602 588 674 9243 42569 458
3565 481 657 9481 43490 456
3661 465 660 9494 42295 445
3755 509 657 9418 41844 479
3717 516 667 9137 41514 495
3605 620 696 9702 42968 473
3491 641 696 9590 41788 464
3564 493 684 9715 42684 468
3612 472 695 9519 42944 490
3769 436 740 9020 41970 474
3614 637 675 9536 42261 466
3482 480 702 9360 42287 458
3546 665 653 9820 42102 459
3598 631 696 9787 40915 476
3583 588 677 9330 41422 497
3520 497 657 9702 42344 480
3560 480 704 9683 41398 481
3627 590 673 9773 41964 492
3491 784 676 9256 42470 458
3524 590 704 9216 42431 473
3729 456 674 9567 41828 480
3668 528 684 9250 42564 469
3571 625 680 9136 42084 461
3534 507 686 9726 42070 465
3782 566 683 9622 42580 472
3629 467 688 9673 42771 475
3644 483 695 9298 42214 470
3568 541 687 9391 42263 463
3735 465 675 9207 42121 485
3593 611 679 9276 42169 481
3572 601 697 9768 41410 474
3454 508 685 9606 42043 478
3671 647 674 9760 41773 524
3559 582 676 9335 41487 523
3701 753 715 9830 43044 548
3688 530 740 9808 42538 548
3704 600 734 10260 42034 516
3664 531 683 9747 41971 541
3601 487 672 9378 41613 521
3757 482 689 9338 42777 528
3664 520 670 9668 42073 519
3704 520 689 9611 42007 527
3513 501 703 9382 42584 513
3683 633 711 9777 42196 572
3611 479 822 10044 43454 564
3823 500 682 9718 41924 526
3728 476 729 9659 40986 528
3617 613 730 9505 41943 528
3476 548 714 9988 42565 528
3720 563 694 9535 41585 522
3725 440 698 9784 41672 540
3824 682 688 9973 40994 530
3537 538 700 9669 41754 543
4147 501 693 9369 41716 520
3617 578 690 9941 42679 528
3639 561 687 9715 41939 525
3694 546 711 9652 42274 521
3698 624 694 9629 41947 524
3628 549 705 9741 41825 527
3669 486 717 9444 42303 531
3678 460 692 9434 42526 526
3724 538 687 9927 42357 535
3839 508 711 9371 41865 526
3570 702 694 9782 41601 558
3495 752 689 9948 41488 571
3591 561 717 9528 42134 535
3650 476 690 9553 41661 536
3707 399 707 9749 41851 551
3628 625 692 9845 43215 515
3632 464 689 9782 41699 555
3563 466 688 9825 42518 531
3611 562 678 9514 42153 548
3535 643 703 9901 42906 531
3528 520 689 9505 42337 551
3628 462 702 9855 41247 538
3717 540 698 9782 40861 538
3715 414 689 9936 40793 539
3538 588 711 9566 40798 531
3657 532 696 9475 40764 534
3791 513 721 10228 40903 539
3581 630 729 9931 42800 588
3731 521 737 10156 42287 610
3896 444 827 10282 43591 609
3604 444 679 9993 40906 561
3664 471 692 9786 40808 534
3821 473 699 9913 40870 540
3606 649 686 9582 40825 540
3770 441 707 9498 40904 561
3678 430 704 9607 42634 543
3643 416 691 9741 42817 560
3572 468 701 9566 42260 545
3709 516 682 9753 42748 543
3658 488 702 9668 42381 536
3564 742 734 9835 42890 532
3792 588 722 10109 42634 547
3643 654 702 10040 40969 540
3708 452 716 9637 41163 543
3533 517 720 9941 41191 541
3616 601 700 10083 41407 563
3695 526 811 10071 41326 534
3711 532 714 9582 41802 537
3688 503 688 9866 41579 531
3549 509 692 9918 41548 533
4235 489 718 9564 41483 535
3508 595 714 9548 41592 542
3541 458 740 10057 41337 531
3763 457 712 9581 42219 532
3627 713 721 9563 41230 539
3763 535 691 9600 41674 538
3719 530 729 9913 41460 535
3650 581 752 9977 41473 545
3658 479 698 10014 41053 543
3547 833 734 10277 41514 554
3609 546 745 10455 41354 549
3698 522 785 10004 41949 537
3572 662 783 10266 41079 536
3644 592 742 9891 41873 546
4279 592 793 10556 41369 565
3788 592 830 10486 42968 554
3844 548 705 10360 41384 563
3657 466 694 12681 41111 587
3880 553 714 10323 41307 547
3781 629 705 10020 41704 559
3743 549 785 10069 42339 577
3616 581 717 9852 41937 537
3584 523 716 9531 42421 539
3608 618 699 9471 41997 598
3705 628 702 10653 43018 629
3714 518 725 9862 42632 603
3841 640 739 10070 41977 569
3781 567 716 9977 43264 539
3604 633 714 9623 42201 559
3679 621 734 9657 42107 556
3643 418 731 9950 42715 543
3726 584 699 10163 42327 571
3772 777 750 9851 43283 561
3632 467 723 9704 43206 551
3770 481 702 9635 43253 542
3539 659 706 9534 42239 533
3666 655 729 9612 42394 552
3640 438 738 9761 42705 551
3695 560 693 9538 43617 586
3752 531 731 10066 42387 555
3724 509 687 9629 41880 560
3891 573 731 9620 41395 561
3707 597 752 10238 42422 557
3776 440 705 10154 42408 576
