RIndependent Gonzalez BaselineGreedy Bottleneck Dynamic FullyDynamic
6130 999 512 6036 224827 398
5417 900 584 6001 217293 403
5948 1383 549 6107 209472 420
5648 675 578 5708 211357 426
5781 840 735 6687 207839 470
6222 885 621 6737 194654 412
5931 1008 543 6545 197171 385
5427 821 573 6801 201779 402
5142 862 569 5343 206120 413
5656 861 528 5810 199104 401
5074 823 517 6867 212884 421
7084 964 656 7238 214064 373
5895 1314 850 6494 215344 409
5667 828 540 6324 219012 457
6178 1305 546 6272 203146 486
5249 1192 729 7346 206556 404
6237 1391 654 6427 207637 429
5956 1106 562 6307 207041 490
5360 1046 520 4963 206626 369
5300 769 707 5595 203231 410
5768 1014 652 6213 204757 420
5732 779 583 6692 205612 481
4844 1183 590 6105 200506 416
6053 1106 610 7120 202089 463
5892 984 603 6331 214258 555
6435 1018 614 6941 206925 452
5663 1216 619 5768 203998 476
4806 1054 603 7485 213772 367
5158 737 576 6435 200136 473
5608 1212 520 4978 193018 399
5839 711 534 5352 195413 467
5636 1107 544 7040 192720 411
5807 960 553 6756 209851 487
5888 1028 734 6841 215288 485
6238 1279 825 5358 207772 409
5821 629 488 4956 261939 495
6047 993 590 7212 209963 477
6480 1307 636 5931 195996 445
5300 1237 701 6578 210622 432
5664 793 523 6740 205345 494
6181 1025 526 7355 204008 425
6322 1152 702 6561 330601 483
5972 848 667 6215 205487 519
6186 1213 506 7760 314502 487
5969 1210 625 7133 216549 527
6763 1033 598 5419 212426 487
6162 986 652 6372 239217 418
5432 1162 536 6311 270683 480
4998 793 653 6764 212518 517
6768 1026 549 6338 249244 422
4411 833 497 8148 345613 429
5464 1213 712 6174 214348 386
5703 1138 730 6824 217693 483
6448 1245 821 7094 268620 446
5793 839 661 5596 225116 410
6026 1014 682 6454 224513 415
6251 834 713 7136 217487 517
5716 1661 678 7163 251843 454
6103 1046 635 6653 254407 539
5367 969 567 7326 244038 493
6463 1193 566 7336 246060 449
5876 879 628 6226 241991 517
5978 648 556 6148 243515 554
5932 925 925 6517 237334 536
5887 998 517 6476 234454 545
6308 1146 894 6527 239095 529
6399 1131 770 7427 235101 533
5969 1142 632 6650 233712 530
5795 1286 645 7786 255825 516
5341 985 727 6072 240425 520
5575 1201 734 6467 239626 515
5194 848 641 7044 235471 450
5765 806 736 6794 233025 483
5906 1042 706 7084 247700 437
4934 1065 736 6120 241978 465
5647 868 600 6326 242477 436
4989 1064 744 6907 236733 456
5258 903 665 6832 239983 461
4672 979 833 8216 247640 581
5907 710 611 6338 236208 451
5820 1301 922 6947 252008 439
4976 869 580 7269 247109 561
6321 888 781 8087 271862 707
6797 2283 846 7684 237327 478
6533 984 1026 5762 237764 437
5332 1048 669 6764 235061 669
7437 1823 803 6540 248521 517
5732 1178 728 6284 234814 510
6551 741 622 7090 235148 532
6298 1102 789 6722 234244 460
6088 834 635 6618 234987 482
4874 911 513 6422 234622 475
5860 951 721 6070 256834 526
6298 1485 536 6436 246048 476
5891 813 682 6243 238359 463
4793 1136 808 7285 240856 538
6399 1098 764 7635 234643 524
5372 1011 679 6625 238186 563
6467 1219 970 6376 236560 454
5484 811 569 7716 243930 441
5157 1145 686 7661 241374 540
5090 614 666 6528 239651 510
5773 911 665 6223 245262 543
6147 792 569 6467 239614 558
5415 1118 667 7184 241170 489
5477 953 595 6632 237610 458
4923 901 710 6900 242359 570
6286 875 667 6535 256807 501
5712 1142 596 6915 265208 517
5628 892 570 7977 238601 550
6219 893 590 6817 237191 561
5632 761 668 6873 232431 489
5843 983 686 6887 240498 557
5392 781 827 6835 245563 467
7797 970 795 7906 250341 614
5614 1291 816 7302 243293 517
5162 778 964 7513 247241 539
5601 942 633 6929 230481 487
5416 1055 549 6978 249489 539
4937 1242 623 7053 240728 505
6091 942 733 6588 238584 550
6104 1078 646 6547 239296 579
6027 1001 851 7756 236907 548
6223 1095 670 6719 239270 547
5302 1203 664 7598 227008 548
5957 1390 787 6918 237614 564
5180 1041 844 7110 232217 580
5730 1031 1022 7063 235666 520
5772 1024 670 7283 239066 540
6621 1233 620 7939 234249 592
5324 819 706 8005 236760 532
5398 862 589 7195 216959 504
4675 936 647 6133 227535 521
5337 1001 544 6590 221489 485
5462 867 718 6163 221391 544
6316 717 877 7278 253363 561
4358 982 705 7311 267580 741
5305 783 786 7437 279676 497
6741 886 799 7028 255153 513
8380 1056 570 7921 281205 468
7003 958 847 13413 246062 476
4879 1467 603 12450 244611 470
5804 1312 832 7657 264147 573
7420 1164 942 10130 258070 574
6418 966 1014 9787 237518 586
5445 1304 831 6550 231873 456
5613 965 875 8481 264273 589
5592 1251 719 6700 244733 513
6089 772 653 7056 242592 444
5707 620 805 6578 205472 463
5459 965 614 6997 233678 554
4968 752 656 6769 237967 471
6528 961 774 6807 239420 521
5716 976 867 8221 230410 509
5877 932 606 7298 232005 520
6195 1055 724 6752 235272 571
5830 920 738 6292 232597 471
5612 1024 772 7365 236165 469
5793 817 612 6927 235291 562
5279 669 550 6753 290615 562
6145 1259 691 7668 288920 484
5719 937 720 7231 252859 484
5548 607 810 7518 250830 482
5246 897 857 6089 229484 598
6053 913 778 6999 231649 558
6079 1098 702 7516 234318 539
6377 974 779 7445 237480 462
5131 1032 719 7369 234342 486
5478 986 661 6877 239274 568
6675 895 790 7773 237450 481
5455 888 729 7027 233753 593
5506 1056 744 6541 241348 525
5005 1034 630 6494 246178 592
7173 776 973 8699 251519 477
5509 1213 665 6637 242001 1018
5739 937 802 11738 248260 565
5636 939 856 7657 244802 599
5895 1431 662 6800 260657 501
7216 820 728 8485 250257 595
6912 907 876 7500 259421 461
5425 911 555 6866 293991 505
4993 831 565 6630 244262 458
6019 942 676 7161 252445 439
6547 1108 652 7318 244852 560
6130 872 784 8922 256605 520
6062 1190 802 7654 236005 452
5349 964 849 7254 272722 543
5793 1065 625 7037 274752 456
5400 806 560 6392 284738 407
6224 970 728 7432 246252 438
5894 852 628 6914 245087 469
5916 981 718 7188 244475 420
5540 1444 593 7443 297122 444
5797 999 715 6553 236368 548
5277 859 713 6991 336749 572
6236 1160 682 6977 265807 479
5186 767 863 7045 266686 495
6609 1495 887 7718 267856 565
6858 1114 817 6502 272742 519
5380 1067 760 7428 273381 524
6380 1046 682 7202 276845 530
5966 916 750 7088 367120 520
7063 1010 781 6794 282369 598
6087 768 637 6891 296272 676
7007 1051 977 8413 364014 633
10992 951 705 6751 264168 513
4957 1033 626 6840 283653 578
7106 906 832 7398 284831 560
5592 1161 780 8662 291760 538
6678 812 768 6372 282377 562
4455 963 855 6476 277908 667
6914 1137 842 7049 282022 545
5774 1145 848 8313 283277 548
5760 1176 722 8807 297574 532
5439 933 718 8062 284539 511
4632 910 772 7127 284901 796
7127 1236 917 7186 280015 538
5180 1112 705 6431 282953 497
5398 1045 811 7947 284950 664
6583 926 866 8262 285637 541
6357 864 788 7915 279823 584
6834 1049 717 7504 285817 553
6251 1519 904 7156 292984 622
6303 938 688 6643 277351 589
5441 1259 786 7461 280841 520
5824 1200 663 7026 285127 618
5614 822 685 7258 301883 1678
5447 1146 714 6643 292068 588
6365 1011 748 7164 291225 568
5793 1009 876 7377 286148 588
6789 1175 909 6595 285889 617
6243 1149 632 5667 284412 635
6297 895 680 6545 287743 631
6826 1325 1041 11096 288871 556
4866 1168 724 7639 268984 548
5833 921 717 7180 282888 635
5736 846 711 7955 295161 618
6464 1247 810 6920 280822 663
5675 1033 825 8211 288356 564
4944 839 766 7220 280879 502
4510 1192 819 6791 286331 700
7010 961 967 9309 317066 587
5980 1474 745 8441 292730 686
6932 987 862 6899 281993 557
5647 1235 666 6977 264427 536
4967 1017 769 6025 264997 770
6697 1232 765 8067 299147 595
6144 960 801 7563 280641 619
6788 1194 882 8354 369661 799
6957 1254 690 7973 317696 769
6507 1131 630 6401 308856 763
6551 1084 971 8139 315376 852
6616 1102 1169 8920 307103 629
5533 912 762 7963 305152 779
6504 946 812 6510 308022 743
6869 1146 779 8323 337389 839
6623 937 660 7705 317261 684
6429 929 795 8353 306338 704
6311 1497 1033 8677 335056 711
6282 1420 672 7110 315903 707
5171 1226 1011 8990 343309 745
5795 706 732 8781 321871 757
6868 1337 782 8586 315184 791
7591 1275 854 7086 320484 657
5610 680 768 7437 327531 755
6763 1088 850 6752 392515 775
5558 1141 807 7923 325683 803
7188 1221 801 7597 330635 629
6097 1464 874 7937 324326 805
5843 1136 824 9979 330528 634
6414 843 812 8272 308201 740
5833 680 762 7902 340821 733
6184 1112 848 7962 367127 822
6268 981 734 7087 416398 804
7013 880 785 8424 366529 645
6063 1029 992 9263 369157 789
7261 976 793 8935 363119 711
6491 746 833 7666 455033 748
6770 1015 818 6208 378176 838
7174 908 998 8589 374009 794
6961 961 868 8714 379106 872
6005 1619 684 8309 371569 776
7138 1176 759 7136 369511 709
6582 1045 824 8134 368661 710
6967 939 763 7036 411785 894
6050 999 1305 9693 364806 691
6002 1197 740 8322 372938 849
6508 1217 823 8403 364965 731
6022 969 769 7449 332928 740
5658 799 677 7812 372034 716
6349 851 797 8248 370007 839
6841 1247 939 9277 377385 810
6467 1056 804 7719 371538 803
7310 1439 914 7211 451270 800
6211 934 913 8643 396372 786
5899 1035 676 6430 383918 736
6587 1099 804 8749 401095 832
6846 893 820 6249 374467 754
5739 1033 772 7895 410207 735
6145 1046 676 7755 429490 793
6849 1275 866 7950 445896 745
5507 873 665 8781 452984 742
6527 873 814 9033 398234 727
6570 736 1095 8476 406389 655
5623 1039 823 8238 408385 847
7015 1205 805 8700 418687 860
6810 1276 1151 11682 416596 724
4870 963 675 7727 401856 1062
7410 1362 663 10086 413069 705
6743 1078 1203 8360 425945 736
6294 1213 853 8355 410617 654
6156 1034 758 7997 438774 723
7220 1329 822 8139 443138 639
7043 1163 865 8463 420718 629
6617 1893 1829 9166 436612 776
7298 1154 787 8041 421156 621
5762 1133 902 8083 422654 699
7220 1260 1138 8406 411589 731
5878 1127 951 10172 419615 659
5568 903 1032 8086 417649 743
6619 872 937 7222 444640 665
4912 829 724 8850 436160 721
7545 1087 963 8252 441073 747
7200 960 994 8445 423676 741
7955 1209 983 9048 402491 643
5170 807 687 7362 383953 695
6726 974 879 8372 420635 878
5113 1014 774 8392 398924 657
5854 796 702 8418 443466 688
6489 984 874 8705 423754 753
6527 1255 785 8822 429021 774
6793 1018 878 9164 417536 672
6136 1005 832 8898 408995 718
6925 1042 870 7428 435355 652
6248 932 791 8124 416733 658
5805 1467 911 8682 413964 768
6615 938 822 8146 458010 647
7763 1037 705 7693 455401 693
6623 1548 903 8079 416840 714
6709 1322 788 8310 472566 964
7777 1002 880 8660 400690 732
6461 1061 792 7960 429253 737
6272 1037 833 8173 418571 769
6282 851 677 7121 429328 861
6787 1060 1125 9053 417615 912
7168 1427 773 8343 424258 716
6242 910 877 9659 442007 817
6995 1481 1122 7549 411950 863
7348 1157 855 7888 430924 860
7221 1157 1134 8610 421572 752
6893 922 788 8400 436826 745
5478 1058 828 9527 426406 846
6274 1039 795 8670 450829 709
6132 1130 801 10016 428455 794
5672 876 690 7624 419686 785
5639 1047 922 8703 435040 710
5794 901 1063 8770 425539 778
5734 1182 863 8634 429518 910
6861 879 849 9521 485750 774
6639 1160 899 8814 424649 703
5640 855 973 7689 375992 750
5846 1181 764 8012 414083 1063
8319 1050 1686 11539 422079 831
7690 960 881 8914 423284 1053
8115 1366 821 8460 438791 838
7409 1411 900 8421 419569 782
6813 1521 798 7535 424379 856
6482 1072 776 7580 444898 862
5959 798 691 7720 445571 705
5884 997 1153 9761 422565 776
5650 1078 800 8771 428065 768
6385 1521 717 8095 418336 807
5767 891 995 8404 429028 726
6071 837 908 8986 408186 1044
8802 1220 1105 11869 419846 873
7177 1667 1059 8727 418268 766
6333 1593 994 8702 423953 892
8380 1028 857 9218 417365 855
6914 1221 784 8413 410031 773
6737 1283 997 10663 430862 826
6865 1794 1075 8974 414674 706
7026 1191 1205 7444 423054 800
5759 1021 956 7731 430370 806
7328 1703 928 8981 397524 750
6210 1539 789 8382 390068 797
5634 1008 837 8088 410445 772
6042 863 767 8161 397010 773
5491 1103 1013 10193 408783 724
5939 1197 1030 8942 437594 736
6052 1138 728 7909 420314 883
6682 1313 964 8024 418791 868
5671 1343 952 8715 420538 879
6050 1166 872 9287 429372 823
5120 826 754 7213 432010 916
5936 982 752 7462 413071 795
6553 981 847 8402 419332 739
5928 755 726 7731 379135 742
6335 1653 1139 8880 440404 840
7182 1433 940 9126 418563 895
6403 987 714 9029 425153 875
6443 873 787 7506 413306 868
