ESTree Dijkstra DecrementalDynamicSSSP
7904 1278
4 1847
3 1216
123 1787
6 1621
30 2791
4 1396
6 1118
91 2126
81 12974
5 9953
5 2044
6 3100
4 1768
8 1632
5 2783
10 2035
4 3034
4 1236
5 10427
4 7435
8 2025
25 1683
6 1315
4 3772
5 5974
6 1660
8 1658
57 1688
6 1655
5 1749
6 1345
5 2513
10 2528
30 1748
9 1932
9 1836
17 2469
4 1856
34 1862
5 1895
5 1704
6 1577
6 1097
6 2530
4 1210
11 1068
3 2065
5 1627
5 2125
4 1028
6 1096
6 2856
7 1657
6 5207
375 1719
5 3522
6 1731
26 1557
6 4740
18 1196
4 2697
38 2931
5 2085
5 1939
16 2030
3 962
6 1103
4 1493
3 1009
3 1144
7 1725
3 1141
3 1186
5 2158
14 986
20 983
6 1077
4 2030
4 1011
4 1101
3 1778
13 1025
18 1129
16 2029
3 1014
27 985
18 1114
4 1629
3 1039
3 991
4 1103
3 1497
5 1140
3 1297
3 1041
2 993
3 997
6 1063
16 1502
4 1077
4 1091
3 1117
2 1008
3 1176
21 978
3 1566
2 1017
3 1021
4 1230
3 1004
4 1038
4 1095
17 1415
2 1018
3 1201
50 978
3 2022
20 1037
27 1019
4 1043
3 1015
4 1012
3 969
5 1164
3 1018
5 1006
3 992
3 1212
20 1008
4 1050
5 1137
3 1109
3 1024
4 1309
4 1966
3 1082
3 1062
4 964
3 1650
15 988
3 1079
3 966
3 1149
3 1151
3 1312
3 1037
4 1576
15 1009
17 993
3 1090
3 1455
3 969
2 986
3 1156
3 1359
4 1006
3 1004
3 1221
5 1068
6 1253
5 1670
32 1217
4 1095
4 1348
15 1102
3 1063
5 1095
4 1590
37 1623
5 1082
29 1693
17 1079
4 1152
5 1707
4 1075
2 1185
5 1148
7 1426
6 1096
4 1664
4 1103
3 1080
5 1123
3 1082
26 1264
17 2534
4 1088
21 1219
75 4835
5 1874
12 2455
4 1076
4 1199
4 2048
6 1162
3 1684
3 1081
3 1755
3 1252
5 1342
4 1095
5 1124
22 2133
3 1942
5 1999
4 1192
6 1082
18 1327
22 1217
3 1343
32 1427
4 1214
4 1204
5 1082
3 1075
13 1044
20 1050
19 1112
23 1074
20 1087
3 1069
20 1298
4 1067
45 1196
6 1250
3 1209
14 1050
3 1208
3 1221
3 1055
3 1136
5 1094
4 1631
24 1188
4 1208
17 1161
53 1070
4 1093
38 1087
4 1493
30 1229
24 1065
15 1848
5 1324
5 1467
3 1369
4 1437
5 1469
4 2084
4 1377
28 2382
3 2617
6 1170
4 1075
16 1301
7 1153
6 1262
4 1267
14 1893
5 1049
4 1071
4 1831
5 1166
5 2072
4 1457
3 1604
3 1762
3 2210
4 1119
4 1488
4 1053
3 1168
4 1217
40 1110
3 1027
5 1087
6 1079
5 1076
21 1081
4 1402
4 1628
3 1367
4 1459
4 1094
5 1169
24 1144
3 1144
4 1403
5 1100
17 1078
33 1088
18 1279
53 2037
39 3842
6 1698
5 1786
5 1467
21 2246
7 1958
5 1986
4 1627
5 2941
5 1777
4 1606
9 1800
6 2403
5 1257
6 1332
17 2106
6 3667
9 7001
16 2096
5 2841
6 2585
3 1326
4 1124
4 1061
5 1173
4 1046
5 1381
4 1350
3 1155
3 1095
3 1043
2 1085
4 1083
4 1631
4 1312
3 1065
4 1147
3 1039
4 1075
4 1051
5 1146
3 1280
14 1031
4 1059
15 1041
3 1075
28 1052
18 1064
4 1241
5 1075
8 1248
3 986
4 1099
4 1366
5 1138
2 1061
4 1094
44 1049
4 1359
4 1097
3 1063
19 1054
4 1076
7 1212
6 1073
15 1174
5 1052
3 1055
5 1301
5 1190
4 1029
46 1862
5 1203
5 1053
5 2536
4 2130
6 2841
4 2165
4 2213
5 1159
4 1132
4 1948
4 1652
5 1081
4 1506
4 1803
3 1040
3 1742
4 1846
4 1114
3 1095
4 1928
7 1210
4 1042
12 1063
4 1026
5 1069
4 1720
4 1131
55 1089
43 1106
17 1142
4 1075
4 1119
3 1043
19 1030
4 1123
2 1089
3 1165
2 1068
4 1246
4 1285
3 1128
2 983
12 1076
4 980
4 969
4 977
4 1243
14 1116
3 1080
4 1045
18 1008
15 1049
4 1222
4 1657
3 1055
20 1115
3 1201
5 1236
3 1051
4 1091
81 1621
5 1124
2 966
4 990
14 986
3 1702
4 1321
2 1037
3 1183
4 1054
4 1055
6 1045
4 1089
5 1039
24 1088
3 1070
2 962
3 1057
3 1087
3 957
21 952
4 1050
4 1167
32 1323
4 1015
4 1055
3 1112
3 1061
4 1361
4 1079
5 1083
40 1043
4 1025
3 1289
3 1075
3 1502
3 1053
3 1034
18 983
3 938
12 942
3 1021
3 926
6 1263
4 1053
3 1080
4 1231
3 1083
3 1349
5 1191
4 1068
28 1053
4 2490
3 1047
14 945
4 1064
4 1447
3 967
2 997
31 2090
3 1285
11 1032
3 1230
3 1323
4 1058
4 1062
4 1044
4 1099
3 1090
3 1057
5 1410
4 1054
4 1304
4 1056
3 1053
4 1110
3 1046
4 1324
3 1123
19 1339
3 936
2 951
42 947
1 953
4 948
3 1387
4 960
6 1134
4 1242
6 1074
3 1052
3 957
4 1082
2 955
14 1248
21 946
13 1068
2 952
3 1048
2 942
16 1023
3 1250
37 935
2 1006
3 1014
4 1106
2 971
3 1281
4 1255
2 965
2 968
15 1745
13 1098
2 948
1 929
2 985
18 1028
4 1096
12 977
16 983
3 1041
2 976
12 937
1 961
4 1034
1 967
2 1101
4 952
3 1394
2 968
2 927
18 918
18 1332
2 1032
2 954
75 929
4 1781
3 930
2 950
5 949
3 969
15 953
2 938
4 907
2 985
2 928
18 933
4 960
3 1040
3 934
1 951
3 1316
3 943
3 956
2 926
3 970
3 1036
2 951
2 1036
4 1051
3 1307
3 946
2 942
4 1105
3 962
3 1037
4 973
3 1627
16 1004
2 1004
4 948
3 1117
2 977
2 966
3 951
21 963
2 940
4 1227
3 1005
2 963
3 942
2 992
4 1263
2 960
18 1022
3 951
3 1055
4 948
3 1477
4 972
4 1588
3 980
18 995
19 1312
3 947
3 941
5 995
15 994
4 1333
2 943
4 1655
19 964
15 1067
3 1029
3 1088
4 1725
5 956
4 933
4 1041
2 959
16 1303
4 1178
3 947
25 975
3 993
15 1476
2 961
3 1609
5 1098
3 960
14 959
1 940
19 967
3 1299
2 1116
14 925
3 1191
23 935
2 941
1 954
13 991
1 951
2 934
2 914
3 978
1 951
3 930
1 923
3 918
3 1031
2 917
1 923
14 914
2 980
3 918
2 958
1 920
5 996
2 995
1 947
1 918
3 1080
2 946
17 1048
10 928
6 935
2 946
1 929
1 927
3 934
2 928
1 900
2 935
1 927
3 1276
2 945
2 935
3 1007
2 1041
2 937
2 918
2 913
4 960
1 948
2 995
1 939
4 955
1 944
12 914
2 915
12 908
5 1016
2 934
1 934
2 909
3 1003
2 911
2 905
1 910
3 978
2 969
2 979
2 891
4 1044
2 934
2 950
1 909
3 917
3 1011
3 920
2 932
3 936
2 992
3 917
2 938
1 909
4 991
2 919
1 899
1 912
3 1056
1 941
1 903
3 1135
5 925
3 1127
1 928
17 1082
23 915
15 1142
2 896
4 1016
1 898
16 1363
2 958
2 1004
2 913
3 1176
16 931
3 956
4 1228
26 1602
6 1507
6 1943
6 1907
4 1603
78 983
12 1703
6 961
3 951
3 1381
2 935
6 1819
6 1520
5 3433
4 1999
5 1631
4 1775
4 1381
5 1550
4 1799
6 1988
5 1707
24 10578
25 2899
27 14366
24 1902
27 1544
7651 1999
5 3547
5 1805
4 1013
6 6559
5 2089
5 1495
5 1559
26 2314
5 1478
7 2569
5 1546
7 1003
7 1942
24 1730
6 9773
576 1843
22 9177
413 4709
4 13705
6 34053
69 4765
6 3319
44 2087
5 2270
7 2811
5 2317
5 4305
26 4636
5 2327
5 6494
5 10460
5 1736
5 1520
7 6855
9 1521
7 4837
11 6623
5 2101
6 3471
6 1505
38 1528
6 14589
1041 4247
36 1448
5 10389
5 1716
6 1964
5 6109
6 2116
6 1983
6 8424
9 3756
6 2093
6 3264
31 3351
7 3485
5 1918
6 1997
25 2117
5 2081
5 1618
6 2036
6 1820
5 1533
6 2384
6 2269
5 2411
6 1728
20 1009
8 2322
4 1714
5 1557
6 1499
21 1312
5 1572
9 1839
6 1123
6 1610
5 2900
5 3447
151 1871
24 3037
5 2010
7 1927
5 1610
53 1821
5 3035
48 1473
4 1808
6 3398
6 1640
4 1652
4 1592
5 1094
4 1659
4 1271
5 1309
5 1660
6 1918
21 1139
3 1035
4 1386
4 1000
4 952
5 1215
5 1543
5 1457
4 1452
16 1178
3 954
4 992
3 1039
4 991
3 980
4 1012
6 1506
