RIndependent Gonzalez BaselineGreedy Bottleneck Dynamic
2138 409 1040 7433 4
1735 292 849 6139 3
1375 260 715 4978 2
1155 215 607 4477 8
1126 232 600 4465 3
1110 212 603 4566 3
1111 266 604 4532 10
1164 221 618 4599 2
1067 228 599 4505 2
1083 213 608 4815 3
1099 214 606 4482 3
1105 212 617 4669 3
1163 224 616 4787 4
1187 213 615 4693 3
1153 197 607 4464 2
1139 222 626 4663 3
1108 208 598 4768 5
1252 210 616 4639 4
1148 221 603 4443 3
1120 214 600 4508 2
1107 212 598 4503 3
1089 220 632 4950 3
1179 222 648 4663 4
1157 234 658 4649 4
1150 212 634 4689 4
1142 211 625 5139 4
1177 230 665 4709 6
1124 219 621 4735 4
1122 230 640 4815 3
1177 238 645 5761 3
1101 223 598 4456 3
1097 217 602 4432 2
1082 222 598 4464 3
1087 203 609 4560 4
1191 220 607 4623 4
1126 216 621 4699 3
1128 212 629 4574 4
1170 219 622 4634 3
1174 218 612 4495 3
1118 195 589 4421 4
1241 240 689 4458 3
1077 216 591 4371 3
1104 263 587 4365 2
1130 245 586 4407 3
1120 206 640 5164 3
1120 217 603 4522 3
1155 213 612 4531 4
1129 207 620 4612 3
1110 204 583 4409 3
1083 223 580 4357 3
1089 244 583 4347 3
1103 218 585 4366 2
1087 223 580 4389 2
1089 227 583 4357 2
1099 211 583 4389 2
1104 194 583 4510 3
1197 222 633 4720 3
1178 224 622 4732 4
1159 239 621 6799 4
1180 221 652 4849 4
1197 262 629 5194 5
1155 257 619 4692 4
1232 230 955 5282 4
1228 222 626 4527 3
1096 223 643 4486 3
1149 224 582 4416 4
1084 222 616 4433 4
1167 222 597 4515 4
1106 198 576 4349 3
1261 229 619 5742 4
1166 246 630 4649 4
1134 197 596 4484 4
1076 232 601 4348 3
1080 251 575 4366 3
1134 215 582 4388 3
1206 206 641 4662 4
1095 217 570 4385 8
1090 197 572 4307 3
1106 212 579 4347 4
1106 206 578 4345 5
1076 215 573 4401 3
1089 219 573 4329 2
1096 180 573 4328 7
1107 209 590 4314 2
1096 198 593 4409 2
1083 218 572 4308 3
1216 219 640 4786 3
1129 212 618 4692 3
1237 231 613 4563 4
1226 334 582 4274 3
1174 200 565 4418 3
1133 225 602 4587 4
1152 209 567 4364 4
1094 218 567 4392 4
1098 254 569 4300 3
1096 195 570 4331 3
1084 204 624 4294 2
1134 211 567 4344 3
1088 228 590 4501 3
1115 258 548 5004 3
1157 195 567 4259 3
1072 203 576 4355 4
1201 247 680 4438 4
1094 194 562 4309 3
1122 196 562 4238 3
1079 237 619 4574 3
1089 221 643 4258 3
1190 229 622 4821 3
1090 219 589 4243 8
1143 227 563 4348 3
1106 215 586 4220 3
1097 196 564 4226 2
1085 200 562 4261 3
1100 211 569 4236 2
1124 201 558 4242 3
1103 196 562 4375 3
1062 272 561 4235 3
1068 199 560 4225 3
1056 203 559 4221 3
1097 214 561 4286 3
1087 269 562 4248 2
1067 188 559 4374 3
1223 228 633 4533 3
1148 215 600 4659 3
1145 226 579 4430 2
1193 237 647 4758 3
1240 239 690 4621 3
1122 222 658 4643 3
1266 237 664 5662 3
1197 219 623 4595 4
1231 225 594 4482 4
1195 229 570 4314 4
1166 268 660 6035 7
1381 360 1027 4560 6
1172 228 620 4414 4
1205 317 769 4487 3
1114 228 570 6449 13
1648 228 598 4575 5
1357 233 645 4553 3
1178 219 577 4641 4
1286 211 603 4464 4
1193 212 607 4527 5
1171 270 587 4391 3
1176 228 600 5064 5
1370 271 644 4782 3
1092 213 598 4419 4
1255 216 674 4735 5
1303 251 726 4614 3
1194 260 571 4482 3
1161 225 588 4392 4
1112 245 588 4425 4
1127 214 633 4553 4
1261 263 618 4631 6
1257 239 591 5530 5
1209 197 741 4876 6
1380 218 557 4579 3
1226 213 577 4737 4
1372 231 589 4629 3
1263 216 629 4659 3
1199 246 643 4434 3
1222 200 552 4604 4
1204 225 607 4548 3
1181 279 564 4284 5
1256 216 620 4248 3
1128 202 539 4135 23
1078 210 581 4130 23
1084 210 536 4114 7
1095 195 581 4090 3
1093 189 539 4054 2
1092 195 559 4093 19
1165 221 540 4065 3
1092 205 532 4625 3
1287 261 597 4599 3
1264 240 550 4555 3
1185 227 566 4530 2
1173 200 595 4265 3
1089 178 542 4159 3
1179 238 604 4307 5
1139 201 532 4133 2
1107 205 587 4439 3
1128 202 533 4298 3
1263 179 534 4096 3
1207 222 570 4770 5
1228 214 577 5073 5
1141 224 531 4289 4
1182 269 590 4202 3
1073 195 553 4511 3
1091 174 532 4107 3
1255 198 533 4079 3
1083 200 531 4359 3
1154 203 525 4129 9
1230 273 553 4204 3
1102 185 573 4390 4
1230 226 563 4289 4
1251 210 562 4506 3
1280 238 639 4520 3
1112 214 550 4389 4
1225 201 568 4229 3
1157 221 564 4160 4
1139 221 548 4331 4
1176 202 559 4218 3
1108 248 561 4282 3
1126 205 536 4324 3
1211 213 549 4182 3
1151 266 536 4287 4
1146 211 538 4150 3
1129 208 621 4301 4
1123 207 562 4297 4
1160 223 535 4182 4
1235 206 539 4063 3
1136 206 539 4438 3
1103 207 551 4042 3
1189 244 537 3964 3
1062 211 524 4077 2
1077 195 527 4106 4
1072 231 546 4028 3
1128 221 522 4060 5
1076 219 521 4024 3
1077 199 521 4007 3
1079 225 531 3982 3
1148 216 533 3969 3
1088 207 515 3976 3
1078 240 517 3966 3
1098 198 518 3947 2
1056 247 518 3932 2
1075 220 523 3949 3
1091 193 520 3977 2
1092 258 512 3973 3
1106 225 517 3975 5
1079 263 514 3945 10
1063 209 532 3968 2
1082 210 519 3938 2
1116 207 553 4400 3
1250 290 563 3953 4
1294 271 514 3991 3
1140 198 512 4334 3
1242 214 514 4008 3
1145 200 548 4240 3
1101 225 508 4137 4
1222 197 514 3996 2
1097 228 608 4359 3
1111 199 512 4212 3
1178 222 528 3975 3
1075 242 547 4253 3
1182 259 580 4106 3
1147 193 571 3907 3
1095 220 584 4376 3
1099 235 528 3958 3
1225 250 549 3906 5
1074 232 516 4433 4
1113 268 509 3927 3
1093 220 705 5854 3
1079 201 506 3942 3
1088 203 516 4040 3
1088 217 521 4252 3
1156 206 510 3892 4
1128 205 502 3875 4
1072 185 527 3894 3
1075 214 507 3884 2
1094 235 504 3918 2
1095 196 510 3865 2
1127 232 512 3850 3
1084 238 530 3913 4
1083 220 502 3834 4
1107 196 502 3884 3
1082 197 503 3853 3
1128 200 505 3838 2
1143 211 502 3842 12
1103 263 500 3932 8
1130 204 504 3874 2
1135 193 505 3831 4
1068 241 498 3824 2
1072 193 503 3838 2
1142 205 502 3860 28
1106 199 502 3851 7
1080 197 499 3829 21
1083 214 498 3837 19
1058 217 501 3819 2
1115 194 502 3835 27
1131 211 497 3817 22
1071 191 502 3880 2
1087 191 498 3817 2
1050 187 514 4420 4
1164 213 522 3864 3
1080 210 515 3975 3
1161 189 518 3856 3
1100 197 497 3869 3
1082 194 493 3817 28
1081 190 495 3815 4
1099 201 495 3801 27
1118 195 497 3788 2
1121 203 495 3821 2
1093 195 494 3920 2
1238 227 539 4219 3
1165 204 559 4213 3
1244 211 540 3775 4
1064 201 492 3784 3
1093 207 489 3791 20
1066 206 494 3826 3
1152 190 497 3966 3
1115 202 492 4195 3
1117 194 547 3988 3
1212 233 493 3948 2
1105 189 505 6189 2
1136 212 490 4088 4
1117 218 506 3811 3
1174 271 528 4265 3
1153 231 497 3922 3
1215 262 500 3813 3
1074 227 491 4087 2
1101 211 490 3983 3
1247 202 499 3801 3
1130 171 605 4087 3
1068 196 490 3880 6
1180 194 500 3796 4
1141 196 495 4183 3
1098 224 486 3775 3
1185 215 487 4004 3
1067 205 492 3762 3
1159 224 492 3725 3
1133 191 494 4183 4
1084 229 486 4012 3
1473 228 583 4409 4
1078 266 488 4045 3
1134 211 502 3732 3
1076 220 530 3955 3
1105 192 485 3830 3
1212 324 514 3763 3
1142 224 516 4117 3
1132 216 485 3724 3
1124 204 579 4054 4
1109 223 503 4158 3
947 291 482 3744 3
1095 203 482 4206 3
1085 234 480 3807 3
1231 230 479 3749 3
1100 195 485 3833 3
1199 211 481 3766 3
1093 213 483 3991 3
1079 199 478 3781 3
1074 206 520 4067 3
1118 206 480 4086 4
1267 306 498 4026 4
1154 194 536 3831 3
1128 197 501 3887 4
1090 196 504 3760 3
1088 256 488 3787 3
1112 206 495 3673 3
1041 228 484 3828 3
1076 216 479 3682 3
1100 189 474 3650 2
1171 212 514 3951 29
1214 251 509 3760 3
1194 222 552 3709 3
1173 215 475 3884 5
1147 225 475 3702 3
1142 198 487 3653 2
1066 197 476 3719 3
1087 208 472 3666 2
1089 206 472 3708 3
1061 184 506 3825 3
1188 249 507 4132 3
905 204 477 3711 3
934 200 473 3703 3
895 294 475 3736 3
1056 171 470 3686 2
1102 205 469 3703 3
893 199 489 3661 2
1132 206 468 3628 2
1047 194 473 3720 3
1068 176 469 3656 11
1093 219 505 3658 2
1060 181 471 3672 3
1087 175 470 3706 3
1053 189 467 3643 2
1068 199 465 3673 4
1066 183 467 3666 4
1148 175 467 3608 3
1081 178 468 3647 2
1100 207 467 3663 2
1134 201 466 3583 3
1074 215 474 3618 2
1102 163 470 3567 2
1047 212 464 3659 3
945 196 473 3604 2
1094 217 467 3621 28
1075 187 467 3616 3
1070 219 471 3589 4
1079 176 463 3594 19
1084 192 465 3587 19
1056 188 462 3600 22
880 215 463 3598 2
1081 214 483 3597 4
1094 215 462 3566 2
1046 182 462 3637 19
1076 198 461 3552 2
1180 207 546 3619 3
1105 229 483 3872 3
1080 236 461 3647 3
1168 187 488 3634 3
1115 223 466 3824 3
1176 235 461 3711 3
1100 244 495 3826 3
1073 189 475 4096 4
1038 215 458 3649 4
1244 284 516 3574 3
1080 212 472 3892 5
1248 178 464 3570 3
1080 188 471 4047 3
1066 182 460 3751 4
1133 219 517 3938 4
1073 202 456 3753 4
1132 240 468 3622 3
1090 227 500 3936 3
916 226 456 3657 3
1096 259 546 3712 3
1074 207 461 3599 3
1261 243 479 3544 3
1111 185 465 3839 3
1125 218 461 3554 2
1076 214 511 3934 4
1067 201 465 3586 2
1173 307 532 3512 3
1057 256 484 3740 5
1284 193 453 3513 3
1103 204 467 3901 2
1123 280 455 3529 3
885 224 496 3860 3
1048 225 449 3508 3
1175 204 521 3532 3
1050 186 453 3722 5
1203 221 451 3615 4
1118 223 469 3881 4
1069 191 452 3525 3
1118 210 485 3715 3
1072 189 452 3510 3
1087 219 446 3478 3
1050 205 445 3530 2
1072 228 446 3503 3
1032 184 444 3448 3
887 200 447 3457 2
1059 201 447 3460 2
1087 202 449 3573 2
1066 194 449 3514 3
1095 224 448 3459 2
1097 246 446 4013 3
897 208 445 3569 3
1083 205 442 3465 3
1065 255 443 3458 4
1092 199 445 3449 3
1141 187 444 3436 3
907 226 441 3444 3
1079 183 447 3489 2
1083 212 442 3517 3
1133 233 442 3441 2
1056 204 443 3454 3
1052 200 440 3449 2
1062 232 440 3463 3
1057 248 438 3472 19
1093 218 442 3441 28
1044 246 436 3419 17
1116 183 439 3500 17
1100 205 437 3414 27
1082 227 440 3371 4
1085 194 438 3404 19
1077 290 449 3432 20
1116 180 441 3429 27
1103 190 436 3369 21
1074 224 436 3413 4
1030 178 436 3410 10
1102 201 434 3370 36
1112 204 433 3388 21
1063 178 434 3392 2
1037 221 430 3385 31
1107 219 437 3362 10
1080 213 437 3365 2
1062 213 435 3418 10
1058 199 434 3439 2
1094 228 435 3477 11
1089 195 430 3384 3
898 182 429 3385 2
1042 179 432 3346 2
1065 213 437 3390 4
1053 183 439 3360 30
1063 175 435 3355 7
1115 198 429 3371 19
1104 227 430 3375 26
1053 209 431 3345 11
1059 187 434 3353 2
1129 206 429 3331 3
1061 237 428 3357 3
1056 197 431 3421 3
1090 245 446 3555 2
1101 184 458 3509 2
1136 204 439 3412 11
1095 185 436 3547 3
1146 224 457 3570 3
941 240 450 3510 2
1181 197 440 3491 2
1104 215 439 3545 3
1113 230 440 3500 3
1163 215 439 3498 3
1165 232 459 3495 2
1112 226 435 3383 2
1083 195 435 3458 3
1090 172 433 3381 3
1079 232 434 3413 3
1119 192 453 3554 3
1138 207 424 3532 2
1117 220 462 3503 3
1205 243 452 3438 10
1138 194 445 3496 4
1111 170 434 3428 3
1097 219 431 3304 4
1074 210 423 3329 8
1070 196 422 3365 10
1054 269 421 3270 10
1071 182 420 3238 28
1074 192 422 3296 3
1084 204 419 3282 23
1081 171 421 3262 2
1035 234 421 3362 19
1076 207 418 3306 11
1070 214 421 3286 4
1069 226 418 3338 10
1085 197 417 3272 27
1173 187 417 3269 2
1115 206 415 3287 2
1059 162 417 3270 2
1110 231 452 3305 2
1031 207 417 3279 3
1088 193 415 3365 2
1051 261 423 3341 2
1075 208 450 3304 2
882 205 414 3310 2
1080 228 414 3270 2
1055 180 433 3268 2
1062 198 417 3349 3
1051 201 416 3241 4
1138 156 418 3273 11
1086 214 415 3256 3
1066 199 420 3233 3
1127 196 414 3298 3
1060 186 417 3323 3
889 180 411 3315 2
1055 187 415 3249 2
1016 177 416 3276 2
1091 181 412 3208 2
1060 192 413 3296 2
1062 200 409 3279 2
1049 220 414 3217 3
1052 181 412 3208 2
1052 193 412 3227 2
1062 187 410 3254 14
1107 186 407 3198 4
1049 178 408 3206 9
1047 188 410 3226 2
1062 225 407 3243 3
1039 215 408 3272 3
903 214 410 3199 2
1060 265 412 3217 3
1084 176 407 3227 2
1054 207 411 3163 3
1038 185 408 3224 3
1047 205 404 3188 3
871 224 410 3176 3
1037 182 407 3185 7
1036 191 408 3197 4
1135 217 399 3226 22
1069 180 404 3172 2
1033 188 405 3182 2
1076 184 405 3200 2
1065 213 407 3166 2
1069 258 403 3273 3
1072 216 432 3218 4
1066 209 404 3163 2
1075 191 400 3157 2
1062 182 399 3171 3
1091 193 409 3174 2
1081 272 398 3213 10
1061 234 397 3123 2
1071 193 400 3192 3
1025 171 401 3177 2
1032 232 401 3176 2
890 191 405 3296 2
1054 210 396 3212 2
1083 202 398 3174 2
1138 200 399 3142 2
1051 183 397 3156 2
1107 173 399 3268 3
1077 220 391 3383 3
1071 210 398 3205 3
1068 240 399 3189 2
1069 274 400 3175 22
1069 191 393 3165 3
1089 261 437 3144 2
861 206 421 3167 3
1078 187 397 3217 2
1084 216 396 3154 2
1052 189 398 3173 2
1047 201 393 3147 2
1057 191 395 3160 2
1049 178 396 3129 3
1068 221 392 3101 19
1075 180 391 3144 2
1096 166 393 3098 2
1065 220 391 3126 2
1034 212 390 3116 2
1073 245 393 3118 4
1034 219 392 3075 3
879 203 391 3109 3
1081 241 392 3118 2
1054 205 388 3091 2
1083 179 392 3093 4
1068 204 391 3075 2
1093 211 389 3094 3
1047 189 390 3105 2
1052 194 388 3083 4
864 242 388 3098 6
1086 166 387 3093 2
1092 183 390 3060 2
1061 213 394 3063 2
1056 179 389 3085 3
1081 191 391 3050 3
890 186 389 3108 14
1065 199 384 3069 2
1061 248 386 3067 2
894 197 384 3064 2
1033 219 384 3036 2
1066 200 384 3062 7
1010 229 385 3031 3
1108 220 389 3042 12
1071 222 385 3083 19
1053 183 386 3052 2
882 191 386 3043 8
1046 178 386 3043 2
1023 227 383 3034 10
1035 250 384 3046 3
1049 193 385 3040 2
879 189 382 3029 2
917 265 384 3050 2
1119 201 380 3042 3
1052 217 381 3046 2
1034 228 384 3051 4
1072 223 381 3029 3
878 215 380 3046 2
1034 204 380 3011 2
1072 184 380 3035 2
1154 177 381 2996 3
1070 194 392 3019 2
874 208 382 3012 2
1029 207 379 2998 2
1109 207 405 3011 2
927 206 379 3005 19
1024 240 377 3017 2
863 222 377 3049 3
1025 241 376 3046 3
873 189 375 3023 3
866 173 381 3042 3
923 184 380 2973 3
1042 180 375 3007 4
872 178 376 2966 2
880 189 380 2997 19
1091 180 378 3024 2
1063 217 374 2989 2
1087 177 374 2978 4
854 202 373 2981 20
875 193 381 3021 2
1108 181 372 2937 3
1094 184 371 2971 18
1053 168 376 2987 3
1042 208 373 2981 2
1066 192 371 3006 2
857 215 374 3016 1
910 211 371 2982 2
912 187 373 3002 3
1011 277 373 2978 2
876 191 374 2967 2
1057 195 373 2923 2
1034 177 369 2946 2
1033 185 372 2976 2
1016 206 369 2946 2
1032 202 368 2952 2
867 195 372 2928 2
1141 172 369 2945 3
1055 233 372 2944 2
869 212 368 2989 10
893 190 372 2959 7
1033 190 369 2945 2
1080 241 369 3065 3
1112 187 501 2890 2
1078 188 368 2979 3
873 222 401 2968 2
1071 177 369 2899 2
861 259 367 2949 2
1099 178 370 2899 18
1044 190 368 2940 2
920 200 365 2901 2
1068 167 382 2949 3
1036 163 370 2962 2
858 213 364 2938 3
1082 215 362 2949 2
1044 187 368 2977 2
1027 182 366 2930 3
850 152 362 2863 2
924 190 365 2910 15
1083 255 363 2873 5
1090 217 361 2894 2
1085 251 363 2878 5
1072 177 362 2909 4
863 187 365 2936 4
860 186 360 2911 2
852 186 365 2899 3
1058 175 359 2870 2
1106 285 358 2895 2
854 191 358 2967 1
1034 186 361 2917 2
905 192 361 2910 2
999 196 359 2892 2
1088 171 358 2859 2
1083 206 359 2867 3
870 167 357 2958 2
1135 164 355 2900 3
1045 153 356 2892 19
1078 186 356 2858 2
1084 192 358 2858 1
1020 172 360 2857 2
1096 252 357 2859 21
1022 208 356 2827 2
1055 161 383 2873 2
1084 186 374 2856 2
883 266 357 2922 2
862 187 355 2871 2
1052 212 355 2881 3
1082 203 358 3100 3
1023 189 355 2890 2
859 178 355 2851 2
849 176 355 2849 23
1108 197 356 2870 2
1026 212 355 2855 2
1051 189 357 2842 2
1027 251 356 2816 2
1102 175 352 2870 2
1065 276 349 2910 4
1080 196 353 2818 2
883 191 351 2830 7
923 219 354 2901 22
1049 199 347 2910 3
1043 181 351 2860 2
1077 176 349 2852 2
877 182 352 2826 4
911 197 347 2821 2
1122 178 349 2791 31
1057 223 350 2858 2
1045 182 351 2802 2
900 236 348 2828 2
1097 199 346 2813 10
897 218 350 2775 2
1023 312 351 2830 2
871 220 593 4100 3
982 224 375 3120 3
925 202 384 3121 4
1139 238 367 3030 2
1125 173 356 2934 3
965 205 403 3068 4
985 190 348 2914 3
846 214 356 3010 6
987 323 401 3114 3
889 218 346 2907 4
1114 221 409 2843 4
1052 275 341 2872 3
1132 188 445 2938 3
865 215 348 2801 3
960 180 340 2939 3
893 171 388 3038 3
1085 180 355 2854 3
1070 248 373 3031 3
1130 239 342 2741 3
1166 186 342 3002 4
1054 195 383 3243 3
877 189 366 2910 3
1104 272 396 2996 2
886 207 374 3087 3
1126 233 393 2890 7
856 204 358 2783 3
895 224 351 2846 4
1070 195 347 2828 3
862 174 391 2765 3
888 161 366 2841 4
1080 226 338 2823 22
1144 173 336 2735 3
884 196 341 2763 3
1075 184 339 2819 3
854 180 338 2767 5
872 210 363 2734 3
1074 203 343 2757 19
1033 177 324 2707 9
865 191 327 2746 35
846 212 331 2758 3
1119 266 326 2825 8
847 151 324 2719 3
1045 174 329 2719 15
855 188 325 2692 2
854 201 333 2713 3
895 219 324 2702 3
835 220 324 2725 4
1021 215 323 2695 6
1097 180 324 2740 47
885 166 325 2756 2
863 197 327 2680 3
1054 145 323 2727 3
1026 195 322 2702 4
1085 205 325 2684 11
843 186 323 2691 11
849 188 324 2687 9
1028 193 322 2665 4
1011 192 320 2740 3
982 184 322 2676 3
874 189 320 2669 9
891 175 322 2676 2
1031 208 320 2646 2
1065 190 321 2663 3
844 195 319 2669 2
1018 203 319 2669 3
854 195 320 2667 2
1043 159 320 2686 2
866 203 318 2655 3
1064 231 322 2736 2
1047 176 317 2681 2
1045 224 316 2610 3
858 186 315 2642 7
866 213 321 2617 27
1041 165 320 2725 3
853 176 319 2660 2
1017 206 316 2634 3
896 237 320 2637 4
841 230 317 2691 7
1020 286 316 2698 3
896 215 363 3024 2
886 200 335 3012 3
937 216 395 2675 2
861 176 315 2644 16
1049 231 313 2627 8
1048 192 318 2621 3
840 179 317 2687 28
1018 212 319 2647 5
882 185 317 2593 4
1060 175 312 2656 2
908 181 314 2648 5
872 185 316 2619 9
1082 188 315 2618 11
854 206 312 2615 5
1031 202 316 2604 2
1034 228 317 2644 2
852 204 315 2632 2
1049 171 312 2750 3
1031 196 317 2633 19
863 188 317 2575 2
1035 250 313 2651 2
843 191 309 2711 4
936 241 317 2609 3
850 208 311 2587 3
1026 210 308 2653 3
1109 217 315 2599 3
843 189 311 2607 2
903 189 312 2600 2
858 176 311 2617 3
1027 188 310 2605 19
1055 180 313 2578 3
846 176 313 2581 2
846 196 317 2572 2
845 174 313 2628 11
840 155 309 2642 3
837 174 308 2622 2
1042 175 315 2563 2
845 197 317 2685 3
1023 189 315 2585 2
1062 186 376 2710 3
1078 175 313 2746 3
873 200 310 2638 3
954 179 328 2839 3
944 163 335 2740 2
1067 222 327 2745 3
1101 304 322 2797 3
897 226 353 2778 3
1081 212 322 2764 4
949 317 322 2915 4
1088 221 324 2781 4
940 212 322 2815 4
1137 204 384 2763 2
1156 214 322 2672 4
923 242 356 2751 4
1090 180 321 2688 4
883 185 357 2818 4
920 183 318 2800 4
1086 267 317 2772 4
1156 184 318 2815 5
1148 188 321 2852 4
928 197 326 2715 4
921 177 329 3670 4
918 209 319 2811 5
920 223 319 2713 3
926 207 317 2734 4
941 223 318 2700 4
1100 187 316 2690 4
976 219 318 2736 9
943 208 322 2699 4
888 191 327 2662 4
1205 178 318 2812 3
935 199 317 2735 4
947 197 344 2718 3
1105 179 302 2598 4
873 200 315 2725 4
1109 206 312 2615 3
919 204 304 2697 4
884 190 313 2730 4
919 193 304 2699 3
1165 228 313 2632 5
950 199 323 2714 3
1181 210 317 2655 3
908 222 311 2787 3
873 228 305 2686 4
899 257 310 2636 3
913 232 310 2714 4
866 200 315 2731 5
897 222 313 2767 3
886 188 307 2706 3
917 183 306 2694 3
870 159 314 2680 4
891 261 308 2728 3
903 210 304 2666 4
879 205 310 2658 4
887 193 321 2712 4
936 195 307 2671 3
913 262 326 2881 3
1129 162 362 2805 3
933 271 324 2710 3
940 178 295 2621 3
884 185 301 2512 4
923 185 327 2672 3
873 182 325 2659 3
934 184 292 2680 3
886 165 297 2529 5
973 191 302 2782 4
896 213 292 2578 3
1098 206 318 4153 4
1085 221 304 2587 4
912 214 303 2555 3
929 175 302 2578 3
887 178 292 2493 3
1020 264 289 2547 3
860 199 292 2554 2
1013 161 293 2643 4
1064 200 290 2466 4
885 156 292 2548 3
937 166 288 2644 4
886 190 300 2633 6
923 193 281 2549 4
1059 194 298 2537 3
1054 216 287 2524 3
867 231 286 2483 3
864 208 287 2533 3
868 202 297 2473 3
843 171 286 2473 2
1048 205 304 2463 3
895 209 282 2406 2
865 244 289 2466 3
1057 194 284 2478 2
848 185 285 2409 3
840 164 284 2405 3
892 172 283 2477 3
910 184 283 2459 4
865 239 280 2436 2
879 190 282 2362 3
863 238 281 2443 3
850 172 283 2494 3
911 292 281 2456 2
1039 240 280 2478 3
1039 213 282 2424 2
1015 217 282 2394 3
842 225 281 2484 3
852 222 293 2478 8
1041 165 282 2444 3
868 197 279 2443 4
897 175 279 2466 3
916 208 287 2432 2
899 166 279 2447 3
882 204 277 2627 3
961 203 275 2376 3
831 222 271 2404 2
866 181 272 2737 3
1105 187 311 2348 2
982 184 301 2320 2
1030 217 298 2312 3
1087 155 271 2303 2
1037 197 266 2315 3
858 148 270 2578 4
937 146 275 2394 3
872 154 267 2352 3
828 206 269 2312 19
829 287 268 2289 11
1015 188 265 2362 3
1064 169 265 2396 3
831 195 274 2384 10
861 186 263 2288 7
819 150 264 2376 5
828 265 267 2317 25
1047 231 264 2289 4
843 203 301 2315 10
842 217 264 2354 2
1024 166 263 2344 3
860 150 268 2364 5
844 175 262 2277 3
834 162 262 2388 4
847 179 280 2298 2
816 174 262 2351 2
1044 203 263 2295 19
868 190 263 2294 2
993 248 261 2283 3
875 163 261 2346 2
882 199 265 2354 2
999 288 280 2588 2
875 200 262 2319 2
871 246 266 2269 20
1003 164 261 2332 3
835 165 275 2318 31
822 160 260 2236 2
1001 209 260 2296 3
823 201 260 2313 2
827 198 259 2286 35
1019 153 259 2287 2
863 171 260 2266 2
830 285 265 2347 2
841 176 266 2317 3
1031 199 258 2246 2
832 152 259 2279 2
855 188 257 2246 19
879 255 259 2279 1
843 170 256 2275 2
991 185 257 2287 8
826 155 256 2198 2
820 224 256 2239 19
1085 219 255 2339 3
819 158 261 2274 27
980 201 262 2269 19
997 201 256 2230 45
1044 239 255 2242 36
847 153 257 2299 2
816 166 252 2211 45
872 157 256 2291 2
854 170 262 2219 4
834 191 252 2231 8
823 158 254 2292 28
975 139 254 2218 2
824 230 252 2262 27
852 185 250 2254 2
815 188 251 2310 27
1048 185 251 2246 19
847 178 252 2226 10
810 219 291 2213 28
837 165 253 2168 2
830 148 250 2250 27
814 214 250 2261 4
1044 186 252 2213 2
824 247 250 2191 27
893 154 249 2218 8
819 196 251 2274 10
851 231 246 2245 3
836 160 251 2275 34
814 228 251 2238 19
835 163 250 2233 2
822 167 254 2166 10
844 147 249 2201 9
814 156 247 2201 2
827 180 248 2172 2
1051 168 246 2257 3
814 174 253 2258 5
822 182 247 2206 6
820 175 249 2147 7
847 163 248 2224 2
811 208 248 2156 2
831 175 245 2208 2
836 179 250 2307 3
949 167 259 2158 10
855 192 247 2191 2
844 179 245 2451 3
920 214 254 2426 3
958 221 247 2170 3
827 210 246 2188 3
1043 170 252 2480 2
928 169 246 2232 3
836 174 245 2168 3
844 203 267 2420 4
894 214 244 2343 4
856 154 249 2196 3
1074 183 257 2322 3
817 210 243 2228 3
835 208 247 2143 4
925 287 273 2415 3
812 178 239 2279 4
822 176 243 2227 19
874 164 259 2490 3
834 176 251 2275 2
817 227 241 2186 3
877 208 255 2378 2
864 164 242 2325 3
856 184 253 2156 3
1004 185 259 2389 3
819 185 257 2327 9
805 205 239 2128 3
808 208 240 2316 3
925 241 243 2312 2
831 198 244 2187 3
867 195 260 2400 4
907 175 267 2353 3
815 173 239 2176 3
878 200 268 2309 3
825 193 250 2215 3
850 177 235 2107 4
865 243 253 2231 3
826 148 234 2241 3
812 271 235 2171 20
898 230 258 2314 3
810 160 247 2267 3
851 154 238 2092 17
878 163 249 2361 3
818 165 256 2248 8
821 165 235 2111 4
983 267 276 2287 3
868 180 234 2259 3
1038 179 232 2140 3
854 177 284 2326 3
803 150 230 2238 3
809 288 238 2165 3
826 181 247 2275 2
818 182 229 2236 3
846 216 234 2108 3
829 195 241 2307 3
850 149 230 2088 3
860 149 230 2102 4
834 162 231 2064 4
823 170 227 2145 2
813 200 229 2044 19
878 162 231 2067 3
820 204 276 2077 2
846 173 247 2089 2
821 232 227 2032 3
1005 181 227 2216 3
909 162 233 2246 3
1070 179 226 2028 3
818 148 228 2212 3
889 169 262 2162 3
811 260 228 2009 2
892 299 225 2164 5
893 154 226 2072 3
831 144 228 2071 3
837 196 248 2151 14
869 192 226 2064 3
808 144 233 2065 20
854 170 223 2039 5
867 140 231 2036 2
999 199 224 2033 3
806 143 222 1990 2
840 171 223 2058 4
823 210 225 2074 3
821 171 223 1985 3
805 254 229 2025 2
820 165 228 2163 3
839 140 222 2053 2
805 191 221 2036 2
826 189 222 2048 4
806 166 221 2043 3
839 238 221 2007 19
998 173 220 2021 19
807 214 219 2019 23
1048 158 219 1990 11
836 184 218 1980 2
831 192 216 1987 32
819 158 215 2039 23
857 183 215 2019 3
831 204 219 1950 9
807 172 215 1990 11
1027 157 215 1992 21
827 176 216 2039 26
860 167 215 1980 2
838 223 216 1990 8
819 194 216 1952 11
986 259 214 1996 24
861 156 213 1962 3
833 156 214 1962 2
841 181 213 2032 5
888 164 213 1958 3
848 176 218 2027 8
827 185 219 2108 3
998 188 272 2201 7
895 170 213 1983 4
838 162 212 2005 3
857 201 218 1998 3
1015 161 224 1889 3
843 194 225 2058 4
1129 282 222 2343 2
986 204 247 2546 3
1385 200 265 2457 3
902 217 288 2445 3
826 194 218 2068 8
964 189 231 1990 3
847 266 277 2480 3
1062 212 218 2020 3
898 162 217 1986 2
833 178 213 2041 3
841 154 209 1963 3
857 240 210 1906 3
852 229 209 1905 2
839 188 239 1973 3
852 175 211 1987 3
867 198 263 2185 3
895 318 217 1936 7
821 200 204 1996 3
833 282 235 2072 3
823 172 205 1944 25
841 239 205 1943 9
848 162 204 2000 3
825 174 268 1949 3
914 231 221 2779 3
922 171 204 1899 4
800 166 205 1952 3
812 198 203 1980 3
848 188 201 1852 5
854 161 203 1900 3
804 216 201 1911 3
807 305 203 1947 9
835 267 204 1867 3
801 161 204 1901 3
840 201 205 1907 12
810 146 200 1976 7
829 166 201 1929 5
851 222 203 1907 3
804 145 200 1870 3
846 162 199 1860 2
1138 264 217 1995 5
945 226 217 2043 3
950 205 262 2222 3
898 218 227 2103 3
911 194 215 2027 2
882 166 205 1941 4
830 215 197 1846 11
812 204 200 1910 2
837 177 196 1900 45
799 152 198 1918 3
833 324 201 1873 27
864 197 195 1885 5
873 176 198 1920 3
873 216 196 1983 3
890 168 235 2000 10
800 175 197 1831 4
829 176 194 1801 35
843 201 223 2078 3
908 199 192 1965 7
873 153 196 1836 3
854 152 195 2010 6
949 224 204 1997 4
903 189 206 1884 4
794 231 193 1831 22
879 184 205 2134 6
973 244 195 1855 3
864 207 226 1836 3
813 156 195 2008 9
941 207 205 1867 3
802 201 192 1840 8
821 156 195 1846 2
821 177 204 2034 4
870 157 191 1777 3
877 173 193 1842 4
818 221 192 1862 3
892 221 261 2143 2
940 302 257 2050 3
943 147 213 2022 9
911 188 196 1854 3
842 156 202 2007 3
924 213 221 2050 3
808 166 198 1811 7
963 330 222 2062 4
895 189 224 2037 8
804 241 191 1853 7
883 204 238 1899 4
865 198 196 1965 3
941 202 191 1804 8
840 227 192 1867 4
939 156 218 1804 3
854 147 197 1783 3
817 193 190 1818 4
834 228 202 2054 4
904 192 192 1812 8
950 214 193 1788 4
869 151 191 1919 3
884 201 212 1850 3
838 185 187 1892 3
897 227 219 1826 7
878 193 201 1960 3
930 248 192 1771 3
860 275 205 1850 3
1034 168 192 1787 4
898 197 201 2045 4
875 158 191 1912 9
820 248 189 1896 3
828 191 190 1966 5
928 202 202 1776 3
829 188 190 1870 3
847 165 187 1740 4
856 206 196 2035 4
961 148 184 1800 3
923 201 187 1720 8
816 209 182 1788 3
882 210 212 1905 3
881 172 182 1896 3
828 224 183 1767 15
837 156 182 1864 4
956 206 182 1799 3
921 227 186 1868 2
799 179 183 1729 3
804 188 193 1934 3
997 189 179 1725 2
784 187 206 1424 10
806 168 181 1721 3
843 206 190 1921 4
868 136 181 1757 3
893 205 184 1727 7
842 155 178 1742 3
915 219 206 1979 4
950 211 214 1829 3
852 213 176 1737 17
794 186 195 1842 3
899 226 182 1851 3
794 180 177 1777 3
827 181 177 1672 3
848 218 175 1739 2
828 206 174 1751 2
834 232 173 1668 15
917 203 186 1729 12
847 239 175 1760 2
822 161 177 1702 2
852 210 189 1932 7
952 293 176 1895 12
924 213 180 1856 1609
867 257 198 1967 3
952 239 200 1852 3
855 237 170 1839 4
958 173 217 1719 4
811 219 169 1790 3
828 174 174 1676 3
852 193 167 1799 5
853 174 164 1753 3
874 216 165 1415 3
854 176 164 1688 34
838 152 172 1757 3
946 216 173 1707 3
882 177 167 1817 14
855 231 163 1720 5
816 160 163 1812 3
915 207 186 1661 3
817 227 169 1825 4
888 165 163 1732 19
821 184 164 1749 4
912 163 195 1689 4
833 217 161 1741 3
874 216 162 1620 3
828 211 160 1772 4
923 260 204 1628 3
877 206 161 1356 4
856 151 161 1641 6
868 205 178 1689 4
961 215 193 1922 4
1016 174 181 1878 2
923 214 181 1930 3
925 256 222 1751 4
873 181 172 1894 4
872 148 171 1691 3
886 171 171 1579 3
960 199 163 1723 3
947 201 156 1635 3
906 197 204 1506 3
974 277 157 1742 4
923 186 154 1698 4
900 198 173 1671 3
882 166 166 1194 3
827 178 149 1706 3
827 236 152 1229 3
904 199 156 1276 4
917 221 149 1639 3
825 264 149 1520 3
816 171 149 1617 2
927 237 151 1761 3
829 214 156 1619 4
848 198 154 1529 3
830 248 148 1435 3
881 216 152 1327 7
1016 191 150 1561 3
865 219 149 1551 3
840 192 148 1160 3
837 156 147 1667 4
976 171 160 1683 3
