RIndependent Gonzalez BaselineGreedy Bottleneck Random Dynamic
15026 1942 1481 16059 27051407
14966 2116 1496 12502 27348084
14854 1920 1484 12456 27219737
15449 1874 1488 16655 27223490
15427 1876 1490 16321 28215874
15952 1938 1481 17213 27394277
14992 1705 1473 16677 27113324
15415 2007 1470 17864 27253125
15057 2104 1468 16054 27291782
15247 2007 1573 16589 27591306
15345 2407 1512 16572 27860362
16513 2088 1481 16174 27217318
15353 2022 1491 16488 27227711
15150 1829 1495 17085 28051962
15916 2062 1504 20142 28209624
15395 2005 1479 16769 27586282
15264 1998 1463 16605 27543866
14703 2348 1492 16467 27554508
15537 2182 1505 16237 27504542
14670 2030 1482 16496 27428932
15733 2076 1562 17592 27474130
15650 1679 1482 16784 27854807
14779 1877 1471 12425 27832637
15066 1561 1500 16218 27665693
16305 2083 1594 17281 27813837
15431 1598 1491 16284 27699948
15239 1774 1551 16225 27880602
15215 1919 1594 16260 27869294
15540 2053 1486 16198 27251837
15539 1782 1480 12887 27744581
15281 1951 1487 12379 28064123
14818 1913 1576 17543 27961155
15874 1935 1496 16816 27748760
15264 1962 1494 16867 27818320
16026 2048 1487 16764 27602029
15536 2053 1581 17490 27596591
16789 2550 1577 16856 27450472
16575 2734 1598 17353 27847048
15700 2349 1503 16826 27593012
16411 2201 1585 18306 27649580
15388 2235 1507 12600 27677482
17172 2217 1554 17457 27772216
16483 2169 1502 16851 27602981
15813 3219 1553 13345 27561618
16265 2238 1601 19321 27730745
16715 1624 1499 17287 27497311
14888 1691 1497 12622 27915468
15836 1661 1556 16831 27578807
17300 2235 1644 13261 27668440
16522 2203 1622 13515 27789151
