RIndependent Gonzalez BaselineGreedy Bottleneck Random Dynamic
12 12 12 11 12 15
12 11 14 13 13 16
12 11 12 13 11 16
11 11 13 13 13 16
11 11 13 13 13 16
12 11 12 13 13 16
11 12 13 11 11 16
12 12 13 12 13 16
11 11 14 13 11 16
11 13 13 12 13 16
13 13 12 13 11 16
11 12 12 13 13 16
11 12 12 12 13 16
12 13 13 11 12 16
11 12 12 11 13 16
11 11 12 13 14 16
12 11 13 13 12 16
14 12 12 13 12 16
12 13 13 13 12 16
11 13 13 12 13 16
11 12 13 13 12 16
12 12 13 11 13 16
12 12 13 13 13 16
12 12 15 13 13 16
13 13 12 13 13 16
14 14 15 13 13 16
13 11 15 13 12 16
13 12 13 13 12 16
13 14 13 15 13 16
12 13 13 13 13 16
12 13 15 13 12 16
13 13 15 11 12 16
12 13 13 13 11 16
12 13 12 13 12 16
12 13 13 13 13 17
13 12 13 13 12 17
13 13 13 13 11 17
12 13 13 13 12 18
12 12 15 13 14 18
13 13 15 13 12 18
13 13 14 13 13 18
13 13 13 13 13 18
14 13 15 13 14 18
12 12 14 13 12 18
13 13 14 14 14 18
12 13 14 13 12 18
12 13 14 13 13 18
12 13 15 13 12 18
12 14 14 13 13 18
14 12 15 13 13 18
14 12 13 15 13 18
13 13 14 13 12 18
13 13 15 13 14 18
14 14 13 15 14 18
13 14 14 13 13 18
13 12 15 13 13 18
13 13 13 13 13 18
14 12 15 13 13 18
14 14 13 14 13 18
14 13 13 13 12 19
14 13 15 13 14 22
14 14 16 15 13 22
14 14 15 13 15 22
14 13 15 13 13 22
13 13 15 15 15 22
13 14 13 15 16 22
14 14 16 13 12 23
13 14 14 15 14 23
15 15 16 15 14 23
14 13 15 15 16 23
13 13 16 15 14 23
14 12 16 15 14 23
14 14 15 13 14 23
13 14 15 13 13 23
14 13 16 15 14 23
14 14 17 13 14 23
14 15 16 15 15 25
14 14 15 15 12 25
14 14 18 13 15 25
13 14 16 15 14 25
15 15 17 14 14 25
15 13 15 15 15 25
14 17 18 15 13 25
14 14 16 13 14 25
15 15 15 15 14 25
14 15 16 15 14 25
16 13 15 16 15 25
17 14 15 13 16 25
14 16 16 17 13 25
16 15 15 15 14 25
16 14 18 15 13 25
16 14 17 17 15 25
14 15 14 15 15 25
14 17 18 16 14 25
15 14 17 14 16 25
15 14 18 15 15 25
17 16 17 15 16 25
15 15 16 16 15 25
15 15 18 15 15 25
17 15 18 15 15 25
15 17 16 15 17 25
16 14 16 17 15 25
16 13 18 17 14 25
16 14 17 15 16 25
17 14 17 16 15 25
15 14 17 15 17 25
17 16 17 15 15 25
16 15 18 15 14 25
14 15 17 15 17 25
16 17 16 15 16 25
17 17 18 18 15 25
17 15 19 15 15 25
16 15 19 17 16 25
18 17 19 17 17 25
17 17 21 16 16 25
17 15 19 19 18 26
16 16 17 16 16 26
16 15 16 17 15 26
17 16 18 16 17 26
18 17 18 14 16 26
16 15 21 17 19 26
17 16 18 17 15 26
16 16 17 17 17 26
17 17 19 16 16 26
17 19 19 17 18 26
16 19 20 17 16 26
17 18 18 17 17 26
16 16 18 17 18 26
16 18 20 17 18 26
21 17 19 18 19 26
17 17 18 17 17 26
18 18 20 19 17 26
17 17 21 17 20 27
18 17 20 17 18 27
21 18 21 19 16 27
19 18 18 19 17 29
18 21 19 18 18 29
17 18 21 21 19 29
19 18 20 19 20 29
18 17 20 19 17 29
17 19 20 18 19 29
19 19 19 19 17 29
19 20 21 19 19 29
19 19 22 19 19 29
17 21 23 18 18 29
19 16 22 19 18 29
20 17 21 18 19 29
18 21 22 19 19 30
18 20 21 17 17 30
19 20 19 19 21 30
19 17 23 17 16 30
18 18 21 19 18 30
21 20 19 19 20 30
20 19 17 17 21 30
19 19 22 19 20 30
17 22 24 17 20 30
19 20 22 19 20 30
17 19 20 22 20 30
20 18 22 21 16 30
19 20 22 19 21 30
18 22 21 19 18 30
21 18 21 19 19 30
19 19 20 23 18 30
21 20 20 21 20 30
16 19 20 19 19 30
20 21 23 18 21 30
20 18 20 22 22 30
20 17 21 21 17 30
20 19 20 23 21 30
22 20 20 17 20 30
20 21 19 21 20 31
20 20 25 21 23 31
21 22 21 21 22 31
20 19 22 21 22 31
19 23 20 21 21 32
21 22 22 19 22 32
21 23 23 21 20 32
20 23 20 21 23 32
20 24 21 22 22 32
20 23 25 21 24 32
20 23 25 23 23 32
19 20 24 19 23 32
18 22 26 22 20 32
20 21 23 21 21 32
23 21 25 23 21 32
22 20 26 23 20 32
23 24 25 23 21 32
20 22 24 22 26 32
23 22 26 25 23 32
22 25 25 27 21 32
21 21 24 23 26 32
21 26 28 23 21 32
23 19 24 25 21 32
24 19 24 25 20 32
21 20 24 21 21 32
21 24 28 21 21 32
20 21 27 21 23 34
22 23 28 21 26 34
24 26 25 22 24 34
23 24 26 22 25 34
22 25 26 23 24 34
24 21 27 22 23 34
24 23 26 24 25 34
22 27 25 27 25 34
22 28 25 22 21 34
25 26 29 23 29 34
25 22 27 25 26 34
26 30 29 27 27 34
24 26 28 25 21 34
24 28 28 28 24 34
26 32 24 22 26 34
26 26 30 23 29 34
23 31 28 25 30 34
24 31 29 23 23 36
28 35 30 27 28 36
22 25 25 27 27 36
24 25 26 26 23 36
25 29 28 27 30 36
24 25 28 27 27 37
23 26 28 25 29 37
25 23 29 26 28 37
28 29 27 27 28 46
28 22 28 27 32 47
25 35 32 27 28 47
28 33 32 25 34 47
28 33 32 27 26 47
27 35 28 25 37 47
28 25 32 25 32 47
26 33 32 28 38 47
27 35 30 25 28 49
25 30 33 27 36 49
29 37 36 28 33 49
30 34 35 31 30 49
28 37 35 29 34 49
31 36 35 32 29 49
25 29 37 29 36 49
28 39 36 31 30 49
30 30 36 31 36 49
28 29 32 31 32 49
31 30 33 32 36 49
33 35 37 27 38 49
33 29 35 30 33 49
36 36 37 33 33 49
31 28 35 31 29 49
29 39 36 30 32 49
31 33 37 31 40 49
30 28 36 34 36 49
34 33 34 35 29 49
30 36 38 36 34 49
32 38 35 31 34 52
29 33 35 33 30 52
34 33 37 30 33 52
38 33 34 34 36 52
33 39 37 37 33 56
31 33 40 32 40 56
32 38 32 35 35 56
34 40 38 34 38 56
39 36 41 37 37 56
36 39 44 39 37 56
38 38 44 33 35 56
38 37 46 41 45 56
40 34 41 35 45 62
36 37 46 41 46 62
40 40 40 40 45 62
39 38 50 36 45 62
35 42 49 36 45 62
45 41 52 39 46 62
42 45 42 44 50 62
39 42 51 39 49 63
40 49 51 43 44 64
43 42 51 40 46 64
44 50 52 41 41 64
49 43 52 48 45 64
41 57 53 45 53 64
40 46 51 41 49 67
47 52 52 46 58 68
50 50 52 54 64 68
50 55 52 44 60 68
41 52 41 49 72 85
48 67 52 49 70 85
55 70 52 48 81 85
47 69 57 48 58 85
49 72 57 45 65 85
58 63 57 48 65 85
59 68 69 50 74 85
53 85 69 60 84 85
59 107 70 60 116 122
64 93 70 82 128 122
81 110 74 67 102 122
72 86 72 69 92 131
75 90 92 74 146 142
72 103 101 68 119 142
75 142 128 72 108 146
86 130 103 85 108 178
86 123 113 80 102 241
86 100 153 90 127 241
86 171 141 106 120 275
111 183 141 92 144 394
115 132 121 114 369 828
130 166 220 112 156 900
