RIndependent Gonzalez BaselineGreedy Bottleneck DeleteDynamic Dynamic
19877 1885 1798 14192 27 507
16856 2229 1675 20256 100 554
17867 2510 1667 20659 16 506
17889 2792 1812 31120 15 505
17446 1992 1836 14284 12 484
17650 2342 1705 20350 24 489
19322 2351 1672 19337 15 724
16247 2754 1625 19415 27 510
17423 2696 1771 22781 23 958
20610 3533 1757 20398 15 494
17073 2805 1845 19206 25 512
18502 3812 1662 20041 13 620
17030 2182 1653 18005 12 471
16082 1857 1638 18133 12 477
16691 1649 1526 17313 21 470
15676 1752 1534 13564 12 474
16174 1738 1579 13324 24 478
15856 2249 1588 17292 11 491
16764 1739 1686 13169 12 475
15621 1909 1594 18143 13 509
16182 2195 1581 17872 16 559
16657 2317 1603 16810 12 511
15382 2404 1597 18040 15 511
16240 2287 1569 17532 11 476
15903 1923 1568 13177 11 480
16884 2192 1656 17019 1283 483
15671 2220 1559 17670 19 500
16162 2041 1610 18339 30 527
17033 2464 1695 19137 14 490
17663 1955 1852 13188 81 497
15742 2595 1566 17698 13 495
15721 2131 1571 17238 12 501
16264 2247 1537 13050 12 500
15944 1916 1574 13652 51 496
16401 2081 1588 17031 15 526
16655 1985 1503 16749 29 529
16996 2640 1684 18046 29 500
15366 1787 1486 18033 23 544
15960 2272 1487 13114 15 496
16289 2038 1488 17756 11 507
16561 1694 1597 18629 667 530
16016 2535 1567 17535 15 501
16198 2143 1566 13012 33 505
16334 2182 1695 13017 20 507
15146 2256 1582 17366 40 554
15646 1929 1568 17303 28 505
15921 2362 1503 17762 20 614
16172 1885 1513 14166 17 525
15763 1862 1586 17819 15 556
16256 1741 1506 12884 23 547
15360 1858 1692 18111 33 576
16573 2242 1494 12851 21 518
16931 1742 1518 17737 12 522
15547 1943 1601 12790 11 517
16263 2592 1579 13343 12 566
16749 2875 1701 14373 29 555
17805 2696 1574 13437 12 525
19925 2909 1595 15808 44 531
17494 2542 1709 14031 14 552
15832 1999 1507 18433 26 534
16006 1976 1639 13136 12 524
16089 2209 1493 12840 11 561
15455 1731 1522 17903 177 528
16309 1918 1518 12981 12 532
17754 2354 1721 14901 12 618
17299 1801 1608 13997 27 556
15447 2727 1761 12724 12 550
16174 2488 1519 17236 11 536
15660 2388 1527 12966 18 531
17247 2260 1507 12900 17 575
13584 1917 1958 16543 54 598
18904 2580 1634 13927 14 591
17979 2524 1583 14031 15 588
18633 1862 1612 20071 95 1474
17663 2927 1610 15741 17 621
18100 2098 1480 13536 133 556
17798 2233 1529 18538 12 554
16892 1902 1494 18350 18 550
15634 2329 1493 17664 12 554
15746 2626 1479 12620 23 557
15828 2393 1485 13234 18 570
15887 2476 1577 17430 213 556
16245 1828 1480 12593 14 580
15651 1957 1498 13356 43 549
15694 2302 2324 12843 12 553
17204 2532 1524 18022 13 554
16884 2341 1533 13088 18 615
17060 2059 1556 18601 15 615
16760 2112 1519 19672 27 599
18359 2233 1605 13955 24 922
17707 1991 1631 15170 42 626
17634 2945 1634 13372 12 606
16880 2092 1581 14074 29 591
17114 2411 1491 17720 18 575
16389 2482 1560 13364 12 582
16094 2575 1600 12642 26 570
16150 2216 1519 12671 17 649
15959 1915 1461 19415 50 604
16525 3052 1721 14123 20 620
16831 2267 1582 14335 61 611
17545 2416 1771 18483 13 691
17185 3481 1500 14485 31 698
16509 2432 1578 12759 32 583
15728 1592 1514 12667 12 595
16276 2059 1552 12731 11 580
15638 2373 1470 12649 111 579
15082 2177 1475 12525 11 584
16187 2061 1456 13382 12 617
15690 2351 1452 17310 22 620
16065 2000 1455 12879 11 584
16614 2127 1554 13185 29 589
16361 2115 1467 13061 30 652
15976 2044 1534 13470 14 625
17861 2317 1735 14894 26 593
16725 1994 1611 13271 12 627
17254 1875 1469 13056 12 602
16783 1948 1568 17783 12 596
15560 2033 1504 12723 34 588
15479 2314 1441 12552 11 594
15729 2248 1548 13466 60 606
16274 2062 1510 16862 21 603
16224 1884 1421 12709 74 620
15850 2169 1522 15278 23 648
17174 2213 1499 13450 36 617
16368 2286 1405 13118 30 635
16866 1961 1439 12833 147 596
15509 1985 1464 12302 14 626
16226 1939 1402 12998 12 639
15914 2293 1360 12988 43 614
15861 1869 1409 12380 18 600
12610 1776 1354 12386 11 594
16340 1907 1358 12864 34 631
16283 2211 1348 12903 28 624
16784 1486 1492 16613 61 617
16465 2329 1510 12035 28 759
18217 2111 1461 15138 13 672
17753 2116 1619 18311 24 660
16541 2775 1493 13171 89 682
16364 2631 1485 13454 12 652
16928 2370 1400 12773 12 661
15374 2131 1386 12649 19 621
15628 2126 1472 13714 11 607
16738 2392 1382 12522 21 613
15780 1962 1393 13148 121 656
16079 2120 1896 12874 19 644
16894 1953 1398 13448 12 623
16129 2162 1369 12599 12 625
15556 2326 1381 13152 23 623
16417 1966 1375 12169 19 623
15877 1832 1402 17407 21 644
16151 2362 1375 12768 25 663
17210 2343 1396 12304 12 672
16807 1991 1338 13395 179 665
15614 2413 1425 12591 13 671
16403 2624 1511 12774 12 632
16200 1934 1338 13893 103 659
16396 2162 1487 12931 17 624
16185 1865 1383 13041 39 707
17333 2011 1333 12912 13 678
15672 2532 1423 12988 50 789
16886 2012 1433 14221 12 638
16282 1999 1375 13101 12 673
16335 2099 1490 13034 1889 651
12159 1633 1590 12677 47 648
16502 1645 1538 12819 15 629
15787 2190 1489 12252 25 635
16730 1732 1569 12470 13 772
16196 2054 1502 14898 29 638
15652 1910 1514 12815 16 674
12729 2163 1583 12667 61 663
15645 1815 1523 12177 11 653
16485 1639 1451 13683 12 644
15778 2121 1452 14037 12 658
16739 2188 1448 12735 37 637
15520 2020 1628 12736 22 656
16059 2033 1449 12140 12 823
16518 1951 1518 13105 18 651
12341 1830 1433 13277 29 658
12855 1577 1504 13429 22 727
13737 2069 1516 13626 12 773
12637 2637 1428 12336 12 675
13515 1850 1457 14809 12 661
17228 1710 1424 12903 13 729
16745 1519 1500 14288 13 660
15859 1737 1431 14542 73 653
16086 1965 1472 12192 17 648
12642 1797 1439 14314 61 659
15496 2734 1469 12962 133 670
12487 2032 1485 12656 185 654
17147 1933 1452 11913 12 658
15837 2199 1413 15172 52 728
12468 2333 1447 12687 11 656
12600 2123 1461 14351 26 676
15817 2185 1414 12794 206 727
15700 1928 1419 11944 40 700
15810 1913 1412 12148 181 655
12249 1900 1415 14022 14 662
12465 1829 1498 14216 52 655
16034 2269 1530 14605 27 699
12352 2032 1405 12399 38 665
