RIndependent Gonzalez BaselineGreedy Bottleneck Random Dynamic
10 11 12 11 15
11 11 12 13 15
11 10 12 13 15
11 12 11 11 15
12 11 11 11 15
11 11 12 11 15
11 11 12 11 15
11 10 10 11 15
11 11 11 11 15
11 11 12 11 15
11 12 12 10 15
11 11 11 11 15
11 12 12 11 15
10 12 12 11 15
10 11 12 11 15
11 10 12 11 15
11 10 12 11 15
11 11 11 11 15
12 12 11 11 15
11 10 11 11 15
10 12 12 11 15
11 11 11 11 15
11 11 12 13 15
11 11 12 11 15
11 11 12 11 15
11 13 12 11 15
11 10 12 11 15
11 11 12 11 15
11 11 12 11 15
11 10 12 13 15
10 12 11 13 15
10 10 11 11 15
11 12 12 11 15
10 10 12 11 15
11 10 12 11 15
11 12 12 11 15
11 11 12 11 15
10 11 11 11 15
11 11 12 11 15
11 12 11 11 15
10 12 12 13 15
11 10 11 11 15
11 11 12 11 15
11 12 12 13 15
10 10 11 11 15
11 11 12 11 15
10 12 12 13 15
11 11 12 11 15
11 11 12 12 15
11 10 11 13 15
