RIndependent Gonzalez BaselineGreedy Bottleneck Random Dynamic
33480 3771 3273 41611 26 105
31033 3553 2857 32881 29 1047
29382 3750 3110 30999 26 28
43792 4617 3288 30468 27 60
29056 3584 2887 34655 27 80
28398 4237 2883 29894 28 24
30725 4043 4105 38457 27 47
28673 3715 2887 36095 44 26
34815 4073 3124 33715 30 39
32531 3766 3434 32579 31 25
36151 4295 3980 34157 30 67
34000 3583 3161 34366 46 47
37291 4406 3300 93664 30 27
43382 3716 3299 47263 32 59
34991 4115 3166 42870 29 38
34002 5535 6110 55495 30 38
47806 5581 3475 43905 30 93
31232 5488 3079 38609 30 25
31534 6159 3195 31486 29 46
33181 6436 5307 38399 31 122
37815 7251 6239 39637 42 27
42061 5582 2905 51472 32 106
42856 3049 2913 31991 28 45
45980 5928 4180 55842 31 86
51732 4195 2989 32291 27 158
27620 3545 3424 34149 27 99
31168 6822 3591 34087 31 27
40070 4293 3858 36576 27 26
47014 4065 4340 42274 31 25
37648 4393 2990 36475 30 23
32856 3671 3024 38933 29 105
29258 3766 4523 52889 30 29
34448 3920 3901 35708 30 95
34500 4476 3227 34501 45 33
32566 6365 3214 34860 33 27
33404 3897 3225 33516 41 27
45105 4210 3637 36036 31 28
38270 3828 4003 35073 30 5081
35510 4376 3573 33983 29 47
32483 4891 3164 39384 46 44
36177 5074 5022 37350 30 55
41687 6584 3315 36074 52 228
28933 4205 3422 42110 28 26
39720 5081 4745 30492 29 82
37494 4490 3619 44904 30 66
34421 6418 3286 34523 29 41
38710 4489 2974 35541 28 78
29858 3792 4745 33026 27 53
33605 5147 3064 31956 31 56
28423 5488 4287 33100 49 63
31061 5000 5339 41183 29 156
40859 4249 2916 38557 28 23
35126 3049 2898 37582 26 37
28356 3176 2961 41320 87 41
34394 5453 3776 35526 28 58
39466 3784 2992 30155 27 43
28706 3597 3111 34183 29 27
28909 7148 5937 46357 30 64
34674 5253 5209 61841 31 38
36283 9960 3771 43042 30 39
35702 5944 6611 53708 43 2643
35325 6575 5424 85419 45 425
37373 4733 6085 45252 44 41
30636 4634 4443 49641 47 37
64887 16090 10542 56916 46 39
38318 3803 4686 52244 31 37
35978 4345 5841 40846 46 27
65480 7934 6448 65342 45 83
42611 4028 4150 54319 31 92
36137 5141 3867 51544 41 61
49181 5993 5046 39761 30 40
33843 7237 4285 37319 30 28
26831 4970 4431 32087 27 26
28962 4374 3732 31629 27 23
23551 3951 3851 32413 64 34
25435 3738 5096 31520 26 27
23109 3513 3538 32275 27 22
27239 3188 3836 44149 27 23
22877 3301 3583 31969 27 25
30322 3504 3733 38481 29 30
29882 3750 4559 37613 46 27
31129 4321 3862 37261 29 26
29210 4123 3967 40190 29 58
29118 5289 3867 37299 30 95
31797 6804 4928 47613 30 28
28601 4382 4265 38569 29 26
29365 3607 3973 41026 31 62
28308 5356 3923 31545 29 27
27427 4977 5313 47267 44 75
38684 3250 4095 41500 34 80
28068 3821 3943 34929 114 29
37851 4047 4516 37085 31 23
25340 4477 3962 35747 29 44
23787 3771 4103 38538 83 1178
31601 5259 3625 32869 27 22
26000 3562 3509 33093 27 21
26849 2654 3748 37425 27 27
26469 3562 3389 38859 30 25
25823 3434 3204 31987 27 45
26441 5587 4663 39650 28 41
25933 4674 3766 31135 27 148
27165 3990 3267 38677 27 71
26493 3482 3965 32306 27 98
26664 3589 3267 37677 48 76
25258 4264 3235 32120 27 23
26435 2878 3184 39456 30 26
47571 3786 3527 33218 27 103
31309 3993 3591 36631 29 322
26863 3809 3502 33322 29 25
30080 3871 3477 38129 45 238
41485 4354 3387 36093 46 45
31698 3922 3476 39713 31 25
31638 4167 3638 40150 44 59
35986 4670 5574 50560 43 209
34825 3808 4467 42348 30 126
38225 5581 5778 43229 30 43
35696 4091 3682 35737 30 25
31254 5764 3505 35076 30 46
28037 4531 4719 47214 27 43
34893 4523 3309 35472 34 276
29502 4109 3415 35600 27 29
39523 6245 3618 57509 44 1124
29887 3185 3041 31762 30 425
28456 3385 2951 31854 27 21
25983 2762 3267 31710 26 41
25695 4475 3065 36784 45 39
44592 4823 4665 43980 31 91
33354 5213 4581 45098 28 26
36219 3878 3082 42123 31 29
28556 2981 3817 40839 27 25
29043 5670 5034 36988 27 40
28725 3760 3447 38185 27 77
35450 3677 2920 34707 27 61
34238 4753 3334 43684 46 55
28155 3615 3056 37328 47 126
31114 3495 3382 38973 46 126
29755 4204 3029 34915 29 28
30397 7267 3357 63219 30 42
32692 4834 3023 38438 30 171
29406 4449 3006 34727 30 145
30442 4956 2982 36334 31 29
39636 6829 3128 39295 31 77
31432 4167 3140 35354 30 40
28629 5636 3390 37256 43 61
30499 4040 3157 35334 27 35
28730 3772 3119 53931 30 252
28675 4610 3303 43265 29 35
36820 4458 3262 38592 28 46
27089 3323 2742 32921 27 22
30682 4330 2706 31620 27 123
29213 3202 2721 32597 26 41
27356 7108 3128 35418 27 24
26251 5293 3958 35001 28 27
34084 4593 2749 49015 27 74
34565 2663 3277 43390 39 32
34011 7613 2596 37553 27 23
34907 3198 2571 39311 27 22
31744 3636 2601 37960 27 213
34194 5945 3796 33214 38 41
32508 4334 3441 52720 47 62
30296 5434 3217 35027 30 28
35086 6113 4002 41017 62 28
31823 4648 4287 34490 30 116
33448 4712 3102 37593 30 60
33715 3796 2976 50465 58 39
37784 4770 3455 37339 27 45
33058 5714 4004 34183 29 62
29659 4792 3915 44641 27 63
26953 8543 3308 34107 30 26
32530 5657 2905 36091 29 59
42899 6807 2643 40123 30 163
31501 3053 2575 35619 29 29
24961 3090 3446 33619 27 30
31278 3103 2795 34360 31 57
50695 4207 3506 37413 27 23
26849 3676 2656 31907 28 63
24780 3908 2977 41072 42 151
28091 3869 3099 35332 30 26
26532 2802 2614 31154 31 41
28139 3665 2794 31102 27 209
30802 5241 2623 34302 27 22
29260 2975 2612 31698 27 27
32577 3464 2769 31733 27 281
31811 3695 2599 34477 41 22
29011 3504 2600 31552 26 148
30607 3309 2562 39771 28 25
34424 4827 3965 40408 27 45
31262 5530 2993 36304 29 126
33385 7066 3304 36678 30 70
33558 3407 2857 32502 29 36
34615 4692 2844 36918 30 192
37549 2877 3111 38627 30 47
34374 4134 3945 29989 41 231
34121 4565 2933 40963 44 408
41784 5881 3382 36424 29 26
37464 4756 4380 44282 46 105
44281 6651 5869 69658 44 136
49384 5792 6138 44031 30 38
39754 7345 5441 39708 30 139
46792 6636 4601 40047 46 38
47044 5450 4157 45275 45 329
40357 3577 2877 42661 44 40
43391 10273 4006 46689 45 80
45313 5778 2958 30216 30 41
32908 4267 2851 35840 30 27
32572 4646 3703 37575 47 27
39356 4485 13863 47722 30 121
34520 5214 3594 35112 47 39
39689 5819 3540 42617 30 118
35017 5901 3966 29951 41 230
35181 4793 2557 38129 30 310
35810 5459 4235 39439 29 39
32488 4667 2982 39723 30 39
31416 3083 4496 38812 27 119
25819 3824 3604 45888 43 48
46071 4670 2906 36206 30 190
34695 6934 2848 33648 31 143
31642 3287 3112 32976 29 27
31763 5964 3319 33352 52 37
41591 6615 4199 37882 34 27
29823 3188 2988 34086 29 48
26650 6191 2528 28808 29 65
27336 4264 3082 34296 29 28
35009 3873 2488 39188 30 28
27879 7435 2978 39708 28 27
25658 3137 3347 37520 30 75
33505 4713 2528 35303 27 39
23984 3559 2471 26155 27 24
25034 3461 2983 33899 28 519
29192 4205 3039 33488 27 86
29143 2944 2972 27379 27 91
31252 5958 4944 35938 87 57
30666 5852 4365 37595 27 23
33400 3579 2849 36562 27 26
32473 2853 3006 33172 26 26
30543 4103 2866 36447 28 23
30077 4288 3412 36968 27 39
35713 3435 2899 36599 27 21
27325 3792 2838 39745 27 47
33239 3890 3296 31920 29 47
27670 3740 3126 29137 29 25
30453 3513 3090 39857 30 40
30954 4445 3248 31694 29 28
29005 3645 3007 33736 42 2298
35035 4311 3170 36821 27 27
33630 4048 3291 34242 29 103
29737 4942 3032 38824 29 102
26233 3024 3055 33976 29 27
28089 4231 3827 38447 47 682
43133 4616 3265 32106 27 27
30514 3638 2805 37563 32 83
29504 3948 3071 46152 43 60
29492 2891 2879 34484 29 38
26498 4280 2609 34062 29 42
30230 3036 2580 29133 26 38
27619 2840 2573 30416 28 38
26794 4605 2641 31465 27 135
40488 3523 4322 36353 59 125
32789 5910 3473 31022 27 102
35356 4706 2507 39836 27 59
33365 4036 2474 36583 27 51
36237 4702 2616 38453 31 46
31677 3918 2880 30314 27 37
28723 3901 2442 37139 27 25
29914 3721 3525 36820 27 25
35434 5498 3002 31724 27 50
26481 5895 2805 31045 46 58
23949 6145 3287 33455 30 65
39041 6538 3845 40462 30 26
30925 2816 2682 34273 30 53
29271 5228 2819 29330 29 84
32067 3883 2539 32437 41 90
27689 3384 3069 34330 29 95
30058 4598 2663 40002 29 55
33196 5371 2820 30303 33 283
29742 2922 2537 33134 33 27
29133 4749 2689 28707 30 73
34985 4607 2952 33455 30 70
29602 4037 2798 35493 29 61
26328 3424 2470 24783 31 26
24788 3583 2345 33910 45 27
30506 3649 2521 35631 29 25
27596 4124 2519 40106 28 236
36288 8509 2646 53398 31 54
28414 3656 2401 33065 31 89
28414 2551 2456 31916 30 211
29792 3084 2101 31099 30 46
32116 6720 6004 41428 27 38
24029 3006 2059 25663 27 22
27669 3946 2139 29945 28 23
26477 4884 2283 27593 29 43
25169 3319 2222 25283 27 77
22487 4031 2138 29976 27 24
30397 3859 2165 29860 27 33
24883 2521 3044 32766 27 289
29046 2843 2359 29842 27 24
24021 3151 2266 27557 26 98
21688 2664 2092 24360 27 64
23995 2756 2297 30993 29 28
23334 3076 2558 33503 27 82
