EStree IncrementalDynamicSSSP Dijkstra Dsource ScaledEStree
190 168974 37 272 401
22 8775 40 1 11
14 5946 40 1 11
16 5777 41 1 12
23 10288 42 1 13
27 13082 44 1 13
29 13328 44 1 14
30 14176 45 1 14
34 13704 46 1 15
14 29150 46 1 23
9 21450 45 1 8
11 4225 45 1 8
50 25229 46 1 91
11 6143 47 1 7
4 5214 47 1 4
5 3924 47 1 5
4 4916 50 1 131
3 3652 49 1 132
2 10269 49 1 130
3 13163 50 1 132
2 12120 53 1 133
90 13670 54 1 132
91 13234 54 1 139
102 12489 54 1 130
93 13318 58 1 135
106 14109 60 1 138
7 6874 61 1 35
4 4828 62 1 4
4 3678 62 1 4
3 3575 66 1 6
2 3466 62 1 5
3 3214 62 1 4
110 12839 64 1 182
111 13030 66 4 177
109 11474 66 61 182
113 11897 66 68 182
114 12558 66 80 180
114 11605 68 80 189
2 12625 67 10 28
4 9867 68 9 27
2 11454 69 11 24
10 11431 70 14 21
7 8071 71 11 20
8 8273 71 10 17
6 6841 71 8 17
3 5383 71 6 6
7 7145 72 11 15
5 6260 71 9 13
4 5904 72 9 11
4 6974 71 9 11
5 7389 72 12 9
2 5039 73 8 7
3 4293 73 7 5
2 3392 73 6 1
3 4204 73 7 5
10 12241 73 17 23
4 4879 72 8 7
2 3980 72 7 5
4 4407 73 7 34
3 3828 72 7 4
47 24221 74 11 81
46 29698 77 12 75
46 28726 75 13 73
44 24891 77 11 73
43 30175 76 15 70
42 30619 78 17 67
39 26168 82 12 65
39 29463 83 14 64
37 21699 83 12 62
37 26868 85 16 58
36 22697 85 13 58
35 28358 86 13 58
34 23046 86 11 58
33 26557 87 10 54
33 29652 95 17 55
32 31086 95 16 53
32 30393 93 15 52
32 25011 98 16 56
7 6594 101 8 11
33 27738 96 22 41
10 8459 100 13 12
7 7019 97 11 6
4 4406 101 9 5
23 18759 99 12 38
22 21227 98 9 35
21 17761 96 9 34
21 22338 117 14 42
24 21395 99 16 30
18 20209 100 15 28
2 5147 105 8 1
16 15400 101 11 26
15 14370 105 10 25
15 14155 102 9 24
15 14255 101 11 23
17 18567 103 16 22
13 16637 105 13 21
12 16701 105 11 20
12 16331 105 11 16
10 16586 105 18 16
9 11008 108 13 14
8 10828 107 15 12
7 9028 109 15 11
6 8506 108 14 10
5 7747 109 12 8
5 6958 108 12 6
3 1001 107 0 1
3 3413 108 7 1
4 952 109 1 2
3 613 110 1 2
3 865 108 1 6
3 807 110 1 2
4 6500 109 1 2
3 6828 113 9 5
3 2446 108 1 2
3 3689 111 1 2
4 2781 110 1 3
4 3546 110 0 9
4 2940 110 1 4
3 3275 110 0 19
4 3536 111 1 9
3 2311 111 1 5
3 3286 110 1 8
3 2384 111 0 5
4 2748 111 1 5
3 2432 111 1 4
3 3220 110 1 2
3 3262 111 1 2
3 2892 111 1 3
3 2396 112 1 2
3 5605 114 1 2
3 3366 111 1 2
3 3308 112 1 2
4 3081 117 0 1
3 3408 114 1 10
4 3317 114 1 8
3 2029 113 0 5
11 15378 116 17 10
4 2508 116 1 8
15 2710 115 1 5
61 2276 116 18 93
88 4813 107 197 106
3 2768 110 8 5
4 2001 108 8 8
9 9910 110 13 6
5 2869 109 9 12
4 6011 109 9 6
2 4654 110 8 4
3 2767 108 8 8
4 3949 109 8 5
8 10338 112 9 5
5 1864 112 8 10
3 3827 113 9 6
3 1840 117 8 5
6 1546 113 8 5
3 6776 115 8 4
4 1428 114 8 8
3 1919 118 8 5
4 1803 115 8 8
4 1793 113 8 6
3 4839 114 8 4
3 1873 114 8 8
3 1789 115 9 4
3 1723 115 8 5
3 1744 115 8 4
13 7525 118 10 16
3 5776 115 9 4
3 1857 115 8 5
3 3274 119 9 4
7 7862 118 11 9
6 5629 117 9 6
6 2258 116 10 9
3 4565 120 8 4
3 1928 117 8 4
2 5635 118 9 5
4 2251 116 8 6
5 2448 117 8 6
3 4912 117 8 4
5 2350 116 8 8
4 6989 115 9 6
3 5725 119 8 6
3 3509 118 9 4
4 3096 115 8 5
3 5490 119 9 4
5 6477 120 10 6
3 2358 119 8 4
5 2397 120 8 5
3 5770 121 8 4
3 3215 119 8 4
3 3168 121 8 4
3 3159 122 8 5
3 3044 122 8 4
4 2963 123 9 7
4 4381 122 9 5
3 5719 123 8 4
3 2775 122 8 4
4 3145 124 8 4
3 2780 121 8 4
5 3356 124 12 8
5 7173 123 11 6
6 7473 126 12 7
5 2786 123 10 8
3 7003 123 12 11
3 6058 124 10 5
5 4910 123 9 4
3 2291 126 8 8
4 2311 125 9 4
4 2806 123 9 4
4 2453 123 9 5
3 2395 128 8 5
4 2271 124 10 8
5 2788 124 9 11
4 5910 122 10 6
2 4928 125 9 4
3 2232 124 8 5
4 2325 125 9 4
3 2258 124 9 4
3 2313 125 9 8
3 2281 124 9 4
3 2359 124 9 4
3 2260 123 9 8
3 2260 124 9 7
4 2245 125 9 7
5 2774 125 10 10
3 5056 123 9 5
3 5040 125 9 4
3 2262 127 9 8
4 2291 126 9 5
2 5015 127 9 4
3 2386 127 13 4
4 2320 129 9 7
3 2334 133 9 4
4 2311 129 9 5
5 4925 128 9 6
3 4441 128 9 5
3 1032 127 1 7
3 3673 128 7 6
3 1390 129 1 3
4 1219 129 1 2
4 1218 128 1 5
4 1856 128 1 2
4 756 136 1 2
4 688 128 1 2
4 886 129 1 3
5 702 146 1 2
6 762 130 1 2
6 699 129 1 2
6 672 130 1 2
6 676 132 1 2
7 679 128 1 2
7 686 134 1 2
7 738 134 1 2
8 684 135 1 2
8 716 136 1 2
4 4536 137 8 5
9 1006 136 1 3
3 4396 138 8 5
9 770 141 1 2
9 743 137 1 2
10 736 137 1 2
9 658 136 0 1
10 748 140 1 2
30 756 139 1 83
4 734 138 1 2
4 740 137 1 2
2 646 136 0 1
3 1621 138 1 3
4 817 138 1 2
3 780 140 1 1
3 801 139 1 2
3 778 137 1 2
3 839 138 1 2
4 801 138 1 2
3 781 142 1 2
3 800 139 1 2
5 779 140 1 2
4 760 140 1 2
4 758 139 1 2
3 763 140 1 2
4 801 140 1 2
4 782 141 1 2
4 1287 141 2 4
5 1440 141 1 6
3 1396 142 1 7
4 850 141 1 2
3 769 144 1 2
4 824 141 1 2
4 833 142 1 1
3 2216 141 1 2
4 882 152 1 2
3 883 143 1 2
4 800 142 1 2
3 815 145 1 2
3 799 143 1 2
3 792 144 1 1
4 825 143 1 2
5 856 144 1 2
3 878 144 1 1
3 825 143 1 3
3 2448 144 1 4
3 911 145 1 2
4 917 149 1 2
2 1013 146 1 1
4 827 146 1 2
4 847 144 1 2
4 847 146 1 2
6 825 147 1 2
3 824 146 1 2
4 932 148 1 2
2 3366 147 1 4
4 1048 149 1 2
4 892 146 1 2
4 920 148 1 2
3 918 151 1 2
2 4937 153 10 5
3 1073 148 1 1
4 940 149 1 2
4 958 147 1 2
3 956 148 1 2
3 947 149 1 1
3 939 151 1 2
4 1187 149 1 2
4 958 150 1 2
4 930 152 1 2
4 932 148 1 2
4 934 148 1 2
3 975 151 1 2
15 957 151 1 2
3 919 151 1 2
3 986 151 1 2
4 945 151 1 2
4 1860 153 2 6
4 971 151 1 2
3 930 151 1 2
4 942 153 1 2
3 957 157 1 2
4 1036 155 1 1
3 950 156 1 2
3 990 154 1 2
4 965 154 1 1
4 943 155 1 2
6 950 155 1 2
3 971 155 1 1
3 688 154 1 2
3 1189 155 8 2
5 831 156 1 8
3 666 155 1 2
4 762 155 1 2
5 704 154 1 2
5 708 155 1 2
4 775 157 1 2
4 933 157 1 3
4 751 158 1 2
4 789 155 1 2
4 765 155 1 2
3 706 155 1 2
4 668 156 1 3
4 748 157 1 2
3 1264 157 8 2
4 780 157 1 2
3 1187 157 8 2
4 796 158 1 2
3 1830 158 1 5
4 1085 157 1 3
4 754 157 1 2
3 808 157 1 2
4 723 159 1 1
6 7866 161 14 7
4 872 158 1 2
4 909 159 1 2
11 878 164 1 3
75 994 161 26 113
5 871 159 1 3
4 782 159 1 2
4 794 160 1 2
4 781 163 1 2
4 881 160 1 2
4 829 159 1 2
4 885 162 1 2
4 858 162 1 2
4 906 159 1 2
4 898 160 1 2
4 909 165 1 2
4 809 159 1 2
4 852 163 1 2
3 976 161 1 2
4 795 161 1 7
4 1385 161 2 4
4 908 162 1 2
3 953 164 1 5
8 943 161 8 7
4 826 161 1 2
5 859 160 1 2
4 840 163 1 5
3 832 160 1 2
4 904 162 1 2
4 784 161 1 2
3 757 160 1 2
6 940 161 8 4
4 940 164 1 2
4 812 161 1 2
4 892 160 1 2
5 855 162 1 2
