RIndependent Gonzalez BaselineGreedy Bottleneck Dynamic FullyDynamic
4 4 4 5 4 4
3 4 4 5 4 4
4 5 4 3 4 4
4 5 4 3 4 4
4 5 4 3 4 4
4 5 4 5 4 4
4 6 4 3 4 4
4 4 4 5 4 4
4 5 4 5 4 4
3 6 4 5 4 4
4 5 4 5 4 4
4 5 4 4 4 4
4 5 4 3 4 4
4 5 4 3 4 4
3 6 4 5 4 4
4 5 4 3 4 4
4 4 4 5 4 4
4 5 4 3 4 4
4 6 4 5 4 4
3 4 4 5 4 4
4 5 4 5 4 4
4 6 4 5 4 4
4 6 4 3 4 4
4 5 4 5 4 4
4 5 4 4 4 4
4 5 4 5 4 4
4 4 4 5 4 4
4 5 4 5 4 4
4 5 4 3 4 4
4 5 4 5 4 4
3 6 4 3 4 4
3 6 4 4 4 4
4 5 4 5 4 4
4 6 4 5 4 4
3 5 4 5 5 4
4 5 4 5 5 4
3 5 4 5 5 4
4 4 4 3 5 4
4 7 4 5 5 4
4 6 4 5 5 4
4 5 4 5 5 4
3 6 4 3 5 4
4 6 4 5 5 4
4 5 4 5 5 4
4 6 4 5 5 4
3 5 4 5 5 4
4 5 4 5 5 4
4 5 4 5 5 4
4 5 4 4 5 4
4 6 4 5 5 4
4 6 4 5 5 4
4 4 4 5 5 4
4 5 4 5 5 4
3 6 4 5 5 4
4 5 4 5 5 4
4 7 4 5 5 4
4 5 4 5 5 4
4 4 4 5 5 4
4 6 4 5 5 4
4 5 4 5 5 4
4 5 4 5 5 4
4 6 4 5 5 4
4 7 4 5 5 4
4 5 4 5 5 4
4 5 4 5 5 4
4 4 4 5 5 4
4 4 4 5 5 4
4 6 4 5 5 4
4 4 4 5 5 4
4 5 4 5 5 4
3 5 4 5 5 4
4 5 4 5 5 4
4 4 4 5 5 4
5 6 4 5 5 4
4 5 4 3 5 4
4 5 4 5 5 4
3 6 4 5 5 4
4 5 4 5 5 4
4 6 4 5 5 4
4 5 4 5 5 4
4 5 4 5 5 4
4 6 4 5 5 4
4 5 4 5 5 4
4 6 4 5 5 4
4 5 4 5 5 4
4 5 4 5 5 4
4 5 4 5 5 4
4 6 4 5 5 4
4 5 4 5 5 4
4 6 4 5 5 4
4 7 4 5 5 4
4 6 4 5 5 4
4 6 4 5 5 4
4 7 4 5 5 5
4 5 5 5 5 5
4 4 4 5 5 4
4 5 4 5 5 4
4 4 4 5 5 4
4 6 4 5 5 4
4 5 5 5 5 5
5 6 4 5 5 5
4 6 5 5 5 5
4 4 4 4 5 5
4 6 4 4 5 5
4 6 4 5 5 5
4 6 5 5 5 5
4 6 4 5 5 5
4 7 4 5 5 5
4 6 5 5 5 5
4 5 4 5 5 5
4 5 5 5 5 5
4 5 5 4 5 5
5 5 5 5 5 5
3 6 5 5 5 5
4 6 5 5 5 5
4 7 4 5 5 5
4 6 4 5 5 5
4 5 4 5 5 5
4 6 4 5 5 5
4 6 4 5 5 5
4 5 5 5 5 5
4 6 5 5 5 5
5 7 4 5 5 5
4 5 5 4 5 5
4 7 5 4 5 5
4 6 5 5 5 5
5 4 5 5 5 5
4 5 5 5 5 5
5 6 5 5 5 5
4 4 5 5 5 5
4 7 4 5 5 5
4 6 5 5 5 5
4 5 5 5 5 5
4 6 5 5 5 5
4 6 4 5 5 5
4 6 5 5 5 5
4 5 4 5 5 5
4 6 5 5 5 5
4 6 5 5 5 5
4 5 5 5 5 5
4 6 5 5 6 5
4 5 5 5 6 5
4 6 4 5 6 5
4 5 5 5 6 5
5 5 5 5 6 5
4 7 5 5 6 5
5 7 5 5 6 5
4 6 4 5 6 5
4 6 5 5 6 5
5 5 5 5 6 5
5 7 5 5 6 5
5 7 5 5 6 5
4 6 5 5 6 5
4 6 5 5 6 5
4 6 4 5 6 5
5 6 5 5 6 5
5 7 5 5 6 5
4 6 5 5 6 5
4 7 5 5 6 5
4 5 5 5 6 5
4 7 5 5 6 5
4 7 5 5 6 5
5 6 5 5 6 5
4 7 5 5 6 5
5 7 5 5 6 5
4 7 5 5 6 5
5 6 5 5 6 5
4 5 5 5 6 5
5 5 5 5 7 5
4 6 5 5 7 5
5 8 5 5 6 5
5 7 5 5 6 5
4 8 4 5 6 5
5 8 5 5 6 5
5 7 5 5 6 5
5 7 5 5 6 5
4 8 6 5 6 5
5 8 4 4 6 5
5 7 5 5 6 5
5 8 5 5 6 5
5 7 5 5 6 5
5 7 5 5 6 5
5 8 5 5 6 5
5 7 5 5 6 5
5 6 5 5 6 5
5 8 5 5 6 5
5 8 6 5 6 5
5 7 5 7 6 5
4 8 5 5 6 5
5 6 5 5 6 5
5 7 5 5 6 5
5 6 5 5 6 5
5 7 5 5 6 5
5 8 4 5 6 5
5 6 5 5 6 5
5 7 5 5 6 5
5 7 5 5 6 5
5 6 6 5 6 5
5 7 5 5 6 5
5 7 6 5 6 5
5 7 5 5 6 5
5 7 5 5 6 5
5 7 5 5 6 5
5 8 5 6 7 5
5 6 5 5 7 5
5 7 5 5 7 5
4 8 5 5 7 5
6 8 5 5 7 5
5 7 5 5 7 5
5 7 5 5 7 5
5 7 5 5 7 5
5 9 4 5 7 5
5 7 5 6 7 5
5 9 5 5 7 5
5 7 5 5 7 5
5 9 6 5 7 5
5 8 6 7 7 6
5 9 6 7 7 6
5 9 6 5 7 6
6 10 6 7 7 6
5 6 6 5 7 6
6 9 5 7 7 6
5 9 6 7 7 6
7 10 6 5 7 6
6 8 6 7 7 6
6 9 5 7 7 6
7 8 6 5 7 6
5 10 6 7 7 6
6 9 5 7 7 6
6 11 6 7 7 6
5 7 6 5 7 7
6 10 6 7 7 7
6 8 6 7 7 7
5 10 7 7 7 7
6 9 7 7 7 7
5 9 7 5 7 7
6 9 7 7 7 7
6 10 7 6 7 7
7 10 6 7 7 7
5 9 6 7 7 7
7 10 7 7 7 7
6 7 7 7 7 7
6 8 7 7 7 7
6 9 7 7 7 7
6 9 6 5 7 7
7 8 7 7 7 7
7 10 7 6 7 7
6 10 7 7 7 7
5 10 7 7 7 7
7 8 6 7 7 7
6 9 7 6 7 7
7 6 7 7 7 7
7 9 6 7 7 7
6 9 8 7 7 7
6 8 7 6 7 7
6 10 7 7 7 8
6 8 7 7 7 8
6 8 7 7 7 8
6 9 8 7 7 8
6 10 7 6 7 8
6 9 8 7 7 8
7 8 7 7 7 8
6 8 6 7 7 8
7 7 7 7 7 8
6 9 7 7 7 8
6 10 7 7 9 8
6 11 7 7 9 7
6 12 8 7 9 7
6 11 8 7 9 7
7 11 8 7 9 8
7 12 6 7 9 8
6 11 8 7 9 8
7 10 8 7 9 8
8 12 7 7 9 8
7 10 7 7 9 8
8 12 8 9 9 8
8 13 8 7 9 8
7 11 7 7 11 9
8 11 8 9 11 9
7 17 9 7 12 9
9 11 9 9 12 9
8 13 8 9 12 10
9 10 8 7 12 10
8 10 10 9 14 10
8 10 9 9 14 10
8 8 9 9 14 10
9 16 10 9 14 10
10 17 10 9 14 9
8 13 9 9 14 10
8 11 10 10 14 10
11 18 9 10 14 10
10 15 10 11 14 10
10 15 10 9 14 10
9 16 9 9 14 11
9 12 11 13 14 11
9 18 11 9 14 11
11 13 9 11 14 11
11 20 11 9 14 11
11 20 12 11 16 11
12 20 12 12 16 13
10 18 12 13 16 12
13 16 13 13 16 13
12 21 14 12 20 15
11 20 14 12 20 15
15 39 12 13 31 13
12 26 14 13 31 16
